0 1
2 3
2 4
2 5
2 6
2 7
8 1
9 2
10 2
11 2
12 2
13 2
14 2
15 2
8 2
12 1
16 2
17 2
14 9
18 19
8 20
21 2
0 2
22 19
9 23
24 19
15 25
15 26
15 27
15 28
15 29
15 30
15 31
15 32
15 33
15 34
15 35
21 1
15 36
15 37
38 39
15 40
15 41
42 19
13 9
12 20
15 43
15 44
45 46
15 47
15 48
15 49
15 50
15 51
15 52
15 53
15 54
15 55
15 56
15 57
15 58
15 59
15 60
15 61
15 62
15 63
14 64
2 65
2 66
2 67
2 68
2 69
15 70
2 71
15 72
15 73
15 74
24 18
17 9
46 75
22 18
9 64
1 20
2 76
15 77
17 64
21 20
10 20
13 64
71 0
0 20
45 75
11 20
78 64
46 2
15 75
15 79
2 80
2 81
71 20
42 18
15 45
17 82
17 83
17 84
17 85
17 86
2 87
17 88
78 9
10 1
2 89
71 90
11 1
71 91
2 42
2 24
71 92
17 93
17 94
17 95
17 96
17 97
2 98
2 99
2 100
2 101
2 102
17 103
2 45
17 104
105 2
105 106
105 107
105 108
2 109
15 110
15 111
15 112
15 113
15 114
15 115
15 116
15 117
15 118
15 119
15 120
15 121
15 122
15 123
15 124
15 125
15 126
15 127
2 128
1 2
15 129
15 130
15 131
15 132
15 133
15 134
1 135
15 136
15 137
2 22
17 138
2 139
2 140
2 141
142 2
21 143
2 144
2 145
2 146
17 43
17 147
17 148
17 31
2 78
8 135
15 149
15 150
15 151
15 152
15 153
15 154
15 155
15 156
15 157
15 158
15 159
71 160
2 161
17 162
17 163
15 164
15 165
17 166
17 167
2 18
2 168
17 169
17 170
71 171
71 172
71 173
71 134
71 174
175 92
15 176
15 177
15 178
71 1
15 179
15 180
15 181
15 182
15 183
15 163
17 184
15 185
15 186
15 187
15 188
2 189
15 190
105 191
105 192
15 193
105 194
105 92
105 75
2 195
17 196
17 197
17 198
17 199
17 200
17 73
17 201
11 143
17 202
0 143
14 202
10 143
71 203
15 204
15 205
15 206
15 207
15 208
15 209
15 210
15 211
15 212
15 213
2 214
17 215
2 216
15 217
2 218
15 219
17 220
17 221
17 222
17 28
17 223
17 62
17 224
17 225
17 226
17 227
17 228
15 229
15 230
15 231
15 232
15 233
15 234
15 235
15 236
17 237
15 238
15 239
15 240
2 241
2 242
2 243
15 244
15 245
15 246
15 247
15 248
15 147
15 249
15 250
17 186
17 164
2 251
2 252
2 253
2 254
2 255
2 256
2 257
2 258
2 259
17 122
15 260
17 261
15 262
42 263
15 264
15 265
15 266
17 267
71 268
17 269
17 270
17 271
17 272
17 273
17 274
17 275
17 134
17 276
17 277
17 278
17 279
17 280
17 281
17 120
17 282
2 283
2 284
17 285
17 286
17 287
17 288
17 289
18 263
15 290
15 291
15 226
15 292
15 293
15 228
15 294
15 295
15 296
15 297
15 298
15 299
15 300
15 301
15 302
24 263
22 263
15 303
15 304
15 305
15 306
13 307
13 308
13 92
17 309
12 143
13 202
15 310
15 311
15 312
15 313
15 314
15 315
15 316
15 317
15 96
15 318
15 319
15 320
105 321
15 322
15 323
1 143
8 324
8 91
8 92
325 2
2 326
2 327
9 202
15 328
15 329
15 330
15 331
15 332
15 333
15 334
325 89
15 335
15 336
15 337
15 338
15 339
15 340
15 341
15 342
15 343
15 344
15 345
15 346
46 321
15 347
15 348
15 349
15 350
78 202
105 351
105 352
2 353
2 354
8 143
17 355
45 321
202 2
202 356
202 357
202 358
17 359
14 360
361 2
21 362
8 363
105 364
10 365
22 222
17 366
46 367
24 368
24 233
24 369
24 370
9 371
18 372
18 373
46 374
46 375
10 376
10 377
10 378
10 379
22 380
22 381
24 50
42 382
42 383
42 384
42 385
42 386
42 387
42 388
42 389
18 390
18 391
18 48
10 392
18 70
18 56
42 393
10 394
10 262
71 107
10 395
22 272
105 171
105 396
105 397
105 50
105 398
105 399
105 400
105 53
10 401
10 402
10 403
10 132
10 404
10 405
10 406
10 407
10 48
10 54
10 408
10 409
10 52
10 134
10 72
10 410
10 411
10 50
10 56
10 70
42 176
105 412
10 413
42 414
105 415
10 74
10 133
10 416
10 417
10 418
10 53
10 419
2 420
46 421
10 298
2 422
2 423
42 424
45 425
42 185
2 426
45 427
45 428
22 429
45 430
9 431
17 432
17 433
9 226
9 228
46 73
10 151
10 187
10 434
10 435
24 436
18 437
42 438
42 439
42 440
24 153
42 441
42 442
18 443
18 444
2 445
2 446
42 447
42 448
46 449
45 450
10 171
10 113
10 451
10 96
10 452
42 453
42 454
42 455
10 456
45 379
42 457
42 153
10 458
42 459
42 460
10 461
10 462
42 199
42 401
1 463
42 464
42 465
42 466
46 467
10 468
10 469
10 130
10 470
42 471
42 427
42 472
0 473
0 474
46 475
0 476
45 477
478 2
46 135
45 479
46 173
46 480
45 481
45 482
9 79
13 483
13 275
13 162
13 373
13 484
13 485
13 486
13 487
13 488
13 226
13 474
13 476
13 386
13 228
13 489
13 490
13 491
13 492
13 493
10 494
13 495
13 222
0 334
46 496
10 497
13 498
0 499
0 382
13 500
0 501
10 493
13 502
13 503
42 484
0 504
0 383
13 505
0 506
0 507
10 508
0 509
0 510
13 272
13 511
13 512
0 513
0 421
13 514
0 515
0 516
42 517
42 518
13 96
13 519
0 520
13 521
0 522
42 523
46 50
13 278
10 524
0 523
13 525
13 52
42 526
0 527
0 388
0 528
10 529
42 508
0 530
42 531
10 532
10 533
10 534
13 122
42 275
13 535
0 536
42 537
13 538
10 539
0 540
42 541
13 542
0 543
0 544
13 545
13 546
10 547
0 548
0 549
13 550
10 551
13 552
13 407
0 553
0 554
10 555
13 556
0 557
13 131
0 558
10 559
0 560
13 50
13 53
13 561
13 562
13 563
13 344
0 564
0 565
14 509
13 566
0 567
42 568
42 569
13 570
10 348
42 571
13 572
42 483
0 573
13 564
42 155
10 574
10 336
0 575
13 576
42 573
13 558
13 577
1 384
13 578
13 579
13 580
0 581
0 582
13 134
10 583
10 584
13 585
0 586
13 587
1 447
0 588
1 448
42 589
0 344
13 555
0 590
42 130
0 591
10 582
42 50
42 592
42 593
42 594
45 535
0 471
0 389
42 595
42 210
0 127
42 596
13 597
13 97
10 598
13 599
13 600
13 601
0 602
105 603
42 248
13 604
13 598
13 605
42 606
13 382
0 607
13 608
13 609
13 383
13 130
0 610
10 611
0 176
13 612
10 29
42 58
0 302
0 613
0 292
0 614
13 584
2 615
13 63
0 616
13 617
46 618
46 481
0 619
13 620
0 621
42 622
10 248
42 623
42 624
13 625
0 626
13 627
42 53
13 628
13 629
105 160
0 630
13 631
71 485
71 294
24 222
71 632
71 336
18 294
10 633
18 634
18 635
10 636
18 637
2 638
2 639
2 640
2 641
2 642
0 643
0 644
13 645
2 646
2 647
2 648
2 649
13 650
0 185
0 651
0 636
13 248
13 652
13 653
13 654
10 186
0 655
0 656
0 657
0 658
13 298
2 659
0 660
42 661
13 662
42 658
0 465
0 461
42 663
13 62
42 186
10 664
2 665
2 666
18 667
10 668
10 669
10 670
10 62
10 671
71 661
71 672
71 344
71 155
24 673
71 550
71 133
71 300
24 650
18 674
18 675
18 50
2 676
2 677
18 650
13 678
46 376
10 157
10 466
10 679
10 680
13 227
0 450
0 681
13 528
10 682
0 53
13 683
13 684
13 685
13 686
13 135
0 532
10 687
13 688
13 464
0 534
15 689
15 690
15 459
15 691
42 532
2 692
15 693
15 526
0 687
0 694
42 684
13 695
13 287
0 696
0 697
42 534
13 698
13 699
13 279
15 428
0 700
15 701
10 702
15 703
71 704
0 705
0 393
0 114
24 538
18 706
42 707
13 288
15 708
10 709
10 710
42 114
45 711
15 712
1 713
0 714
15 564
1 685
15 490
15 401
13 715
15 461
15 716
10 717
10 718
10 719
15 720
71 576
24 721
24 134
24 62
15 722
13 475
18 723
15 650
15 450
0 724
13 153
15 725
10 726
0 727
0 728
15 729
0 730
42 79
45 731
42 322
18 732
10 131
10 733
15 734
15 735
24 79
71 348
0 736
42 298
15 737
18 738
46 739
0 740
2 741
2 742
2 743
2 744
2 745
46 505
22 651
10 746
10 747
10 465
45 748
45 749
0 750
15 532
15 23
10 751
15 534
15 569
15 533
18 153
15 752
13 753
15 754
15 755
15 756
22 757
13 758
0 759
0 760
22 761
10 762
13 611
10 424
10 763
13 294
0 764
13 765
10 766
10 767
13 768
10 769
13 770
13 771
10 772
13 773
13 774
13 775
0 701
0 485
0 776
13 777
13 739
13 778
0 779
0 780
0 781
10 782
13 783
13 784
0 453
0 387
13 467
0 785
13 588
42 786
46 787
10 120
13 788
42 421
10 789
14 790
0 791
13 792
13 793
13 794
46 795
46 796
13 797
13 798
13 799
13 800
46 801
0 802
0 803
13 133
13 804
13 805
10 806
13 404
0 807
10 808
13 181
10 805
13 132
0 298
10 809
13 810
0 157
0 811
0 812
13 813
13 814
22 815
0 816
13 817
42 73
42 645
13 410
45 818
22 819
0 820
13 821
0 822
0 823
10 824
22 431
13 825
42 826
13 827
13 120
46 828
13 829
13 830
0 831
13 384
13 239
10 386
13 48
13 832
10 833
10 834
13 504
14 700
10 835
13 836
0 837
13 838
13 839
13 791
9 493
13 377
42 487
10 114
10 840
1 841
0 842
0 843
13 844
0 703
0 384
10 845
0 846
0 115
0 546
0 847
0 848
1 523
10 849
45 850
42 493
42 449
22 851
10 852
0 853
0 854
13 855
0 262
10 856
10 152
13 857
42 858
13 859
1 860
13 861
10 862
0 863
45 864
10 449
10 865
45 866
10 867
10 868
2 869
13 870
42 147
10 871
13 670
2 872
0 792
13 427
10 873
0 874
0 386
10 566
10 570
10 661
13 875
2 876
10 877
42 878
2 879
13 880
0 881
13 882
10 883
2 884
12 108
13 885
13 674
0 886
13 887
0 26
42 550
24 293
0 447
0 448
24 888
13 157
22 889
10 890
13 675
24 96
18 891
24 892
0 246
18 893
0 407
42 230
0 894
0 483
0 895
0 829
42 896
42 897
42 898
42 232
42 899
0 900
13 901
8 902
8 483
8 489
8 903
8 226
13 904
71 905
13 465
8 228
8 906
8 907
13 54
13 908
13 909
10 344
13 910
10 58
10 911
8 912
42 224
13 913
13 466
24 395
13 292
0 914
0 915
0 275
13 56
0 916
13 917
8 868
18 918
8 164
8 919
8 920
8 921
0 922
46 690
10 923
8 924
8 379
0 178
46 925
0 132
8 926
13 927
8 928
0 929
8 930
42 473
8 931
0 855
13 932
8 933
42 247
8 934
8 204
8 935
8 936
8 937
10 938
13 939
8 940
8 941
0 942
18 52
8 943
8 505
9 73
0 336
9 650
9 203
0 52
24 944
10 945
9 946
13 947
42 871
8 948
42 847
13 949
8 339
0 48
8 950
0 951
0 952
0 54
8 953
13 700
0 954
13 955
9 956
42 957
42 62
14 958
13 959
18 960
0 56
10 918
13 220
13 961
0 962
10 963
13 964
42 923
13 965
8 966
0 967
24 968
0 348
13 114
8 969
22 227
42 970
13 971
0 972
2 973
10 974
13 975
0 976
13 509
13 977
10 521
12 978
2 979
10 980
2 981
2 982
2 983
2 984
10 122
2 985
8 986
8 987
8 988
8 989
8 990
8 991
8 992
8 993
9 114
46 994
8 995
8 996
10 997
46 998
2 999
12 371
8 1000
8 1001
8 911
8 52
13 1002
13 1003
8 600
42 1004
8 804
8 1005
8 1006
10 1007
13 1008
13 376
8 1009
8 965
13 1010
2 1011
42 1012
8 248
8 1013
8 916
10 1014
42 1015
13 1016
11 483
8 1017
0 654
8 1018
10 1019
13 1020
8 539
8 1021
0 538
8 298
8 62
8 1022
8 1023
13 1024
10 1025
13 70
12 1026
2 1027
8 229
0 1028
42 127
8 1029
13 1030
0 131
0 260
13 782
8 1031
10 1032
8 1033
8 669
8 1034
13 1035
8 1036
10 1037
10 1038
0 134
8 500
10 1039
8 658
8 786
13 1040
13 1041
8 230
2 1042
2 1043
10 596
13 1044
13 1045
13 1046
8 1047
8 1048
0 1049
13 1050
13 1051
8 1052
2 1053
13 767
13 1054
13 1055
0 72
0 1056
0 1057
13 1058
13 461
0 1059
42 1060
13 1061
0 468
10 454
0 809
13 293
0 1062
8 470
0 1063
0 596
8 1064
8 231
13 1065
13 147
10 1066
8 1067
0 1068
2 1069
13 1070
0 220
13 28
0 664
0 597
2 1071
2 1072
0 686
0 1073
13 1074
0 1075
0 217
10 1063
13 1076
10 1077
8 232
0 187
0 130
42 570
10 1078
8 1079
13 1080
13 1081
8 247
13 1082
0 1083
10 1084
9 63
13 185
15 829
2 1085
2 1086
10 1087
13 1088
10 624
10 238
2 1089
2 1090
13 1091
0 650
0 1092
2 1093
9 92
0 1094
0 1095
10 946
0 521
9 1096
0 1097
8 1098
13 1099
9 107
9 108
42 1100
8 611
0 229
13 1101
105 443
0 133
0 1102
0 459
10 1103
13 1104
13 73
0 1105
8 485
0 1106
0 62
13 1107
0 460
13 379
2 1108
8 58
11 509
0 50
2 1109
0 500
2 1110
9 1111
8 492
2 1112
2 1113
2 1114
2 1115
42 373
0 1116
42 163
2 1117
2 1118
10 41
10 1119
13 1120
13 152
0 782
2 1121
13 155
15 855
10 111
0 1122
78 483
21 384
0 1066
42 111
78 474
78 476
2 1123
0 508
13 1124
2 1125
0 1126
13 1127
10 35
10 785
2 1128
10 37
13 328
13 233
18 1129
13 1130
24 1024
10 32
24 1131
10 1132
13 1133
18 923
18 1134
13 1135
18 1136
13 1137
0 1138
42 266
0 550
8 572
8 1139
18 1140
10 492
2 229
14 17
2 1141
8 467
8 1142
13 1143
10 1144
8 1145
0 1146
17 965
8 1147
13 296
42 539
10 1148
0 1149
10 153
0 401
8 1150
8 1151
8 767
8 1152
8 1153
8 1154
8 670
8 1155
12 483
42 846
13 1156
2 1157
8 1158
0 466
13 1159
10 1160
2 1161
8 1162
8 1163
8 111
10 1164
13 413
8 1165
8 1166
10 118
8 1167
13 532
8 1168
0 248
8 1066
13 1169
0 70
10 116
8 1170
8 1171
0 1172
10 1173
2 1174
13 534
8 1175
13 533
10 303
13 74
0 391
11 1176
42 907
0 406
13 470
13 658
8 661
13 58
10 137
8 130
8 672
8 185
10 119
10 1177
13 693
13 899
13 1178
13 1179
10 729
46 124
13 1180
13 1181
0 1182
8 1183
8 396
8 1184
8 1185
8 1186
2 1187
8 466
8 1188
10 125
13 17
13 1189
8 79
13 1190
13 661
13 954
13 199
10 1191
0 1192
0 74
46 1193
13 1194
2 474
0 726
8 1195
45 1196
8 1197
46 130
0 1198
15 1199
15 782
45 1200
10 1201
42 1001
13 1202
0 1203
42 1204
8 266
15 1205
13 1206
2 1207
0 1208
22 1076
22 1209
22 1210
22 1211
22 1212
22 1213
42 1214
8 114
42 260
15 1215
15 1216
2 1217
2 1218
0 1219
0 366
15 1220
8 1221
45 473
13 1222
13 1223
45 1224
13 34
42 240
21 532
21 907
0 443
21 534
21 515
46 1225
9 28
22 611
9 986
13 1226
13 1227
15 369
15 1228
10 1229
11 829
10 1230
10 1231
42 842
8 726
8 1232
21 447
21 448
78 513
1 1233
1 1234
105 1235
105 1236
12 700
8 547
8 551
8 1237
11 855
13 1149
13 1238
13 1239
8 151
8 377
13 1240
10 1241
13 1242
13 1243
13 1244
13 1245
0 1246
0 490
22 670
42 269
78 1247
13 1248
1 1249
1 1250
0 1251
0 1243
0 793
13 708
42 120
12 294
0 1252
71 976
13 1253
0 525
42 535
0 669
8 401
8 1254
11 1255
11 1256
9 424
10 606
10 1257
10 1258
13 1259
0 397
13 95
15 1260
13 1261
0 561
15 1262
0 1263
0 566
0 1264
42 299
42 133
42 300
12 1265
13 1266
8 829
10 1267
45 77
18 1268
18 134
0 1269
2 1270
8 855
10 1240
13 1271
13 25
13 877
13 1272
8 410
8 1273
8 163
13 176
0 1274
13 1275
0 789
0 683
10 658
10 1276
13 1277
13 396
13 1078
10 443
42 843
42 1278
13 1279
0 481
45 562
0 1280
0 798
42 546
42 888
42 1281
0 1166
42 1282
42 1283
11 782
42 1284
0 739
13 1285
13 1286
13 151
2 1287
13 1209
13 196
13 1288
9 790
0 827
10 474
10 1289
10 1290
10 476
13 1291
0 1292
0 1293
10 1294
13 1295
8 1177
8 1296
10 1297
13 1298
13 1299
42 1300
13 1301
8 382
0 828
15 1302
8 383
42 344
0 1303
1 1304
42 1304
8 1305
13 1306
13 401
78 1105
78 510
0 410
46 1033
13 1307
13 1308
13 1309
42 281
13 1310
13 1311
13 865
13 846
8 833
8 834
8 835
0 584
13 40
0 1248
8 431
8 275
8 487
0 629
8 1312
0 628
45 1313
13 1314
0 1315
8 1316
0 1317
8 378
8 54
8 693
0 402
0 1318
13 163
15 1319
0 1320
10 1321
13 1303
13 1322
13 711
0 1323
0 230
18 1324
13 1325
42 1326
0 755
13 299
105 1327
0 896
10 614
13 1328
13 1329
8 1330
10 1318
13 1331
8 1332
0 1244
13 171
8 199
13 300
13 551
8 96
42 564
10 1333
2 1334
2 1335
8 56
13 108
10 1336
18 700
0 232
13 1337
8 48
2 1338
13 903
0 625
13 1339
8 782
13 1340
13 1341
8 1342
13 1343
2 1344
13 1345
10 1346
0 917
8 1347
9 60
8 1348
0 622
8 70
0 247
13 1349
0 1350
13 1351
11 52
11 130
0 322
11 50
8 1024
0 1299
42 1352
13 1353
42 1354
0 577
13 1355
105 437
8 1356
0 679
13 809
10 847
46 115
13 173
13 1357
9 1358
13 1359
0 58
13 992
2 1360
0 1361
0 1362
0 1363
10 1364
13 1365
22 1366
13 1367
0 627
0 1368
13 416
13 1369
0 1370
10 1371
10 1372
0 1373
8 72
13 187
13 1374
13 1232
13 1375
10 1376
13 1377
0 1378
13 435
0 1247
42 1372
8 406
8 134
24 185
13 1379
13 1380
13 1009
0 1381
10 1382
45 1252
8 336
10 1383
2 1384
2 1385
0 674
0 675
42 845
13 399
13 1386
0 1387
13 1388
2 1389
0 1390
13 1391
45 829
10 1392
13 1393
0 611
0 489
0 1394
2 1395
10 1396
10 1397
2 1398
0 1399
15 1400
42 551
0 1401
2 1402
13 1403
2 1404
8 1405
2 1406
13 1407
13 1408
10 1203
10 1409
13 1293
10 1410
2 1411
45 855
2 1412
13 736
13 1413
13 842
10 1414
42 1415
0 1416
105 1417
15 1418
13 1419
0 475
0 63
13 1420
13 269
13 1421
13 1422
0 709
0 1423
8 1226
10 450
0 670
0 79
10 1424
11 474
11 476
13 1425
10 1417
15 825
8 269
46 1426
8 474
0 1427
8 388
13 1428
13 547
8 650
8 476
10 1428
8 1429
15 1424
15 1430
13 1431
13 1424
8 53
0 1432
0 1374
13 1433
8 225
11 1434
11 1435
13 1436
13 1437
13 194
10 1438
10 1439
11 1440
0 1278
22 293
0 1441
22 1442
8 1443
13 1444
10 500
10 1445
8 685
46 1446
22 378
0 266
10 1421
8 1295
8 1431
42 726
0 431
10 1447
8 1448
13 868
45 48
45 54
45 56
10 531
13 1449
13 1450
13 443
13 1451
0 1078
10 1452
0 1431
18 454
13 1453
13 539
42 229
10 487
0 1454
11 392
8 502
78 1455
8 23
0 1456
1 1457
78 588
78 1458
78 1459
13 1446
13 1443
0 1460
22 157
11 1461
42 1462
22 466
22 679
45 407
13 1463
45 131
45 1464
45 194
42 1465
10 1350
10 1427
0 1436
10 853
78 1466
11 406
78 504
11 54
11 56
13 1467
13 1468
78 791
13 398
42 1469
13 1235
45 782
13 997
0 931
0 1470
13 1236
13 1471
13 1472
42 547
0 1473
10 600
0 1474
10 1446
13 1475
78 1476
8 837
8 77
8 348
8 376
13 1477
13 1478
8 1479
8 573
10 1464
45 828
24 421
13 1480
13 1481
13 1482
13 1483
42 785
13 1484
13 808
0 73
13 1485
13 1486
0 661
13 1487
0 1488
8 792
0 1437
8 923
0 1489
0 1490
0 1491
0 1421
8 1130
0 1492
8 1104
13 1493
10 1494
0 1311
8 877
13 1495
10 1496
12 674
12 675
24 155
0 1497
13 1498
18 344
10 693
13 1499
13 1500
13 1501
10 1502
0 1503
42 1504
13 1505
46 1506
0 960
13 1427
10 1507
45 538
8 393
22 1508
22 463
13 1509
2 1510
13 1511
13 1512
13 1106
13 960
13 1513
13 1514
13 456
42 679
0 535
46 298
42 1515
22 502
10 1516
10 1517
10 97
0 1518
13 1519
0 43
11 510
45 597
45 130
45 1520
45 1521
45 62
45 620
11 1105
13 282
13 1522
1523 2
0 1524
13 1525
0 376
0 883
13 1526
22 683
0 1527
0 1528
0 1529
13 434
105 1278
78 714
13 303
8 1530
13 1531
78 863
0 1532
42 509
13 111
0 170
13 1533
10 1534
0 1535
0 1536
0 1537
13 433
0 1424
13 1538
24 389
13 980
13 1539
10 1540
8 1541
13 1542
8 528
22 577
13 1543
10 1544
13 1545
15 899
13 1546
8 1476
13 60
0 1547
8 414
8 389
8 623
10 1527
13 1548
8 507
13 1549
42 1550
22 628
10 485
22 629
22 625
0 1551
22 627
13 1552
10 421
8 548
13 1553
46 1554
13 1555
0 1502
13 366
13 1556
8 1557
13 1558
8 153
13 724
13 1559
13 281
13 755
13 1560
13 1561
13 619
13 88
0 1562
42 1265
8 626
10 127
42 575
8 1563
8 853
8 1564
0 1565
78 533
10 1146
42 1566
13 1567
0 849
105 700
0 1568
42 500
0 31
42 1569
8 1164
18 298
18 58
18 130
13 543
8 281
13 1570
42 1571
8 1572
13 1573
10 855
8 1574
13 1575
0 1576
0 718
0 1577
42 1364
105 1494
0 1578
13 1579
21 1580
21 1581
8 1582
13 1583
42 1584
8 303
2 1585
10 77
10 1291
10 484
10 1586
10 73
10 924
8 1587
13 569
0 484
13 1588
42 853
10 1589
13 1182
8 1590
42 1591
13 1592
45 1593
10 510
10 1594
13 1595
13 104
13 1596
8 1597
13 1598
13 1599
13 672
13 1600
10 1601
13 1602
105 905
0 574
8 1240
45 539
8 1551
8 1603
0 583
8 1604
10 1605
8 683
0 1606
10 1607
13 439
0 1608
0 1609
10 1075
8 846
0 155
13 1610
0 1241
13 1611
13 1612
13 1613
42 1614
8 1615
0 1616
0 413
13 1617
0 970
13 1618
0 1495
0 1004
13 1619
13 1620
13 1621
13 1622
0 1012
42 697
11 382
13 1623
11 383
13 1624
18 1625
8 157
13 1626
13 1208
13 1627
8 471
8 465
8 1628
0 1629
0 1630
0 594
13 1631
0 1632
13 1633
8 1634
13 1635
0 409
13 1636
8 1132
1 1637
10 427
21 1638
78 895
13 119
8 1639
78 1640
13 1641
13 1642
0 151
8 1238
45 558
2 1643
13 1644
45 564
10 1645
8 521
8 619
13 914
8 1229
45 135
13 1646
11 1647
8 577
2 1648
13 1649
13 1165
13 1650
13 1651
8 1220
0 1652
0 1653
13 1654
105 1655
42 1656
10 1657
0 1658
13 1659
13 1660
42 1661
8 1299
8 1298
24 1076
14 1662
18 502
0 902
0 1101
21 531
13 260
0 903
0 893
0 1663
10 530
13 1605
13 1664
13 1665
13 1666
8 509
10 684
13 1667
24 1668
71 911
0 684
24 658
17 1669
18 60
10 804
14 1255
14 1256
10 1670
18 1671
8 1672
22 97
18 1436
13 1673
0 992
10 1674
24 1255
24 1256
24 130
10 674
10 1675
0 1676
13 184
42 521
46 217
10 1677
24 1678
10 1679
10 1680
42 1681
10 1682
13 1683
13 1684
42 1685
0 911
10 846
10 1686
8 155
42 1687
13 1688
8 842
0 1689
42 789
8 1690
0 1691
10 1692
8 1693
10 1694
17 1695
10 1696
13 1697
13 1698
22 1564
10 155
13 1699
13 1700
13 1701
10 714
17 1702
0 1682
13 748
10 686
10 185
0 1703
13 1704
13 1705
42 1706
11 1591
13 1707
42 1655
0 1223
42 675
42 134
2 1708
13 1709
10 1710
0 1711
10 1712
13 1713
17 868
10 1024
10 1714
10 121
10 176
8 1715
13 1716
15 903
22 114
10 1473
13 1717
13 1718
8 344
78 515
13 1719
13 1720
13 1721
0 1414
42 916
10 1722
17 1103
13 1723
17 1122
13 1724
42 1246
15 992
0 1201
42 588
42 1251
0 464
13 1725
10 1726
0 1727
10 1728
42 798
13 1729
2 1730
0 1405
14 114
24 1731
42 1252
2 1732
42 1733
13 1734
13 1735
13 1736
14 1737
24 1738
13 1739
10 1740
17 1741
13 1742
13 1743
10 1744
13 1173
2 1745
13 1746
13 1741
13 1747
13 1748
13 264
0 1749
13 1750
13 1751
13 1752
17 492
10 1753
13 1105
0 1327
13 1754
13 1755
0 378
17 1173
2 1756
2 1757
2 1758
18 269
2 1759
0 1760
2 1761
10 1311
0 469
13 1762
42 782
8 889
17 755
10 842
0 396
0 1763
13 1764
13 480
13 1765
10 1766
13 1767
0 1768
13 1769
10 1770
0 1771
10 1772
42 1773
0 1774
13 1775
13 1776
13 1777
8 1778
1779 8
10 1780
8 286
45 382
45 383
8 1781
8 285
13 1782
42 553
13 1783
13 893
0 1784
8 1785
13 1786
13 1787
13 1788
0 1428
8 1789
10 1475
42 1790
15 1444
10 1791
10 1792
10 1246
15 816
15 1436
10 1430
10 588
10 1251
8 1793
10 793
10 739
0 1794
10 486
42 1795
13 1796
22 312
13 1364
22 1797
13 1798
2 1799
2 1800
13 1801
10 1802
13 1803
13 1430
13 1804
0 1007
0 1805
13 1806
13 1464
8 858
8 435
10 1807
13 1808
13 1809
13 1628
13 1810
46 262
8 878
13 1811
42 1812
42 1813
0 1814
46 1427
8 1815
10 1816
10 1548
10 1701
78 1817
42 653
13 137
0 1818
22 53
22 50
13 1819
0 1820
10 439
0 1821
78 1822
0 173
13 1823
13 789
0 1824
14 833
14 834
14 835
13 116
0 1806
46 1825
105 1476
8 700
13 1826
13 1822
13 1827
13 1203
13 450
13 1828
13 1829
0 1830
0 624
0 1831
13 79
8 1832
13 1833
0 1834
8 544
13 1835
8 1836
0 1837
18 281
13 1838
42 1839
13 1840
13 1841
0 804
13 1842
11 661
11 1487
11 155
11 164
8 1100
13 1843
13 1844
45 79
10 653
10 650
11 1845
46 1846
42 132
42 407
105 1847
13 1848
1849 13
8 1850
8 1517
22 134
9 483
13 911
18 1475
71 278
42 475
71 287
13 110
42 686
71 279
15 1851
15 1852
15 608
15 1853
15 1442
15 1214
71 288
13 1854
13 1855
1 1352
1 133
1 74
13 845
18 1856
15 1857
15 1858
15 199
15 1859
15 1860
22 285
18 1861
18 1862
18 1863
18 517
22 286
45 464
46 384
45 685
45 373
45 1864
11 672
105 683
1 1865
78 1866
9 645
78 800
105 577
13 127
0 1867
78 1868
105 1869
8 224
13 1870
9 217
0 1475
13 1871
105 628
105 625
1 414
78 344
1 389
105 629
105 1298
10 1503
22 291
22 1669
71 1562
18 1872
11 1873
22 1228
10 502
10 275
11 990
22 534
22 532
0 689
22 515
22 1142
11 995
2 1874
2 1875
14 1876
21 1877
78 1878
1 1879
11 655
18 1880
13 1881
2 1882
2 1883
2 1884
21 1885
14 1886
14 1887
14 1888
14 1889
42 431
14 1890
11 675
21 1891
18 122
45 792
105 386
13 582
105 889
18 1494
22 523
14 1892
21 1893
22 1894
21 1895
42 868
1 344
22 650
22 155
22 1896
22 1897
22 1898
22 1899
24 1900
24 239
12 431
24 431
0 1901
8 131
8 132
8 1902
8 596
42 1903
71 62
71 224
22 1904
14 1009
14 658
24 133
14 1905
18 582
24 674
24 675
18 1906
18 248
0 1907
105 391
45 261
45 134
17 424
17 380
46 382
46 383
22 278
17 1870
45 1908
22 287
22 279
17 1530
17 1871
22 288
11 449
45 52
45 355
21 1909
21 1910
17 1911
17 389
11 1291
22 1912
22 1913
42 739
18 115
78 854
14 493
13 1562
0 1914
24 1518
8 689
8 459
8 1915
8 1916
9 127
45 651
78 1562
46 1917
24 1918
14 1210
14 1919
14 1920
14 1894
105 485
8 624
13 1921
17 570
11 1922
24 1923
24 690
46 493
0 1924
17 1881
0 1902
0 1925
1926 9
42 1927
9 286
13 1928
9 285
13 1014
14 725
14 124
22 1929
42 1930
42 1931
13 1932
38 2
38 371
11 515
10 654
12 114
9 661
9 1546
9 155
10 1296
8 508
11 664
11 1075
78 1690
71 897
71 898
10 1933
10 1934
10 373
18 1935
105 489
11 1175
71 871
71 957
71 1427
13 918
24 1806
11 186
18 911
105 1936
46 1937
78 654
2 1938
9 1861
46 447
46 448
21 1939
46 285
21 1940
46 286
8 1105
11 533
18 1941
13 1942
12 569
18 164
13 454
15 386
15 1943
8 1944
45 1945
15 1946
15 1363
13 907
46 1947
46 1948
24 1949
15 1372
8 1427
105 1009
105 1437
24 1430
11 1014
11 1763
0 77
45 1950
45 1951
15 1527
15 1952
15 1428
11 134
0 502
11 1905
105 1953
0 1238
46 1954
21 1955
105 1956
10 512
105 220
105 1957
17 176
22 163
2 1958
8 534
8 532
8 515
18 878
14 431
13 923
1959 2
24 1960
0 1961
12 1670
24 1962
18 1963
18 899
18 658
18 1964
18 1443
24 1399
24 1426
18 1437
18 1806
46 1431
45 1920
10 1101
0 787
0 795
0 796
42 618
42 481
42 291
42 1965
9 1966
9 1923
13 394
11 114
46 1967
45 725
45 1968
9 1969
46 1970
13 1971
24 1241
0 1690
0 1972
0 1973
8 1974
42 1975
2 1976
2 1977
11 469
11 1978
0 801
10 798
0 1979
10 1980
10 1981
24 157
24 1982
24 461
8 1973
18 1562
11 650
17 1983
18 858
0 519
78 77
0 1984
0 1985
14 1518
24 1517
18 1100
18 464
21 508
22 147
0 1986
11 404
45 153
10 217
13 537
13 1136
13 1615
13 1134
13 291
71 674
71 675
22 1987
2 1988
2 1989
2 1990
22 62
46 229
9 675
0 1991
105 384
46 1870
46 1992
46 1993
0 1994
9 1995
21 1996
46 344
21 1997
46 1998
9 672
14 303
8 122
22 73
46 114
46 1999
46 2000
46 2001
46 2002
9 1933
46 2003
9 58
8 769
9 193
12 2004
11 1476
0 2005
24 1966
46 127
24 2006
24 2007
105 2008
18 1971
22 653
46 220
46 2009
45 2010
22 2011
46 550
78 531
78 2012
46 443
46 2013
18 2014
42 1616
42 1794
46 260
18 1201
45 449
45 1852
45 2015
10 1676
13 1563
10 483
0 541
10 2016
42 2017
42 772
13 1541
10 1609
0 2018
13 2019
13 2020
8 2021
0 2022
42 1476
22 792
11 502
13 2023
13 2024
9 2025
14 1591
10 2026
10 1790
10 2027
8 1806
9 2028
9 2029
105 1382
45 386
45 2030
11 2031
78 530
24 2032
71 2004
24 2033
105 931
18 230
24 2034
18 896
9 185
24 73
24 1291
18 2035
18 1783
18 1428
18 247
46 551
46 547
13 2036
0 1232
42 23
22 1702
45 2037
22 194
21 920
11 2038
24 2039
24 907
18 2040
1 2041
18 232
18 266
22 1428
22 2042
46 564
45 2043
14 683
14 577
9 2044
14 629
14 628
14 1299
14 1298
15 2045
11 2046
15 376
15 582
15 2047
15 528
15 2048
15 1074
22 846
22 539
9 1076
9 1209
9 2049
9 2050
1 2051
78 2052
21 2053
14 2054
9 1565
11 681
46 2055
9 2056
22 2057
1 2058
1 52
24 483
71 853
46 1930
46 679
46 466
22 2058
18 2019
78 2059
9 467
9 651
22 842
9 1010
45 164
21 2060
21 386
11 2061
11 2062
105 1834
11 2063
11 2064
11 2065
11 1220
11 199
14 889
71 521
1 1859
22 715
45 1966
11 2066
9 2067
9 248
22 2068
11 531
22 2069
71 1304
9 485
18 280
9 1181
11 2070
11 687
9 382
9 383
1 471
46 1066
105 878
105 1453
9 2071
9 674
9 576
9 298
46 157
46 2072
105 899
46 512
71 2073
71 2074
105 1100
11 28
105 858
14 2075
18 1247
22 2076
18 1620
21 2077
11 2078
11 2079
24 2080
24 1104
45 2081
24 63
46 303
22 483
21 2082
21 2083
9 176
18 2084
11 2085
9 505
46 162
9 2086
22 2087
22 2088
11 1442
9 632
22 2089
9 1508
9 463
22 2090
21 2091
45 575
78 664
21 2092
78 1075
22 1424
9 74
9 300
46 176
105 450
71 2093
71 1986
71 538
71 1984
71 1464
71 1428
71 1424
18 651
45 697
46 222
21 2094
105 447
105 448
21 2095
14 2096
22 2097
11 683
24 960
24 681
11 577
11 1298
11 627
11 1299
11 625
15 815
46 1714
15 1226
15 1443
24 1303
9 2098
15 1201
46 1361
21 919
14 2099
12 704
2 2100
24 2101
71 132
24 2102
24 1464
46 1692
46 401
22 424
22 2103
46 2104
24 2055
24 465
24 2105
45 690
45 925
18 79
24 2106
9 2107
46 1726
46 1371
24 2108
46 785
21 1265
46 378
21 2109
46 1770
11 373
46 53
11 2110
9 2111
9 2112
11 248
11 629
11 628
46 155
46 185
46 661
21 134
1 1911
22 2113
21 967
24 2114
46 2115
2 2116
2 2117
24 295
18 623
24 2118
71 2119
24 871
2 2120
2 2121
71 52
71 130
71 143
11 2122
11 2123
11 2124
22 132
11 298
21 2125
21 2126
21 2127
24 2128
22 135
22 407
11 339
9 2129
46 377
46 1173
46 2130
1 114
21 2131
45 294
22 111
11 889
11 2132
45 298
45 816
45 293
45 312
11 2133
11 2134
45 2135
22 1461
11 1106
71 519
14 2136
14 1065
14 2137
2 2138
2 2139
2 2140
9 1439
24 2141
71 650
71 53
9 1447
71 2142
24 2143
24 1220
9 97
9 130
11 2144
45 704
11 2145
11 2146
11 2147
46 2148
9 487
11 2149
21 2150
2151 2
24 2152
24 2153
22 2154
12 2155
71 593
71 1925
15 918
22 1304
15 2156
11 656
15 410
15 1806
15 2157
105 1006
1 176
11 23
15 2158
78 57
18 815
9 2159
71 1063
24 298
24 1546
15 2160
15 454
15 2161
15 2162
21 1145
11 2163
11 2164
15 1740
21 2165
46 483
2166 2
21 2167
21 2168
15 510
14 512
9 2169
46 693
22 1130
22 1104
22 877
1 483
21 2170
2 2171
45 286
46 1241
45 285
22 1298
18 275
24 312
105 1173
9 924
105 248
105 1490
18 135
105 52
105 816
78 656
78 134
78 650
2 2172
24 2173
18 1952
14 1461
18 2174
24 2175
13 2176
13 397
13 2177
13 2178
38 2179
18 2180
14 492
11 2181
11 1431
18 2182
18 690
18 2183
18 2184
18 2185
18 2186
11 2187
18 2188
18 2189
46 479
46 465
105 2190
22 153
18 2191
18 73
18 2192
1 183
9 389
105 845
105 1024
46 1605
46 2193
46 1740
46 410
1 2194
46 2195
24 1209
24 2196
24 2197
78 2198
14 292
14 96
14 2199
12 487
14 2200
71 624
24 655
24 1431
18 1430
18 2201
18 2202
18 845
21 2203
18 2204
18 2205
18 2206
18 2207
18 2208
18 2209
46 2210
46 2211
21 114
46 2212
78 220
24 1491
24 533
24 2213
71 700
14 456
18 2214
11 539
105 492
46 2215
13 14
13 1111
13 78
46 2216
46 2217
21 1152
22 1920
13 2151
13 0
13 12
13 21
13 8
13 11
13 10
13 1
13 2218
24 114
22 330
22 2015
24 1240
105 479
105 2219
18 636
13 2220
13 2221
13 2222
13 2223
13 2224
13 2225
13 2226
13 2227
13 2228
13 2229
13 2230
13 2231
13 2232
13 2233
13 2234
13 2235
13 2236
13 2237
13 2238
13 2239
13 2240
13 2241
13 2242
13 2243
13 2244
13 2245
13 2246
13 2247
13 2248
13 2249
13 2250
13 2251
13 2252
13 2253
13 2254
13 2255
13 2256
13 2257
13 2258
13 2259
13 2260
13 2261
13 2262
13 2263
13 2264
13 2265
13 2266
13 2267
13 2268
13 2269
13 2270
13 2271
13 2272
13 2273
13 2274
13 2275
13 2276
13 2277
13 2278
13 2279
13 2280
13 2281
13 2282
13 2283
13 2284
13 2285
13 2286
13 2113
13 2287
13 2288
13 2289
13 2290
13 2291
13 2292
13 2293
13 2294
13 2295
13 2296
13 2297
13 2298
13 2299
13 2300
13 2301
13 2302
13 2303
13 2304
13 2305
13 2306
13 2307
13 2308
13 2309
13 2310
13 2311
13 2312
13 2313
13 2314
13 2315
13 2316
13 2317
13 2318
13 2319
13 2320
13 2321
13 2322
13 2323
13 2324
13 2325
13 2326
13 2327
13 2328
13 2329
13 2330
13 2331
13 2332
13 2333
13 2334
13 2335
13 2336
13 2337
13 2338
13 2339
13 2340
13 2341
13 2342
13 2343
13 2344
13 2345
13 2346
13 2347
13 2348
13 2349
13 2350
13 2351
13 2352
13 2353
13 2354
13 2355
13 2356
13 2357
13 2358
13 2359
13 2360
13 2361
13 2362
13 2363
13 2364
13 2365
13 2366
13 2367
13 2368
13 2369
13 2370
13 2371
13 2372
13 2373
13 2374
13 2375
13 2376
13 2377
13 2378
13 2379
13 2380
13 2381
13 2382
13 2383
13 2384
13 2385
13 2386
13 2387
13 2388
13 2389
13 2390
13 2391
13 2392
13 2393
13 2394
13 2395
13 2396
13 2397
13 2398
13 2399
13 2400
13 2401
13 2402
13 2403
13 2404
13 2405
13 2406
13 2407
13 2408
13 2409
13 2410
13 2411
13 2412
13 2413
13 2414
13 2415
13 2416
13 2417
13 2418
13 2419
13 2420
13 2421
13 2422
13 2423
13 2424
13 2425
13 2426
13 143
13 2427
13 2428
13 2429
13 2430
13 2431
13 2432
13 2433
13 2434
13 2435
13 71
13 2436
13 2437
13 2438
13 2439
13 2440
13 2441
13 2442
13 2443
13 2444
13 2445
13 2446
13 2447
13 2448
13 20
13 2449
13 2450
13 2451
13 2452
13 2453
13 2454
13 2455
13 2456
13 2457
13 2458
13 2459
13 2460
13 2461
13 2462
13 2463
46 1551
24 2464
46 2465
46 2466
46 1540
21 2467
15 2468
24 2469
15 1247
14 2470
105 488
21 248
11 2471
46 1166
46 1490
46 2472
105 2473
15 1149
10 325
10 38
10 2474
105 2475
15 2476
46 2477
46 2478
46 2479
46 1812
46 2480
46 1177
22 427
9 473
105 1246
105 588
105 1251
105 793
105 739
46 2481
46 461
105 1007
105 1813
105 298
10 2482
10 2483
10 2484
10 2485
10 2486
10 2487
10 2488
10 2489
10 2490
10 2491
10 2492
10 2493
10 2494
10 2495
10 2496
10 2497
10 2498
10 2499
10 2500
10 2501
10 2502
10 2503
10 2504
10 2505
10 2506
10 2507
10 2508
10 2509
10 2510
10 2511
10 2512
10 2513
10 2514
10 2515
10 2516
10 2517
10 2518
10 2519
10 2520
10 2521
10 2522
10 2523
10 2524
10 2525
10 2526
10 2527
10 2528
10 2529
10 2530
10 2531
10 2532
10 2533
10 2534
10 2535
10 2536
10 2537
10 2538
10 2539
10 2540
10 2541
10 2542
10 2543
10 2544
10 2545
10 2546
10 2547
10 2548
10 2549
10 2550
10 2551
10 2552
10 2553
10 2554
10 2555
10 2556
10 2557
10 2558
10 2559
10 2560
10 2561
10 2562
10 2563
10 2564
10 2565
10 2566
10 2567
10 2568
10 2569
10 2570
10 2571
10 2572
10 2573
10 2574
10 2575
10 2576
10 2577
10 2578
10 2579
10 2580
10 2581
10 2582
10 2583
10 2584
10 2585
10 2586
10 2587
10 2588
10 2589
10 2590
10 2591
10 2592
10 2593
10 2594
10 2595
10 2596
10 2597
10 2598
10 2599
10 2600
10 2601
10 2602
10 2603
10 2604
10 2605
10 2606
10 2607
10 2608
10 2609
10 2610
10 2611
10 2612
10 2613
10 2614
10 2615
10 2616
10 2617
10 2618
10 2619
10 2620
10 2621
10 2622
10 2623
10 2624
10 2625
10 2626
10 2627
10 2628
10 2629
10 2630
10 2631
10 2632
10 2633
10 2634
10 2635
10 2636
10 2637
10 2638
10 2639
10 2640
10 2641
10 2642
10 2643
10 2644
10 2645
10 2646
10 2647
10 2648
10 2649
10 2650
10 2651
10 2652
10 2653
10 2654
10 2655
10 2656
10 2657
10 2658
10 2659
10 2660
10 2661
10 2662
10 2663
10 2664
10 2665
10 2666
10 2667
10 2668
10 2669
10 2670
10 2671
10 2672
10 2673
10 2674
10 2675
10 2676
10 2677
10 2678
10 2679
10 2680
10 2681
10 2682
10 2683
10 2684
10 2685
10 2686
10 2687
10 2688
10 2689
10 2690
10 2691
10 2692
10 2693
10 2694
10 2695
10 2696
10 2697
10 2698
10 2699
10 2700
10 2701
10 2702
10 2703
10 2704
10 2705
10 2706
10 39
10 2707
10 2708
10 2709
10 2710
10 2711
10 2712
10 2713
10 2714
10 2715
10 2716
10 2717
10 2718
10 2719
10 2720
10 2721
10 2722
10 2723
10 2724
10 2725
10 2726
10 2727
10 2728
10 2729
10 2730
10 2731
10 2732
9 558
9 564
71 2733
105 483
78 2734
78 2735
21 130
24 2736
105 2737
24 2738
24 1490
18 2739
46 1704
10 825
10 827
10 1244
10 2740
10 2741
10 2742
10 1243
10 2743
10 1795
105 2744
10 525
10 2745
10 2746
10 2177
10 2747
10 2748
10 1386
21 2749
24 702
22 23
18 220
1 575
105 2750
105 521
105 792
105 917
46 1240
46 2751
46 2752
105 170
105 134
22 369
10 2151
105 924
1 697
9 52
9 2019
78 2753
105 1231
22 1853
18 559
18 2754
71 2755
71 50
105 654
105 661
46 2739
11 443
46 1101
46 489
78 914
18 114
105 185
18 492
105 303
18 2756
1 213
22 1690
18 733
11 1378
22 887
22 2757
46 681
46 134
46 650
11 2758
22 964
11 230
11 896
11 232
46 269
18 713
11 247
11 2759
46 1679
46 733
71 2760
71 2761
71 395
14 483
18 1797
24 2762
45 487
46 2763
18 1164
14 295
11 266
46 655
46 1547
11 888
15 485
21 23
12 576
18 1615
9 1606
18 1132
15 1318
15 487
46 281
15 2764
24 23
15 2765
15 687
18 1229
18 264
15 1549
1 250
15 1105
105 2766
15 1267
15 2217
15 2767
46 2768
15 658
24 260
22 226
21 2769
22 228
11 2770
46 248
46 931
15 277
22 690
105 504
9 230
9 231
105 791
11 488
45 1690
105 2771
9 247
11 2772
9 2759
46 2019
21 658
11 2773
18 2774
24 2775
22 708
18 2734
14 407
18 2735
14 131
14 52
14 134
9 232
9 266
9 378
9 1241
71 970
71 1004
71 1012
9 401
9 733
9 2776
9 2480
22 927
22 493
38 360
24 2777
46 1079
38 2741
38 2778
46 2779
24 414
45 483
105 2780
105 481
105 2781
22 726
46 2782
105 896
9 1240
9 1551
22 489
105 2783
105 2776
105 2784
9 2217
78 570
21 2785
18 2786
14 519
105 500
24 2759
14 1345
14 1076
14 2787
14 130
11 2788
9 500
105 2789
105 464
2790 2
46 1491
46 1607
46 658
14 2791
24 2792
24 2793
18 377
18 401
18 2794
24 1859
2 2795
46 1951
46 1950
9 443
46 337
9 785
11 473
11 1235
71 114
9 1794
9 466
9 1191
45 2796
24 2797
105 1544
105 1636
14 2798
18 483
18 2799
46 153
71 414
18 2800
18 2801
18 2802
22 919
22 1851
2 2803
2 2804
2 2805
22 164
24 466
21 2806
15 2807
15 2808
15 1473
105 2809
105 486
24 2094
46 2810
46 431
105 2811
46 2812
46 2813
105 887
18 1676
46 1894
9 614
46 2814
105 2757
18 2815
9 157
9 465
9 344
15 2816
15 2817
105 651
9 2055
105 2794
45 2818
1 147
1 155
9 1346
45 550
46 2819
22 2820
11 553
14 53
105 2821
22 2822
24 1203
105 502
11 1453
45 2823
45 155
11 458
46 151
78 114
22 500
105 2824
105 2825
46 2826
46 1058
46 2827
18 493
105 2828
46 52
46 2829
45 2830
22 248
9 2831
46 2832
46 2833
46 2206
21 990
9 2834
105 2835
46 2836
24 515
21 2837
1 2838
45 2839
71 2840
24 782
105 2841
24 1182
12 1278
24 1920
46 508
24 1378
24 656
24 53
46 702
46 1405
24 1503
11 467
11 505
78 907
78 1454
78 1203
11 2842
11 1517
46 717
46 2843
46 131
46 132
105 2193
46 1676
11 654
2 2844
105 2845
105 2842
105 2846
71 2847
46 1007
46 534
17 382
17 383
46 532
22 1246
22 588
22 1251
22 793
22 1252
22 550
78 557
22 130
22 133
22 74
22 52
46 1278
21 2848
105 2849
46 2850
46 1966
46 1852
46 1228
24 2851
71 2852
24 899
18 2853
46 62
46 58
2 2854
71 961
24 454
24 1122
71 2855
24 275
46 845
15 2856
15 2857
15 2858
15 138
71 2859
46 1201
105 1013
105 2860
46 823
46 407
1 871
9 847
15 1795
18 1369
46 492
18 173
15 2861
12 558
105 2862
15 2863
15 661
15 1291
14 269
15 2864
18 782
18 829
18 1541
71 74
24 48
14 298
14 50
46 1203
24 54
14 2865
18 2866
24 1527
18 855
46 2867
18 726
46 2868
46 545
11 2869
2 2870
14 1149
24 1105
18 2871
46 2872
46 568
18 108
11 1690
46 899
18 614
18 157
18 1297
105 2873
11 1173
14 281
46 2874
46 2875
46 291
46 1365
21 492
24 1246
24 2876
14 336
24 588
24 1251
24 798
24 739
46 2877
24 2878
18 1606
18 2879
46 1087
46 1039
46 1925
24 1943
105 2880
46 2881
9 685
105 2882
14 348
46 2883
45 2884
14 2885
45 726
22 303
45 2886
105 162
22 873
45 600
22 2887
24 531
46 2888
105 868
24 2889
18 431
14 487
46 1304
2 2890
17 114
46 1916
46 624
45 2891
21 2892
18 1714
105 1663
18 537
14 845
14 2893
14 1364
45 2894
71 584
71 2895
24 2896
46 171
46 683
46 577
46 772
46 2897
45 509
18 1692
11 846
11 486
46 629
46 628
46 625
46 627
9 126
9 808
9 2898
21 2899
11 1503
45 887
10 2900
105 2901
45 927
46 454
15 1399
46 726
71 1393
71 2902
24 2903
71 2904
9 997
9 2905
9 980
46 521
11 842
46 559
21 2906
46 2907
105 230
105 231
71 790
78 560
105 247
105 2759
15 2908
105 266
105 232
45 431
9 2909
9 2910
11 621
15 1475
105 373
9 57
9 2911
22 618
22 481
24 1475
21 2912
21 2913
21 2914
22 2915
22 1303
105 1079
11 630
24 2916
21 2917
21 2918
24 2919
46 889
18 466
14 2920
11 789
2 2921
45 1246
45 588
45 1251
45 793
45 739
24 923
46 2922
22 505
22 467
105 344
2 2923
2 2924
1 772
2 2925
22 1017
21 2926
45 2927
1 2928
1 960
21 1548
21 2929
18 337
21 2930
46 2931
105 408
11 303
11 548
71 2932
71 1446
18 406
18 54
18 1527
18 1405
21 2933
1 521
18 2934
78 162
11 1527
46 469
21 2935
14 815
11 48
46 576
71 2850
71 2936
46 569
46 1421
71 194
45 389
9 1431
22 1443
78 1240
105 564
46 2937
78 2938
78 2939
24 2940
18 1177
18 1815
18 2941
45 1927
46 2942
18 1446
9 2943
11 260
9 2944
9 2945
45 964
9 2946
15 474
15 476
15 2947
9 1525
9 1522
15 2948
15 2949
2 2950
15 2951
15 2952
15 1182
46 611
15 1565
15 1464
15 2953
46 2759
15 1427
46 2954
46 1436
46 670
105 2955
45 2956
24 2957
22 931
22 1437
2 2958
2 2959
15 2960
15 2961
15 2962
15 2963
15 2964
15 2965
2 2966
46 2967
22 1105
22 2968
9 134
24 2969
1 2970
22 2971
21 2972
1 675
24 2973
18 378
15 1078
45 1063
46 2974
24 74
46 487
1 2975
11 431
2 2976
1 2977
1 2978
22 220
9 62
24 1795
24 2979
46 766
46 147
325 46
2 2980
2 2981
2 2982
2 2983
2 2984
2985 46
2985 78
2985 105
2985 9
2985 22
2986 2
105 658
2987 2
21 2988
21 2989
21 2990
22 2991
1 50
21 2992
18 1439
18 404
18 1019
18 1253
45 833
45 834
45 835
11 485
22 658
18 72
18 97
24 2993
24 2910
78 2994
12 661
12 1487
12 127
78 2995
78 53
45 2996
21 2997
22 2734
22 2735
24 2998
46 2999
46 1580
24 537
46 1220
24 3000
105 431
1 689
1 459
1 1915
22 1243
22 3001
9 3002
46 645
45 532
45 534
45 531
9 3003
45 3004
1 524
22 3005
22 674
22 576
71 308
45 3006
45 328
9 486
11 77
24 3007
24 1933
71 3008
71 407
24 3003
71 1257
71 3009
71 1258
22 2853
14 3010
24 1078
105 493
45 104
22 410
22 461
22 899
78 3011
45 3012
11 1166
46 3013
46 3014
78 3015
11 157
11 733
22 2756
22 3016
78 62
22 1030
22 1024
14 3017
3018 2
9 156
9 3019
15 1340
15 3020
46 1869
11 275
2 3021
11 3022
11 2039
11 878
11 3023
46 515
105 2968
11 899
45 1004
9 878
24 3024
71 3025
24 3026
9 163
46 1080
15 169
22 162
18 133
24 127
11 858
22 185
22 240
45 1203
11 1100
46 2783
78 3027
105 484
9 858
21 3028
9 1100
105 684
71 3029
18 3030
14 3031
22 2084
22 1618
105 3032
9 3033
1 532
1 1105
1 534
9 3034
14 449
1 387
46 439
105 269
46 1517
71 1349
71 3035
46 3036
46 459
46 2947
46 1521
46 3037
45 3038
11 229
24 3039
12 570
12 1861
9 509
78 401
78 3040
78 465
78 466
105 281
21 278
21 287
21 279
46 3041
78 506
21 288
9 539
24 3042
24 3043
9 512
22 1565
71 564
24 3044
2 3045
45 96
46 486
46 533
21 489
21 3046
17 847
17 483
105 176
17 815
21 3047
21 3048
17 535
2 3049
17 651
45 3050
