0 2 1989
0 42 449
0 21 919
0 0 541
0 21 2467
0 21 2926
0 10 2586
0 38 371
0 13 2364
0 13 563
0 0 700
0 13 119
0 22 1251
0 12 487
0 10 1007
0 11 157
0 24 461
0 22 1508
0 10 1382
0 45 481
0 13 488
0 2985 105
0 13 1182
0 0 1768
0 22 2068
0 13 1782
0 0 1727
0 325 89
0 15 44
0 22 111
0 13 1003
0 10 2622
0 42 130
0 15 151
0 24 1122
0 105 791
0 15 735
0 45 2010
0 105 1236
0 42 114
0 10 2560
0 14 431
0 46 2881
0 0 760
0 22 1851
0 22 628
0 0 823
0 11 298
0 10 808
0 13 817
0 2 283
0 13 1359
0 11 28
0 13 1120
0 12 20
0 13 887
0 13 173
0 22 1437
0 2 2984
0 13 53
0 15 1858
0 13 376
0 46 1436
0 15 1214
0 2 284
0 13 52
0 11 164
0 2 1360
0 8 507
0 8 151
0 45 1224
0 0 1535
0 13 880
0 42 1655
0 46 493
0 8 1018
0 2 354
0 13 1612
0 13 1553
0 105 484
0 8 382
0 8 539
0 15 1228
0 18 122
0 45 386
0 10 600
0 13 1699
0 8 1029
0 46 1770
0 18 248
0 0 1608
0 45 1864
0 13 2344
0 15 319
0 13 1310
0 105 1956
0 13 9
0 18 263
0 2 420
0 21 1955
0 13 227
0 0 2018
0 10 2016
0 8 1316
0 15 2962
0 11 469
0 13 1635
0 13 1786
0 0 26
0 42 442
0 13 810
0 24 1518
0 10 377
0 0 484
0 78 1455
0 13 122
0 10 419
0 1 387
0 8 1299
0 15 114
0 38 2179
0 21 534
0 0 1616
0 42 382
0 10 2597
0 8 199
0 15 2817
0 8 853
0 13 1725
0 10 873
0 10 2624
0 13 1107
0 15 335
0 2 1990
0 0 475
0 13 1428
0 2790 2
0 10 1933
0 21 515
0 10 1772
0 24 389
0 46 185
0 13 1801
0 105 2968
0 15 72
0 22 2011
0 14 124
0 11 1873
0 0 63
0 8 114
0 13 1143
0 13 2441
0 15 137
0 15 332
0 105 2776
0 11 548
0 22 539
0 71 3009
0 1 250
0 105 107
0 17 272
0 24 298
0 15 207
0 13 2277
0 13 914
0 46 1201
0 10 559
0 18 1806
0 13 599
0 10 606
0 13 1748
0 10 762
0 22 1442
0 105 408
0 17 237
0 46 135
0 21 2918
0 13 264
0 10 456
0 13 917
0 13 2405
0 0 1414
0 14 1905
0 10 2474
0 8 1448
0 13 2437
0 142 2
0 46 795
0 42 298
0 13 2333
0 18 1437
0 13 2345
0 18 650
0 78 2995
0 9 614
0 0 1182
0 0 409
0 17 651
0 15 401
0 0 132
0 8 769
0 46 1825
0 10 534
0 18 390
0 46 801
0 11 1647
0 18 2174
0 105 176
0 78 907
0 46 515
0 13 163
0 9 2055
0 42 845
0 24 537
0 0 849
0 0 334
0 13 1169
0 8 1615
0 13 2361
0 15 300
0 15 2764
0 0 1774
0 10 852
0 13 171
0 17 184
0 46 2783
0 13 292
0 18 133
0 24 923
0 13 1942
0 13 774
0 21 2972
0 22 889
0 2 1108
0 22 97
0 12 704
0 0 1149
0 45 748
0 13 2401
0 0 554
0 45 2886
0 0 474
0 71 674
0 18 1253
0 46 220
0 15 347
0 11 1476
0 10 2511
0 10 763
0 45 1945
0 2 109
0 10 500
0 105 437
0 22 410
0 18 614
0 42 475
0 2 1123
0 42 532
0 42 454
0 105 1246
0 13 135
0 46 2000
0 46 58
0 1 147
0 10 2604
0 15 169
0 10 2506
0 15 226
0 71 173
0 78 3040
0 22 2113
0 14 700
0 0 655
0 10 486
0 22 147
0 9 73
0 15 1205
0 42 1839
0 13 1842
0 2 1053
0 13 1735
0 21 1548
0 78 202
0 42 465
0 71 576
0 8 1443
0 0 230
0 13 1500
0 1 114
0 21 2899
0 8 155
0 21 2083
0 45 539
0 10 157
0 14 1256
0 8 623
0 105 344
0 13 2445
0 13 1493
0 24 63
0 13 1425
0 8 685
0 10 485
0 10 2568
0 45 3006
0 13 629
0 24 1241
0 10 2687
0 78 1247
0 11 2759
0 10 883
0 105 2846
0 13 2271
0 15 450
0 10 2177
0 46 823
0 13 1137
0 71 675
0 15 296
0 8 1305
0 8 995
0 13 1501
0 11 2164
0 14 2865
0 105 298
0 13 2248
0 42 127
0 2 1756
0 15 96
0 13 1189
0 0 1794
0 10 510
0 0 1527
0 10 946
0 2 254
0 13 1704
0 11 2070
0 22 1987
0 13 2299
0 13 2278
0 0 298
0 105 502
0 42 1930
0 45 1927
0 9 1346
0 18 2185
0 12 675
0 10 849
0 46 2055
0 46 508
0 13 1433
0 0 1436
0 13 1545
0 42 686
0 0 597
0 13 724
0 13 2249
0 0 1609
0 45 685
0 42 899
0 8 56
0 18 1783
0 13 1688
0 17 1530
0 0 740
0 10 2547
0 45 3004
0 18 444
0 13 281
0 14 1662
0 22 288
0 13 1259
0 15 232
0 13 736
0 10 376
0 11 627
0 10 2577
0 15 294
0 10 2578
0 42 53
0 18 815
0 0 1049
0 13 1364
0 13 2429
0 15 1291
0 17 43
0 46 2215
0 24 2919
0 24 2033
0 24 968
0 11 505
0 8 573
0 8 1693
0 105 170
0 0 393
0 10 2598
0 8 1195
0 13 2370
0 21 134
0 10 469
0 46 2206
0 45 1063
0 105 603
0 42 592
0 0 185
0 13 662
0 13 587
0 17 483
0 15 855
0 45 104
0 2 168
0 46 2472
0 8 1164
0 22 133
0 8 833
0 15 2156
0 38 2778
0 71 564
0 13 293
0 13 2261
0 13 1841
0 45 428
0 46 766
0 11 1075
0 8 1048
0 15 131
0 9 956
0 13 708
0 45 46
0 24 3000
0 105 2737
0 46 1007
0 0 536
0 18 466
0 13 298
0 15 229
0 8 459
0 13 865
0 11 577
0 9 443
0 0 460
0 0 366
0 24 739
0 0 863
0 78 1878
0 22 674
0 13 2380
0 14 336
0 11 56
0 10 2517
0 18 1625
0 17 1871
0 10 865
0 2 1708
0 22 842
0 2 641
0 42 1681
0 105 588
0 0 816
0 11 687
0 15 211
0 8 363
0 71 1427
0 13 1499
0 46 467
0 2 1799
0 78 588
0 9 226
0 45 52
0 8 1166
0 42 1246
0 13 1736
0 46 155
0 22 50
0 10 2534
0 13 686
0 105 160
0 22 523
0 10 2661
0 24 370
0 2 1406
0 18 1164
0 15 204
0 8 226
0 8 1778
0 10 2621
0 17 359
0 13 609
0 8 837
0 13 955
0 10 2528
0 13 1724
0 15 49
0 8 111
0 9 2905
0 0 1663
0 24 1795
0 13 794
0 9 247
0 42 23
0 0 1606
0 13 1921
0 24 368
0 10 1392
0 46 627
0 22 815
0 0 1427
0 10 1038
0 0 583
0 15 56
0 78 62
0 8 53
0 0 1428
0 45 164
0 45 1251
0 10 116
0 0 1489
0 9 2911
0 105 191
0 42 897
0 10 1321
0 13 303
0 10 132
0 45 135
0 2 78
0 15 340
0 10 1336
0 13 2444
0 42 453
0 18 344
0 12 570
0 24 2128
0 13 2358
0 11 1461
0 105 2828
0 0 1630
0 21 288
0 42 1300
0 15 250
0 0 855
0 10 911
0 11 2078
0 45 382
0 13 1081
0 10 493
0 46 1551
0 0 1315
0 2 22
0 1 2978
0 10 1148
0 46 1405
0 9 2909
0 13 2332
0 0 714
0 46 1033
0 11 1235
0 1 389
0 13 1928
0 13 465
0 17 432
0 14 835
0 17 88
0 46 375
0 13 2313
0 71 1428
0 0 1568
0 42 853
0 24 2105
0 42 1903
0 13 2226
0 18 1861
0 45 726
0 10 2575
0 2 1287
0 15 188
0 13 152
0 13 2365
0 24 1220
0 18 454
0 105 2008
0 8 611
0 2 1112
0 15 48
0 0 846
0 15 120
0 11 2842
0 0 31
0 0 1690
0 46 337
0 15 291
0 13 1307
0 0 548
0 15 205
0 2 1759
0 45 1690
0 9 2169
0 22 1210
0 13 1531
0 2 144
0 10 427
0 22 132
0 13 383
0 8 907
0 13 1261
0 13 71
0 10 664
0 46 281
0 8 933
0 105 108
0 15 118
0 21 114
0 0 1361
0 15 2047
0 24 892
0 13 1701
0 13 2438
0 13 279
0 9 790
0 13 2341
0 14 131
0 46 2752
0 14 519
0 22 134
0 15 2864
0 13 2379
0 13 2391
0 13 739
0 105 2744
0 10 1692
0 13 10
0 105 2190
0 105 373
0 15 303
0 42 550
0 13 600
0 10 407
0 1 2051
0 17 355
0 71 3029
0 46 2947
0 15 45
0 17 267
0 24 2998
0 13 2428
0 46 248
0 71 155
0 10 2710
0 2 474
0 21 2892
0 18 1964
0 9 344
0 13 611
0 13 1355
0 14 1889
0 10 2709
0 0 727
0 0 1062
0 13 1288
0 71 911
0 46 1521
0 45 1200
0 10 52
0 45 54
0 8 1295
0 15 459
0 10 2505
0 46 162
0 18 2800
0 46 2836
0 13 1803
0 10 679
0 13 2323
0 13 1755
0 71 790
0 10 2686
0 2 256
0 22 550
0 10 1605
0 46 1080
0 38 2741
0 0 614
0 10 1516
0 13 1314
0 13 1379
0 22 162
0 9 130
0 11 2061
0 14 628
0 46 2897
0 13 1556
0 13 74
0 10 2685
0 10 2509
0 13 2396
0 9 1010
0 10 1670
0 10 465
0 9 57
0 105 2783
0 0 962
0 1 1352
0 42 1661
0 10 924
0 18 1863
0 38 360
0 0 1370
0 1 414
0 13 2338
0 13 2256
0 13 2354
0 8 396
0 15 1427
0 2 2959
0 0 1105
0 78 656
0 11 2146
0 22 761
0 9 2029
0 13 1325
0 10 2671
0 14 2096
0 21 920
0 14 658
0 13 855
0 10 1291
0 42 281
0 17 269
0 0 661
0 9 2480
0 13 783
0 22 380
0 13 1718
0 46 3013
0 8 1347
0 13 1024
0 24 1668
0 9 674
0 78 504
0 13 598
0 13 939
0 10 2705
0 10 598
0 2 65
0 10 1438
0 18 281
0 2 1800
0 13 2221
0 0 383
0 21 1996
0 13 2328
0 13 153
0 46 3014
0 45 130
0 10 2707
0 10 2610
0 0 1492
0 15 1473
0 8 700
0 18 732
0 24 1399
0 13 2224
0 0 53
0 13 454
0 13 908
0 46 1371
0 15 113
0 21 2077
0 45 2043
0 105 905
0 45 79
0 8 1153
0 18 2208
0 42 344
0 105 391
0 9 126
0 10 532
0 46 487
0 17 570
0 42 472
0 24 1076
0 13 960
0 22 228
0 46 407
0 13 2416
0 2 1089
0 10 680
0 0 811
0 13 151
0 22 424
0 13 480
0 45 2030
0 0 1007
0 78 510
0 11 2065
0 13 2282
0 0 448
0 9 1966
0 9 231
0 21 2053
0 0 131
0 12 2
0 13 1588
0 18 559
0 0 1102
0 13 434
0 8 1296
0 46 2833
0 10 2631
0 10 693
0 13 1734
0 42 871
0 8 1147
0 11 1173
0 14 202
0 13 2231
0 46 367
0 11 829
0 0 1059
0 24 3007
0 10 804
0 15 2767
0 46 785
0 14 1919
0 18 636
0 21 2060
0 18 1247
0 0 1122
0 0 543
0 0 1760
0 46 733
0 46 469
0 22 272
0 10 2151
0 10 671
0 8 1152
0 8 500
0 15 238
0 10 1594
0 8 923
0 24 1431
0 13 1573
0 46 229
0 10 2639
0 18 1671
0 13 1055
0 13 2244
0 45 749
0 46 1506
0 13 1010
0 13 464
0 0 513
0 46 1240
0 22 715
0 13 272
0 8 1064
0 46 577
0 2985 22
0 10 714
0 13 21
0 13 157
0 10 53
0 17 147
0 15 1105
0 45 833
0 22 240
0 0 1362
0 10 1333
0 12 483
0 8 1785
0 10 2706
0 2 648
0 8 1690
0 45 964
0 0 500
0 14 1920
0 10 2628
0 0 724
0 45 2894
0 42 1584
0 71 3035
0 46 726
0 45 56
0 11 661
0 0 628
0 13 661
0 15 121
0 13 1173
0 10 118
0 9 986
0 18 2192
0 105 1957
0 10 805
0 10 58
0 71 20
0 42 1282
0 13 844
0 0 1243
0 15 349
0 15 217
0 22 62
0 42 697
0 9 217
0 0 260
0 15 228
0 0 1146
0 0 782
0 13 2454
0 45 3038
0 8 1781
0 13 1777
0 13 1538
0 11 2038
0 11 2163
0 10 373
0 10 1701
0 42 1278
0 46 845
0 10 462
0 0 1278
0 24 2173
0 2166 2
0 42 896
0 13 753
0 78 53
0 15 1430
0 46 291
0 10 379
0 0 485
0 15 608
0 10 2510
0 105 2809
0 45 829
0 9 1111
0 24 1966
0 15 23
0 10 1446
0 8 726
0 42 1569
0 45 450
0 22 381
0 10 670
0 10 2732
0 42 388
0 105 1251
0 0 911
0 11 2770
0 46 655
0 13 1020
0 2 252
0 13 2369
0 11 467
0 18 1475
0 13 2238
0 8 577
0 13 577
0 17 273
0 22 2015
0 13 2343
0 13 2340
0 11 855
0 10 1290
0 42 1813
0 1 841
0 15 720
0 8 1793
0 2 2983
0 10 2717
0 10 2611
0 10 1276
0 15 2160
0 13 2234
0 0 1658
0 105 1453
0 105 1869
0 105 1007
0 10 684
0 9 2028
0 45 2015
0 42 414
0 22 431
0 46 569
0 71 897
0 78 557
0 15 132
0 13 798
0 13 1226
0 0 670
0 46 401
0 15 690
0 1 448
0 105 2794
0 22 227
0 42 133
0 10 2600
0 14 52
0 0 566
0 46 551
0 13 1485
0 24 1960
0 13 768
0 10 2660
0 15 1363
0 13 228
0 21 1580
0 13 1835
0 9 2898
0 13 2351
0 2 1988
0 10 2485
0 15 53
0 10 2713
0 15 346
0 13 805
0 1 697
0 21 1581
0 0 660
0 13 509
0 10 1246
0 42 322
0 10 1146
0 0 1192
0 10 1257
0 14 2200
0 0 1488
0 105 1490
0 42 658
0 8 987
0 0 588
0 46 661
0 9 62
0 10 729
0 9 378
0 8 937
0 46 153
0 13 2327
0 0 549
0 8 1597
0 46 2478
0 0 1317
0 22 1920
0 8 1226
0 10 2692
0 46 521
0 13 1798
0 8 1298
0 13 542
0 18 135
0 11 458
0 13 484
0 14 3010
0 13 40
0 10 2549
0 78 2939
0 0 687
0 14 1009
0 46 611
0 11 2039
0 8 122
0 12 108
0 105 1636
0 13 296
0 2 426
0 46 50
0 17 274
0 9 1861
0 45 77
0 13 2381
0 13 552
0 42 120
0 0 750
0 0 396
0 15 532
0 10 2599
0 10 2500
0 18 674
0 9 155
0 22 532
0 2985 46
0 46 998
0 46 2888
0 9 2776
0 9 193
0 13 1422
0 0 914
0 2 2804
0 105 1327
0 9 424
0 71 853
0 46 2148
0 13 778
0 2 1115
0 10 410
0 46 378
0 18 637
0 10 809
0 46 2481
0 42 509
0 13 2337
0 15 3020
0 18 391
0 9 383
0 15 323
0 24 312
0 10 2582
0 10 187
0 71 2073
0 13 410
0 42 210
0 21 1910
0 10 1229
0 10 344
0 13 562
0 46 465
0 18 2739
0 13 1190
0 15 277
0 15 233
0 13 1742
0 10 2590
0 8 1672
0 8 1022
0 9 473
0 71 414
0 0 730
0 24 2114
0 10 2677
0 0 853
0 0 56
0 13 34
0 17 1702
0 10 121
0 45 48
0 78 1466
0 8 1155
0 0 591
0 24 1078
0 1 483
0 10 1414
0 105 247
0 18 404
0 13 601
0 45 887
0 2 1069
0 105 2882
0 13 2285
0 11 449
0 105 386
0 13 2225
0 45 431
0 8 1902
0 15 36
0 15 1527
0 14 1894
0 2 1027
0 10 1712
0 8 1850
0 15 304
0 13 466
0 11 1431
0 45 2823
0 11 515
0 105 281
0 10 2522
0 18 492
0 17 1695
0 10 2606
0 1 2977
0 10 2724
0 71 1925
0 13 2303
0 15 2816
0 22 2087
0 24 454
0 13 2311
0 15 55
0 13 2326
0 24 2153
0 22 1896
0 8 1052
0 8 532
0 2 876
0 9 2044
0 17 282
0 42 1204
0 0 509
0 9 2945
0 46 1426
0 14 1518
0 8 1154
0 10 1075
0 13 2402
0 13 2240
0 13 1844
0 13 287
0 10 1417
0 10 2591
0 10 2514
0 13 2411
0 8 132
0 2 742
0 14 303
0 42 679
0 15 1215
0 21 2848
0 8 1001
0 0 471
0 24 2878
0 22 287
0 0 1083
0 13 1353
0 42 248
0 18 651
0 13 521
0 11 2187
0 13 1239
0 46 1580
0 45 285
0 42 111
0 71 294
0 13 2266
0 18 2934
0 15 2157
0 11 50
0 46 3037
0 8 378
0 13 1149
0 11 654
0 11 621
0 13 2349
0 13 789
0 0 72
0 10 583
0 15 26
0 10 434
0 45 430
0 2 1510
0 71 287
0 42 843
0 0 1528
0 0 942
0 15 164
0 24 2152
0 13 1644
0 45 407
0 78 506
0 13 1051
0 10 262
0 0 538
0 71 224
0 42 661
0 8 804
0 0 262
0 13 63
0 0 528
0 71 348
0 15 661
0 13 2113
0 8 1
0 0 502
0 0 173
0 10 454
0 10 2484
0 15 249
0 15 240
0 9 74
0 105 2784
0 13 1624
0 21 2165
0 13 1542
0 2 146
0 78 2734
0 13 2449
0 11 1442
0 14 2791
0 8 1974
0 13 885
0 10 674
0 8 1031
0 42 526
0 45 535
0 45 651
0 0 504
0 13 2
0 0 574
0 46 461
0 13 683
0 14 1345
0 14 2470
0 46 889
0 9 431
0 0 1350
0 15 40
0 22 130
0 45 477
0 45 588
0 18 1229
0 105 1663
0 18 266
0 105 889
0 46 52
0 42 19
0 15 1216
0 10 35
0 0 170
0 8 544
0 10 2900
0 8 528
0 12 978
0 46 1704
0 21 2126
0 9 230
0 11 1291
0 13 1130
0 24 1464
0 9 1933
0 13 519
0 9 300
0 13 1308
0 13 2250
0 8 1100
0 71 288
0 15 333
0 24 133
0 13 1559
0 10 2519
0 13 1391
0 18 60
0 42 1812
0 9 539
0 46 483
0 18 502
0 0 796
0 42 230
0 8 1530
0 15 2807
0 15 461
0 15 110
0 71 0
0 8 936
0 10 417
0 10 2666
0 10 570
0 18 220
0 105 2845
0 105 2849
0 21 2929
0 0 567
0 13 1806
0 42 1251
0 105 493
0 15 315
0 11 629
0 8 1330
0 14 1892
0 13 2220
0 13 1046
0 11 1503
0 0 848
0 15 336
0 13 202
0 46 2003
0 13 1349
0 24 871
0 9 509
0 10 2499
0 71 898
0 10 497
0 22 2968
0 21 386
0 1 689
0 8 1431
0 13 1291
0 8 52
0 78 1562
0 11 232
0 9 228
0 10 2602
0 13 617
0 0 523
0 42 645
0 14 483
0 10 2711
0 10 1740
0 17 868
0 10 1607
0 18 401
0 42 1614
0 24 1131
0 17 755
0 0 1961
0 2 4
0 15 2908
0 13 60
0 105 654
0 8 1238
0 2 1758
0 45 1852
0 2 1745
0 8 228
0 46 559
0 13 2451
0 42 622
0 10 846
0 15 1851
0 13 397
0 13 379
0 46 550
0 18 58
0 13 394
0 13 1626
0 13 1723
0 10 70
0 42 1364
0 13 2418
0 13 2237
0 46 628
0 2 1338
0 1 772
0 13 155
0 13 582
0 10 2617
0 17 93
0 18 2183
0 15 73
0 42 427
0 13 612
0 13 1340
0 46 658
0 9 1546
0 13 627
0 24 130
0 1 135
0 18 48
0 10 789
0 22 1929
0 10 1726
0 10 484
0 13 2458
0 0 1246
0 13 1600
0 46 1421
0 8 376
0 0 1252
0 10 2537
0 11 3022
0 46 286
0 46 2827
0 8 1476
0 15 310
0 22 23
0 2 1072
0 13 1561
0 10 1679
0 10 686
0 10 2533
0 24 1738
0 12 1265
0 45 562
0 13 1061
0 42 291
0 0 976
0 10 1289
0 71 957
0 13 1787
0 10 2557
0 10 2637
0 12 431
0 10 1203
0 22 1797
0 13 1546
0 15 292
0 13 545
0 18 2180
0 0 1831
0 14 1149
0 8 225
0 0 726
0 9 651
0 14 269
0 13 1286
0 0 79
0 1 532
0 42 888
0 46 124
0 0 1495
0 13 650
0 22 53
0 10 525
0 13 2019
0 13 220
0 17 186
0 13 1206
0 42 916
0 13 1437
0 105 878
0 15 206
0 9 1100
0 8 650
0 18 280
0 8 1563
0 9 2025
0 46 2868
0 14 2787
0 10 824
0 8 878
0 0 1437
0 42 1616
0 13 1244
0 1 675
0 13 2407
0 13 20
0 2 243
0 0 1073
0 13 2246
0 22 1894
0 105 564
0 13 1380
0 22 2069
0 45 1246
0 45 690
0 21 1940
0 22 74
0 18 108
0 10 2523
0 24 2007
0 13 1179
0 8 902
0 8 834
0 2 446
0 2 2950
0 17 278
0 12 143
0 18 706
0 15 1262
0 0 651
0 13 1592
0 10 451
0 13 1870
0 13 1050
0 0 951
0 15 428
0 13 971
0 71 2855
0 0 917
0 13 2330
0 13 2300
0 13 1279
0 13 248
0 10 50
0 13 401
0 8 509
0 11 1527
0 24 263
0 42 594
0 15 338
0 9 576
0 13 1328
0 10 303
0 46 624
0 13 1203
0 10 1025
0 10 2596
0 13 959
0 15 474
0 105 1278
0 71 171
0 105 396
0 0 894
0 17 148
0 42 569
0 1 50
0 14 725
0 0 1292
0 0 176
0 13 827
0 8 1634
0 11 789
0 9 1995
0 78 1868
0 17 220
0 46 2974
0 10 531
0 15 341
0 10 726
0 71 521
0 22 220
0 11 1378
0 78 854
0 1 1865
0 10 418
0 10 584
0 13 793
0 22 931
0 13 2305
0 15 130
0 0 812
0 1 52
0 0 679
0 42 523
0 15 186
0 10 2581
0 46 2937
0 10 2570
0 15 2965
0 13 17
0 15 1852
0 42 1733
0 10 1230
0 13 1127
0 15 246
0 8 1167
0 13 2315
0 105 1013
0 0 1824
0 13 1665
0 13 907
0 24 1517
0 8 926
0 8 889
0 10 20
0 22 846
0 15 317
0 13 2176
0 10 856
0 10 2588
0 13 1811
0 24 153
0 15 1464
0 9 2159
0 46 2779
0 13 1430
0 0 1068
0 2 872
0 17 276
0 24 2175
0 17 64
0 10 2585
0 22 1904
0 13 485
0 13 373
0 10 717
0 15 992
0 13 1808
0 10 2595
0 13 1070
0 9 389
0 13 1386
0 10 963
0 13 1088
0 13 954
0 42 1252
0 13 965
0 10 275
0 0 1092
0 38 2
0 10 2657
0 0 544
0 18 537
0 42 575
0 15 61
0 10 1039
0 13 2463
0 0 931
0 13 1245
0 46 1894
0 45 355
0 13 804
0 71 584
0 13 2242
0 10 2644
0 13 877
0 24 155
0 0 465
0 46 321
0 13 2232
0 15 1400
0 21 2094
0 15 1806
0 8 1000
0 10 2583
0 46 702
0 0 565
0 78 1454
0 13 2374
0 14 889
0 22 1243
0 42 224
0 12 569
0 18 73
0 22 481
0 10 2587
0 10 130
0 18 483
0 45 816
0 1 1249
0 15 314
0 8 919
0 46 1930
0 15 2468
0 2 3
0 46 1950
0 13 2431
0 46 262
0 0 1454
0 71 2004
0 18 2201
0 2 80
0 18 2786
0 15 1549
0 15 2856
0 13 913
0 13 748
0 2 979
0 0 70
0 42 58
0 45 855
0 12 1487
0 9 156
0 15 2857
0 42 517
0 45 2830
0 10 890
0 15 687
0 42 386
0 13 1472
0 13 923
0 13 1709
0 15 328
0 0 1116
0 9 3003
0 13 711
0 1 344
0 10 2609
0 0 689
0 8 266
0 15 150
0 10 2554
0 10 54
0 22 291
0 10 2513
0 1 463
0 15 2161
0 14 2
0 8 92
0 46 431
0 15 127
0 0 447
0 9 3034
0 105 658
0 11 889
0 15 716
0 2 2844
0 15 1428
0 13 2309
0 45 782
0 15 59
0 13 715
0 2 1585
0 13 2254
0 13 1646
0 13 1463
0 42 539
0 13 147
0 13 299
0 13 1631
0 105 2766
0 13 1513
0 13 88
0 13 1519
0 9 2
0 13 758
0 13 1272
0 71 336
0 10 406
0 8 465
0 105 887
0 9 1240
0 8 940
0 2 140
0 46 2768
0 9 946
0 10 1231
0 13 564
0 8 1033
0 22 2915
0 10 2643
0 18 918
0 10 2704
0 10 636
0 10 2653
0 13 1
0 11 553
0 10 1410
0 22 2756
0 8 339
0 13 1762
0 10 1350
0 9 185
0 10 529
0 0 1470
0 8 950
0 46 2814
0 24 2973
0 8 1405
0 10 566
0 10 2670
0 46 260
0 13 1823
0 15 1201
0 0 1474
0 8 924
0 17 288
0 13 1641
0 15 199
0 45 1593
0 13 2350
0 46 2009
0 9 672
0 46 1517
0 105 1298
0 13 25
0 10 409
0 2 639
0 9 382
0 8 624
0 10 2684
0 71 268
0 10 524
0 105 269
0 13 2383
0 9 401
0 13 1555
0 78 1817
0 0 669
0 18 893
0 24 944
0 0 115
0 18 2734
0 15 1319
0 15 179
0 8 435
0 13 2307
0 13 1480
0 11 474
0 15 262
0 24 1900
0 42 299
0 2 5
0 10 1792
0 0 1063
0 18 1941
0 78 570
0 10 2741
0 2 1121
0 15 534
0 10 2556
0 24 96
0 22 493
0 10 474
0 22 576
0 0 397
0 13 1374
0 8 1332
0 13 1223
0 78 654
0 18 635
0 46 1365
0 11 1105
0 8 855
0 10 408
0 0 499
0 13 2348
0 18 1019
0 10 2493
0 13 1827
0 13 1605
0 17 202
0 13 1009
0 42 970
0 22 2991
0 0 1166
0 18 153
0 105 845
0 105 1079
0 17 134
0 24 1475
0 17 224
0 13 645
0 22 1618
0 0 1208
0 8 551
0 8 1342
0 71 624
0 15 235
0 15 2948
0 10 2607
0 105 625
0 10 840
0 10 2546
0 0 1126
0 15 1372
0 42 1281
0 11 230
0 105 1006
0 46 645
0 13 1421
0 10 2652
0 46 796
0 10 2731
0 0 636
0 71 1063
0 0 1784
0 11 1176
0 11 995
0 11 1905
0 13 1621
0 46 512
0 11 382
0 13 2151
0 10 1372
0 9 2129
0 10 439
0 78 1690
0 105 415
0 8 1356
0 17 170
0 0 453
0 13 770
0 13 344
0 13 961
0 0 793
0 21 2150
0 13 1253
0 71 519
0 13 58
0 78 134
0 13 2408
0 1 523
0 22 2103
0 0 915
0 46 114
0 24 1503
0 46 2999
0 22 1024
0 15 318
0 10 1980
0 0 2022
0 46 2217
0 13 2296
0 8 1165
0 13 11
0 9 63
0 0 481
0 22 792
0 13 870
0 10 2651
0 42 1566
0 17 197
0 0 1565
0 0 389
0 22 263
0 13 997
0 13 1159
0 10 2531
0 46 3041
0 13 1649
0 13 427
0 15 115
0 45 286
0 11 664
0 11 2064
0 42 537
0 18 2214
0 24 2055
0 8 672
0 0 74
0 10 62
0 13 278
0 46 1966
0 13 1475
0 22 407
0 71 970
0 13 2222
0 10 466
0 13 2295
0 10 2501
0 46 134
0 2 2982
0 11 339
0 24 2032
0 10 1494
0 8 23
0 18 232
0 46 1193
0 8 1582
0 15 816
0 42 441
0 2 1113
0 10 2645
0 46 1079
0 18 2735
0 13 2268
0 10 547
0 15 658
0 45 731
0 13 829
0 18 2040
0 13 2357
0 1 1233
0 42 373
0 13 162
0 11 2110
0 46 1446
0 0 52
0 0 1529
0 10 1424
0 22 2042
0 11 2046
0 15 1078
0 13 1720
0 0 247
0 8 281
0 13 2298
0 46 2465
0 46 1427
0 15 25
0 15 236
0 10 1728
0 0 476
0 0 684
0 13 903
0 15 345
0 2 101
0 42 675
0 71 130
0 105 899
0 11 1166
0 13 2406
0 24 2039
0 10 1795
0 13 1971
0 15 331
0 10 2712
0 13 307
0 17 1911
0 0 266
0 8 72
0 78 800
0 10 1243
0 42 518
0 8 414
0 17 96
0 2 69
0 8 965
0 15 1182
0 2 3045
0 10 658
0 2 2966
0 8 1013
0 18 726
0 46 2193
0 0 952
0 17 114
0 21 532
0 18 658
0 0 469
0 21 531
0 22 505
0 10 574
0 12 700
0 13 500
0 11 486
0 24 3043
0 15 701
0 13 2218
0 42 1015
0 18 1297
0 0 1994
0 13 628
0 13 838
0 0 1629
0 10 1383
0 0 1691
0 13 1135
0 11 488
0 42 535
0 8 1832
0 10 2605
0 13 1750
0 46 157
0 15 158
0 24 1491
0 1 1304
0 105 1494
0 13 291
0 0 621
0 13 490
0 15 316
0 15 2863
0 9 3002
0 105 397
0 46 1846
0 11 130
0 8 1024
0 13 2280
0 11 782
0 105 521
0 0 1274
0 78 515
0 0 553
0 10 2647
0 13 2459
0 2 745
0 8 1098
0 21 143
0 18 829
0 0 229
0 13 537
0 8 953
0 16 2
0 22 515
0 0 466
0 2 1093
0 10 153
0 24 260
0 2 1090
0 18 373
0 8 928
0 15 63
0 15 157
0 13 2427
0 2 1389
0 13 1104
0 0 1012
0 13 1828
0 21 658
0 0 515
0 18 1797
0 15 476
0 42 1591
0 46 2829
0 10 1244
0 9 2086
0 10 1609
0 18 2205
0 0 590
0 17 62
0 105 2193
0 78 2753
0 0 1676
0 15 712
0 17 164
0 42 448
0 15 149
0 45 3012
0 13 176
0 42 385
0 71 2733
0 13 1623
0 0 972
0 13 1449
0 22 369
0 2 1976
0 22 1898
0 2 216
0 15 691
0 8 1067
0 46 410
0 13 765
0 0 1219
0 24 655
0 12 371
0 46 1812
0 78 1459
0 0 401
0 0 322
0 13 674
0 22 3016
0 24 185
0 42 1214
0 78 895
0 17 85
0 17 286
0 105 1813
0 15 533
0 22 618
0 71 961
0 22 2057
0 42 199
0 9 298
0 13 2273
0 11 842
0 8 1944
0 9 3033
0 1 1879
0 42 1283
0 2 3021
0 13 1512
0 10 1586
0 0 674
0 0 1924
0 46 1714
0 8 1066
0 13 2359
0 42 1001
0 17 196
0 46 1951
0 14 298
0 10 2541
0 17 281
0 13 504
0 10 867
0 46 1431
0 13 196
0 10 2561
0 11 2147
0 10 476
0 11 473
0 46 568
0 13 1345
0 2 1384
0 8 487
0 22 819
0 13 1567
0 1 1637
0 13 1227
0 10 2720
0 46 421
0 105 1009
0 2 646
0 24 2143
0 11 1440
0 10 2489
0 10 1258
0 15 582
0 71 2932
0 105 1173
0 71 53
0 17 103
0 10 2665
0 8 1232
0 24 907
0 13 836
0 24 2762
0 22 278
0 45 725
0 10 1311
0 42 842
0 42 907
0 0 807
0 8 492
0 10 2494
0 0 336
0 42 457
0 22 899
0 10 1753
0 2 1114
0 21 1895
0 10 2698
0 0 421
0 17 221
0 10 2615
0 0 577
0 10 2572
0 18 294
0 18 1268
0 13 2366
0 15 1220
0 46 625
0 71 1012
0 15 193
0 8 1145
0 325 46
0 0 1269
0 13 672
0 11 1453
0 24 2969
0 1 575
0 24 2213
0 15 2765
0 15 260
0 10 806
0 45 155
0 0 1973
0 22 2820
0 45 312
0 71 871
0 13 1074
0 2 1761
0 10 1657
0 18 911
0 42 726
0 1 2975
0 10 1770
0 22 330
0 14 2099
0 15 1943
0 9 847
0 46 222
0 14 96
0 0 450
0 24 2896
0 2 741
0 12 1026
0 10 1084
0 10 37
0 0 1576
0 22 1853
0 13 2339
0 10 862
0 22 690
0 105 2860
0 3018 2
0 13 450
0 9 203
0 2 1043
0 46 618
0 21 287
0 42 134
0 10 2663
0 78 1476
0 8 572
0 46 115
0 42 593
0 10 1694
0 22 1228
0 46 532
0 46 269
0 13 1543
0 71 1004
0 45 697
0 18 1140
0 14 1364
0 22 679
0 105 2862
0 15 299
0 13 2257
0 11 2869
0 8 324
0 8 683
0 0 384
0 15 487
0 13 1558
0 15 124
0 13 2403
0 10 739
0 13 1533
0 13 1659
0 9 97
0 18 372
0 9 1969
0 24 1962
0 46 1679
0 8 164
0 13 133
0 8 846
0 11 896
0 10 855
0 0 114
0 13 96
0 71 278
0 10 392
0 13 1666
0 17 227
0 10 1722
0 11 531
0 105 364
0 11 2031
0 9 157
0 0 1095
0 10 413
0 0 1652
0 2 1411
0 13 2430
0 24 465
0 24 157
0 10 2518
0 10 582
0 42 2017
0 13 2456
0 105 232
0 10 1296
0 1523 2
0 13 2243
0 13 269
0 46 2812
0 0 534
0 0 459
0 13 2317
0 42 500
0 21 2131
0 11 1487
0 2 2100
0 11 846
0 21 2109
0 10 2553
0 24 436
0 13 771
0 46 303
0 10 2490
0 46 717
0 24 1527
0 18 275
0 15 28
0 0 1814
0 13 1388
0 2 128
0 18 623
0 0 134
0 2 2958
0 10 2612
0 42 260
0 10 1376
0 13 576
0 13 1030
0 105 303
0 21 990
0 10 2516
0 21 2933
0 13 2283
0 13 1575
0 0 406
0 13 800
0 71 704
0 10 468
0 24 222
0 13 2353
0 15 903
0 46 147
0 105 1936
0 11 373
0 15 564
0 0 431
0 13 386
0 0 804
0 17 225
0 2 229
0 2 2121
0 13 1563
0 13 1045
0 24 674
0 8 1541
0 105 400
0 45 532
0 105 504
0 13 2448
0 21 1152
0 13 2386
0 22 577
0 9 483
0 15 298
0 2 2925
0 18 337
0 2 1157
0 10 1682
0 13 28
0 45 835
0 13 130
0 45 2927
0 22 135
0 22 1690
0 15 27
0 10 1534
0 0 1837
0 46 376
0 13 435
0 105 1476
0 46 2751
0 13 2281
0 45 509
0 13 2400
0 24 50
0 10 1014
0 13 407
0 42 153
0 11 1
0 46 1225
0 24 2197
0 11 2085
0 0 130
0 15 163
0 46 2782
0 15 33
0 17 198
0 10 2613
0 0 1578
0 9 163
0 46 2210
0 15 30
0 22 793
0 13 143
0 24 421
0 15 1860
0 13 2360
0 10 2742
0 71 2904
0 13 2260
0 8 596
0 10 834
0 14 790
0 21 1909
0 0 1004
0 8 131
0 13 1560
0 13 131
0 9 1439
0 13 1700
0 10 2674
0 10 709
0 1 143
0 13 1599
0 0 391
0 13 1343
0 13 2426
0 22 1669
0 0 827
0 0 922
0 0 483
0 0 520
0 0 246
0 8 1973
0 24 1920
0 11 2773
0 10 2725
0 71 1257
0 13 580
0 13 1511
0 13 382
0 0 613
0 10 435
0 2 676
0 13 127
0 13 1054
0 46 690
0 8 1163
0 46 481
0 18 845
0 2 99
0 42 487
0 13 1526
0 13 474
0 13 1595
0 10 386
0 9 266
0 10 2540
0 0 1075
0 22 3001
0 11 2133
0 21 130
0 22 155
0 17 285
0 11 1763
0 1 176
0 13 2177
0 11 990
0 105 2880
0 45 2891
0 15 410
0 14 17
0 22 2887
0 42 132
0 17 965
0 10 2574
0 0 624
0 10 533
0 11 2149
0 0 1201
0 22 1565
0 10 530
0 46 439
0 78 1203
0 13 2415
0 105 792
0 15 47
0 2 649
0 10 1473
0 105 448
0 10 336
0 42 546
0 13 467
0 71 2093
0 11 266
0 10 1066
0 17 433
0 13 1804
0 46 131
0 0 1986
0 42 471
0 105 52
0 2 1207
0 42 232
0 13 2342
0 1 2058
0 46 1039
0 10 2593
0 10 766
0 13 184
0 15 234
0 10 596
0 24 19
0 1 521
0 10 1019
0 46 479
0 9 108
0 8 996
0 13 1716
0 8 348
0 0 506
0 10 2520
0 22 658
0 15 1853
0 11 2079
0 15 734
0 13 525
0 105 2771
0 8 521
0 2 1643
0 15 350
0 21 2082
0 15 2162
0 21 1939
0 45 482
0 0 705
0 17 223
0 15 305
0 22 2088
0 13 398
0 46 73
0 13 1776
0 10 614
0 8 1158
0 12 576
0 71 2760
0 13 2362
0 45 597
0 10 551
0 46 2872
0 8 993
0 0 1373
0 1779 8
0 1 1250
0 8 1079
0 10 1063
0 2 984
0 71 905
0 13 2270
0 22 653
0 15 32
0 13 2346
0 13 2404
0 10 155
0 13 2265
0 0 461
0 105 2901
0 2 2981
0 10 825
0 1 960
0 14 845
0 0 1263
0 15 689
0 15 155
0 71 395
0 0 275
0 2 2171
0 45 1951
0 24 1024
0 22 1424
0 18 2035
0 13 1495
0 78 220
0 10 2564
0 10 185
0 11 275
0 0 843
0 22 466
0 46 62
0 13 570
0 13 767
0 13 875
0 15 153
0 10 238
0 9 645
0 13 1180
0 11 2758
0 0 893
0 45 1966
0 17 271
0 17 1173
0 1 20
0 15 244
0 10 114
0 2 259
0 14 2920
0 10 2745
0 24 233
0 42 300
0 9 512
0 13 2247
0 8 401
0 18 115
0 24 782
0 10 401
0 14 1888
0 1 155
0 8 1557
0 42 484
0 78 3027
0 13 980
0 9 487
0 10 2680
0 13 1697
0 0 464
0 13 695
0 10 555
0 105 489
0 42 1687
0 24 1246
0 24 2993
0 46 1917
0 10 77
0 15 58
0 0 803
0 9 2910
0 10 171
0 9 1241
0 10 782
0 13 2384
0 14 1299
0 0 540
0 13 2414
0 13 1484
0 8 1836
0 2 677
0 10 492
0 78 531
0 9 1565
0 18 247
0 24 2793
0 14 53
0 13 2274
0 0 896
0 24 2792
0 13 597
0 9 2056
0 46 2907
0 10 111
0 0 501
0 9 1794
0 17 169
0 0 532
0 18 56
0 8 1021
0 2 659
0 8 275
0 2 68
0 0 1387
0 71 1258
0 10 2525
0 14 1298
0 24 53
0 0 701
0 13 132
0 18 2189
0 24 2910
0 22 73
0 18 2191
0 15 112
0 0 657
0 15 187
0 13 2335
0 21 3046
0 15 51
0 8 1806
0 13 1419
0 18 2184
0 2 2140
0 78 2198
0 46 1937
0 0 643
0 105 858
0 13 282
0 2 1270
0 46 1947
0 22 378
0 9 1358
0 0 1537
0 18 1714
0 22 887
0 2 141
0 105 2780
0 24 18
0 46 2211
0 1 860
0 0 809
0 15 31
0 10 2642
0 8 303
0 18 1129
0 15 899
0 105 2955
0 46 533
0 45 483
0 22 1130
0 105 231
0 13 857
0 45 294
0 13 2289
0 10 687
0 0 1378
0 0 781
0 13 486
0 45 487
0 10 1686
0 10 394
0 13 1295
0 10 2544
0 13 1541
0 45 62
0 45 866
0 9 2050
0 42 447
0 13 1664
0 11 383
0 24 2106
0 24 1426
0 15 125
0 13 461
0 10 151
0 13 2419
0 11 1100
0 8 508
0 21 1145
0 24 1918
0 13 108
0 46 1173
0 13 97
0 15 34
0 24 1291
0 42 1706
0 10 421
0 13 2417
0 0 20
0 15 213
0 15 650
0 46 447
0 45 1196
0 9 505
0 2 1875
0 13 2395
0 45 575
0 11 1299
0 46 2877
0 24 2851
0 0 686
0 2 642
0 13 1729
0 10 2636
0 17 82
0 8 502
0 78 650
0 45 1004
0 9 808
0 10 2625
0 13 2368
0 0 1223
0 42 455
0 18 1815
0 2151 2
0 0 413
0 10 1744
0 13 578
0 13 416
0 12 1278
0 13 631
0 9 134
0 9 685
0 0 386
0 11 655
0 42 1975
0 15 1247
0 13 1309
0 17 275
0 46 171
0 13 1615
0 11 476
0 105 75
0 21 2997
0 24 295
0 10 2482
0 18 264
0 0 1867
0 13 1660
0 71 1
0 22 2853
0 45 1968
0 10 72
0 0 1473
0 17 535
0 24 431
0 8 1715
0 13 487
0 9 1447
0 2 2890
0 78 1240
0 78 1075
0 8 906
0 15 510
0 10 2565
0 10 2566
0 13 904
0 42 1469
0 15 297
0 10 1445
0 15 344
0 13 505
0 42 240
0 15 210
0 46 670
0 45 538
0 13 114
0 10 2614
0 13 1044
0 13 2302
0 0 625
0 42 623
0 21 2203
0 0 507
0 0 842
0 8 1590
0 105 1953
0 0 1441
0 10 452
0 0 157
0 0 1097
0 13 821
0 13 1478
0 13 1105
0 8 966
0 13 1111
0 8 1789
0 46 1278
0 10 842
0 18 517
0 10 2640
0 8 1130
0 10 2589
0 21 278
0 13 1618
0 8 911
0 13 2245
0 0 62
0 8 991
0 10 152
0 14 492
0 13 675
0 10 411
0 0 1320
0 10 143
0 78 9
0 13 2228
0 11 510
0 13 2239
0 13 2236
0 15 526
0 0 43
0 13 2318
0 46 1692
0 13 1741
0 13 932
0 105 628
0 2 1161
0 13 868
0 13 1134
0 9 2071
0 10 1294
0 45 564
0 10 2646
0 18 1446
0 46 151
0 1 471
0 10 1409
0 13 1420
0 8 204
0 13 1266
0 202 2
0 13 1202
0 10 1464
0 13 1248
0 71 160
0 24 1546
0 0 387
0 78 664
0 42 589
0 22 1702
0 105 931
0 18 173
0 15 123
0 13 1483
0 2 1398
0 13 832
0 13 698
0 24 1182
0 11 2122
0 15 264
0 13 1684
0 10 2026
0 11 733
0 8 1254
0 15 1795
0 10 769
0 13 2324
0 71 1393
0 13 535
0 10 1201
0 13 977
0 13 443
0 0 626
0 13 111
0 10 1160
0 42 596
0 13 1471
0 46 564
0 13 1769
0 10 2729
0 10 2567
0 15 2964
0 46 2466
0 8 782
0 18 1324
0 22 611
0 24 2889
0 0 1251
0 45 425
0 0 143
0 13 1788
0 42 571
0 13 1579
0 24 1933
0 13 1299
0 2 2805
0 42 1927
0 11 431
0 13 1451
0 9 2944
0 2 1404
0 13 1819
0 2 1883
0 8 1184
0 24 2469
0 42 1571
0 0 1401
0 24 466
0 45 2037
0 10 2527
0 15 2961
0 42 393
0 46 576
0 325 2
0 13 2272
0 13 1235
0 10 248
0 10 2550
0 14 1890
0 13 2304
0 45 75
0 10 97
0 45 2135
0 13 1101
0 8 389
0 8 489
0 13 814
0 105 1834
0 18 54
0 46 683
0 2 869
0 46 1925
0 13 782
0 22 293
0 8 547
0 8 988
0 13 2409
0 13 1881
0 22 153
0 18 1436
0 0 561
0 46 2874
0 8 948
0 13 861
0 0 473
0 15 1443
0 15 154
0 0 789
0 8 835
0 46 547
0 45 558
0 15 212
0 105 2825
0 15 1074
0 21 492
0 2 253
0 22 851
0 71 92
0 14 2885
0 22 461
0 13 476
0 42 431
0 2 1977
0 105 651
0 13 2230
0 13 1444
0 13 399
0 18 675
0 24 1209
0 0 178
0 13 784
0 21 447
0 8 1170
0 0 787
0 21 384
0 0 1056
0 42 547
0 38 39
0 10 2552
0 0 1432
0 46 1491
0 71 172
0 8 1237
0 78 476
0 1 447
0 1 1105
0 10 2635
0 21 1638
0 0 792
0 13 1713
0 13 699
0 22 2154
0 10 772
0 13 2450
0 46 1993
0 13 275
0 13 809
0 9 2067
0 10 2515
0 13 755
0 17 138
0 2 18
0 10 798
0 2 326
0 24 1731
0 10 2702
0 2 2854
0 0 895
0 0 1244
0 0 960
0 18 2209
0 0 1901
0 22 1443
0 13 1427
0 46 448
0 10 2548
0 13 550
0 10 1601
0 15 1442
0 13 2412
0 13 2024
0 15 729
0 13 2432
0 15 342
0 17 1103
0 45 828
0 10 1674
0 8 669
0 10 918
0 0 627
0 10 2676
0 24 2979
0 14 1076
0 13 1436
0 0 1524
0 10 1507
0 13 949
0 13 1076
0 17 270
0 11 1298
0 17 1669
0 46 2843
0 46 2883
0 10 113
0 10 733
0 24 395
0 22 2084
0 13 842
0 13 2347
0 13 2308
0 11 392
0 10 2555
0 15 313
0 0 1424
0 13 2460
0 71 1446
0 11 1978
0 2 67
0 22 163
0 42 1476
0 13 901
0 105 2219
0 105 2475
0 8 70
0 22 185
0 2 1958
0 11 134
0 0 902
0 8 1574
0 13 1482
0 1 133
0 22 670
0 22 1461
0 22 726
0 21 2935
0 15 295
0 46 828
0 0 622
0 10 1173
0 46 2195
0 11 888
0 15 183
0 10 1544
0 42 176
0 13 2393
0 13 2453
0 42 782
0 71 107
0 8 842
0 0 1632
0 46 285
0 0 644
0 46 1540
0 0 127
0 71 593
0 13 8
0 46 492
0 10 833
0 0 1805
0 14 2136
0 18 1134
0 0 1394
0 1 685
0 10 2508
0 9 2831
0 0 516
0 24 533
0 2 1042
0 71 3025
0 21 2168
0 24 1859
0 13 685
0 2 647
0 13 2294
0 13 2259
0 13 566
0 9 23
0 13 12
0 2 242
0 13 1303
0 46 629
0 10 624
0 46 1066
0 15 322
0 17 9
0 2 1874
0 13 2321
0 10 1427
0 13 95
0 10 1475
0 15 1260
0 15 2951
0 21 362
0 46 1726
0 24 656
0 13 608
0 0 155
0 1 459
0 42 229
0 18 923
0 11 54
0 46 1228
0 15 1302
0 24 1255
0 42 50
0 8 379
0 78 3015
0 13 2371
0 21 2785
0 22 919
0 15 77
0 13 555
0 9 467
0 0 596
0 13 1636
0 9 52
0 18 1201
0 17 97
0 18 1952
0 8 232
0 9 675
0 13 62
0 105 700
0 13 239
0 78 1105
0 0 1502
0 17 31
0 24 675
0 15 1857
0 78 57
0 9 2217
0 0 560
0 45 321
0 9 2943
0 15 239
0 13 808
0 13 1673
0 14 833
0 15 348
0 8 1183
0 42 1685
0 46 217
0 24 2034
0 10 2526
0 13 2229
0 42 1100
0 13 2291
0 10 2
0 13 199
0 9 2107
0 14 815
0 13 134
0 10 1934
0 0 382
0 42 407
0 10 1032
0 15 177
0 0 443
0 10 470
0 13 2287
0 2 692
0 105 2781
0 2 24
0 24 538
0 8 626
0 13 1752
0 13 1633
0 13 1208
0 42 464
0 10 710
0 10 1676
0 13 1809
0 10 1346
0 10 1364
0 105 1437
0 71 1349
0 13 1619
0 13 579
0 42 707
0 22 2757
0 15 755
0 71 2902
0 13 503
0 10 502
0 22 1105
0 10 669
0 24 2094
0 13 1165
0 17 1870
0 13 1654
0 0 376
0 13 2020
0 0 828
0 105 793
0 10 73
0 8 79
0 13 2253
0 21 1265
0 13 813
0 13 2420
0 45 473
0 21 3028
0 13 2442
0 10 2627
0 13 2316
0 15 219
0 10 1144
0 15 1318
0 8 62
0 0 1456
0 46 443
0 9 1525
0 15 301
0 11 1175
0 15 180
0 8 393
0 12 114
0 0 1363
0 1 524
0 10 1502
0 2 743
0 24 1490
0 18 1971
0 2 1395
0 45 925
0 105 431
0 17 200
0 2 1648
0 105 351
0 13 909
0 10 2683
0 42 923
0 2 89
0 0 854
0 10 1527
0 9 785
0 8 1197
0 15 343
0 10 119
0 46 1058
0 46 2931
0 2 2870
0 10 2664
0 10 877
0 78 513
0 18 50
0 13 1453
0 11 2145
0 0 883
0 13 328
0 13 300
0 13 2378
0 18 1541
0 46 787
0 15 156
0 0 1399
0 13 1833
0 9 1923
0 22 1303
0 2 1085
0 17 199
0 10 853
0 11 303
0 22 927
0 0 1532
0 0 1203
0 18 858
0 0 656
0 10 1318
0 24 2141
0 15 1859
0 13 2286
0 10 2638
0 0 886
0 15 2
0 13 1431
0 10 1132
0 8 969
0 0 791
0 0 302
0 13 792
0 2 1402
0 71 1984
0 71 2761
0 13 48
0 11 2124
0 8 224
0 18 1428
0 13 1498
0 14 2199
0 46 496
0 13 1341
0 71 1464
0 8 548
0 11 2
0 8 935
0 105 2750
0 22 534
0 8 1229
0 22 3005
0 9 2834
0 8 344
0 0 594
0 2 42
0 13 2356
0 13 775
0 11 509
0 10 2512
0 0 970
0 45 850
0 45 389
0 13 1562
0 18 2206
0 21 279
0 0 1247
0 21 1997
0 0 801
0 8 921
0 21 907
0 8 1639
0 78 344
0 13 543
0 2 445
0 11 681
0 18 891
0 105 230
0 15 569
0 10 1439
0 0 900
0 11 1220
0 13 2435
0 24 1806
0 18 1615
0 24 1430
0 13 2235
0 10 2027
0 17 2
0 10 2545
0 10 1103
0 13 1747
0 71 700
0 13 433
0 71 2142
0 8 858
0 45 1908
0 10 2681
0 45 2839
0 8 471
0 13 1838
0 13 2389
0 22 2097
0 14 958
0 2 1217
0 13 1717
0 9 79
0 13 498
0 22 1899
0 105 412
0 8 1006
0 9 980
0 17 380
0 15 79
0 12 674
0 8 943
0 13 2263
0 24 798
0 13 1628
0 71 2852
0 45 1203
0 105 464
0 0 584
0 0 508
0 15 386
0 10 1087
0 9 650
0 10 176
0 8 96
0 13 1209
0 13 470
0 22 312
0 0 658
0 17 492
0 8 786
0 0 1028
0 13 294
0 46 1607
0 10 403
0 8 20
0 24 899
0 18 437
0 8 48
0 45 2081
0 2 76
0 13 975
0 9 733
0 8 466
0 78 914
0 24 2196
0 42 1354
0 13 54
0 14 629
0 22 1897
0 14 683
0 17 1122
0 42 531
0 18 700
0 24 1256
0 10 2559
0 9 1191
0 2 640
0 22 757
0 10 2507
0 15 245
0 22 489
0 9 64
0 105 53
0 105 486
0 22 625
0 42 508
0 13 483
0 9 176
0 18 2774
0 13 825
0 10 424
0 1 1859
0 0 1299
0 45 3050
0 13 1369
0 13 1080
0 42 466
0 0 881
0 105 2789
0 14 1461
0 18 134
0 1 2838
0 78 1822
0 18 2019
0 1 534
0 13 1764
0 46 1166
0 10 1680
0 71 90
0 71 650
0 10 2626
0 22 1912
0 46 2216
0 78 466
0 10 1164
0 10 785
0 42 439
0 8 505
0 15 176
0 13 1106
0 13 2439
0 13 2440
0 11 899
0 10 1037
0 0 388
0 0 1491
0 105 2757
0 10 2551
0 14 487
0 10 938
0 13 556
0 11 650
0 13 1522
0 105 450
0 13 1156
0 15 57
0 18 2188
0 9 465
0 0 292
0 9 493
0 10 633
0 45 818
0 10 450
0 105 492
0 18 1369
0 13 226
0 14 407
0 0 581
0 13 2452
0 24 79
0 18 738
0 9 1181
0 15 60
0 46 384
0 10 125
0 10 2748
0 8 619
0 11 52
0 15 1399
0 13 2036
0 8 476
0 0 1503
0 8 1915
0 42 1012
0 10 2562
0 22 1304
0 15 490
0 24 1923
0 46 1304
0 15 2952
0 13 2367
0 10 2608
0 71 976
0 13 1627
0 21 2912
0 0 1423
0 45 600
0 0 54
0 10 2730
0 13 1329
0 13 2336
0 13 2284
0 42 460
0 14 295
0 0 664
0 8 298
0 15 1740
0 13 2320
0 8 1150
0 10 1675
0 24 3044
0 78 401
0 46 2832
0 46 2954
0 45 620
0 10 56
0 0 1405
0 22 18
0 22 1212
0 0 527
0 11 260
0 18 1527
0 42 898
0 10 39
0 0 58
0 10 1802
0 11 2134
0 21 508
0 1 871
0 0 992
0 13 1014
0 18 269
0 42 155
0 46 2001
0 9 28
0 17 122
0 11 2062
0 15 266
0 0 736
0 0 77
0 71 1986
0 10 1589
0 14 3031
0 9 3019
0 12 558
0 10 458
0 13 839
0 0 1830
0 10 2486
0 9 1431
0 105 739
0 0 916
0 9 1076
0 0 1490
0 11 2066
0 13 625
0 24 2957
0 9 248
0 46 534
0 71 2119
0 22 2076
0 15 485
0 13 1446
0 46 1967
0 18 2756
0 8 54
0 42 534
0 0 1
0 2 214
0 10 945
0 18 70
0 22 157
0 0 1248
0 0 764
0 42 1284
0 18 2202
0 15 2808
0 13 396
0 18 1906
0 0 519
0 105 194
0 13 1486
0 10 1503
0 13 1746
0 45 464
0 1 713
0 18 230
0 13 1481
0 202 358
0 13 1357
0 13 558
0 11 48
0 42 1515
0 21 2127
0 8 163
0 10 494
0 24 3042
0 0 1390
0 8 1572
0 13 1610
0 14 1876
0 46 480
0 24 74
0 10 1297
0 13 1194
0 22 588
0 13 1035
0 18 114
0 0 1914
0 22 164
0 18 2879
0 10 122
0 42 1462
0 8 1603
0 71 2850
0 105 2842
0 78 530
0 78 2938
0 13 604
0 8 1220
0 46 3036
0 42 772
0 10 702
0 18 377
0 17 279
0 21 2989
0 71 114
0 17 162
0 71 300
0 13 2392
0 0 1198
0 1926 9
0 13 1848
0 8 377
0 71 344
0 10 2721
0 10 871
0 71 672
0 11 3023
0 13 2425
0 105 485
0 11 2132
0 42 1326
0 10 1452
0 10 2658
0 13 693
0 10 2672
0 8 286
0 0 1551
0 2 638
0 0 1311
0 8 1517
0 46 1177
0 22 429
0 17 424
0 10 483
0 24 2108
0 13 1539
0 2 879
0 42 878
0 71 62
0 10 2662
0 2 195
0 15 138
0 0 1985
0 105 2824
0 10 654
0 18 443
0 14 1210
0 46 173
0 10 2629
0 15 1946
0 21 2170
0 46 1101
0 78 2059
0 42 384
0 105 2821
0 42 868
0 361 2
0 46 1970
0 13 1826
0 10 404
0 42 798
0 13 1552
0 46 931
0 13 2387
0 105 896
0 105 2835
0 10 2623
0 13 845
0 9 1551
0 13 569
0 13 137
0 2 1757
0 71 133
0 22 194
0 9 2098
0 15 737
0 71 550
0 8 767
0 10 2690
0 45 427
0 10 2678
0 42 1773
0 13 2457
0 46 1490
0 10 2634
0 0 1547
0 13 2377
0 10 2539
0 15 1267
0 8 658
0 10 719
0 78 2012
0 15 1226
0 8 1104
0 2 983
0 1 2041
0 13 588
0 10 747
0 13 2422
0 10 2502
0 10 767
0 8 231
0 10 131
0 0 739
0 15 37
0 78 560
0 8 1815
0 21 1893
0 13 110
0 13 678
0 13 2388
0 2 1141
0 71 50
0 105 266
0 71 632
0 18 72
0 13 439
0 42 606
0 22 248
0 18 79
0 13 533
0 0 1682
0 10 1267
0 42 1790
0 13 456
0 10 1430
0 0 1327
0 17 104
0 24 48
0 202 357
0 9 500
0 18 2802
0 10 835
0 10 1766
0 13 2424
0 8 661
0 14 1887
0 13 2363
0 13 561
0 10 2715
0 13 2290
0 13 1464
0 13 2258
0 13 1408
0 13 187
0 21 2837
0 12 1670
0 18 634
0 15 29
0 11 1517
0 46 994
0 1 1915
0 78 3011
0 11 443
0 10 2746
0 0 1991
0 15 337
0 8 1132
0 42 846
0 46 486
0 45 383
0 24 888
0 10 588
0 42 618
0 13 2275
0 78 1640
0 10 2492
0 24 2738
0 42 1265
0 10 2691
0 10 2616
0 10 29
0 24 369
0 18 960
0 9 1508
0 13 1843
0 10 2579
0 8 877
0 18 1862
0 0 1536
0 8 670
0 18 2871
0 2 1174
0 2 353
0 10 487
0 0 610
0 0 694
0 10 2696
0 13 0
0 15 782
0 2 422
0 0 573
0 10 1428
0 2 2139
0 15 708
0 13 1403
0 13 404
0 21 2990
0 0 755
0 10 2538
0 78 465
0 8 383
0 10 2632
0 10 2718
0 15 111
0 46 1605
0 22 222
0 13 658
0 0 1771
0 42 568
0 105 2873
0 9 632
0 13 70
0 13 2233
0 2 139
0 8 1177
0 21 2167
0 13 1377
0 13 1467
0 0 521
0 18 431
0 10 974
0 13 377
0 78 863
0 46 2477
0 10 1
0 46 382
0 8 1221
0 13 1698
0 8 134
0 13 308
0 17 222
0 9 127
0 15 129
0 15 50
0 105 917
0 18 2207
0 8 1188
0 46 1852
0 13 2301
0 13 116
0 21 1885
0 10 2603
0 11 1591
0 14 577
0 14 281
0 15 754
0 22 873
0 21 2806
0 45 293
0 46 454
0 14 509
0 24 3039
0 9 286
0 0 1264
0 22 500
0 24 650
0 10 1780
0 22 1366
0 15 320
0 46 459
0 46 2480
0 42 826
0 2 1938
0 9 661
0 78 2735
0 13 791
0 10 2714
0 10 2667
0 10 1981
0 15 2858
0 9 924
0 22 683
0 17 389
0 0 607
0 42 653
0 8 1017
0 13 2397
0 22 2090
0 10 521
0 18 130
0 13 532
0 105 1235
0 0 1984
0 2 982
0 24 134
0 15 918
0 13 911
0 0 1057
0 8 934
0 13 1751
0 15 1475
0 8 1479
0 46 681
0 45 550
0 13 2382
0 0 1368
0 13 2355
0 2 3049
0 0 48
0 22 2822
0 11 2471
0 13 927
0 105 2473
0 42 739
0 10 2747
0 10 508
0 105 1231
0 10 2682
0 10 2668
0 24 2759
0 15 136
0 13 2462
0 0 73
0 10 1191
0 1 1911
0 8 1312
0 13 899
0 21 2914
0 24 681
0 13 1642
0 13 1765
0 8 1034
0 13 1002
0 15 147
0 21 2749
0 13 992
0 10 2592
0 42 1372
0 42 1465
0 0 619
0 45 739
0 17 86
0 8 248
0 13 1796
0 18 157
0 0 1078
0 10 2650
0 10 1386
0 45 449
0 10 217
0 0 1653
0 2 1109
0 17 95
0 13 882
0 24 127
0 46 2763
0 46 545
0 18 378
0 11 672
0 10 402
0 0 602
0 10 1240
0 105 488
0 11 630
0 71 538
0 8 1139
0 22 1142
0 0 1818
0 10 96
0 13 773
0 24 2797
0 21 1
0 24 2101
0 10 2530
0 42 438
0 0 2
0 42 553
0 13 1082
0 46 2072
0 18 164
0 42 1060
0 0 151
0 13 670
0 14 360
0 0 1094
0 10 1447
0 0 187
0 17 83
0 42 1965
0 10 41
0 46 2019
0 10 718
0 18 2801
0 10 1540
0 0 1323
0 10 2740
0 24 2118
0 11 1435
0 22 651
0 105 684
0 21 2906
0 12 2004
0 13 120
0 11 1106
0 46 2942
0 10 120
0 13 1339
0 10 137
0 8 1162
0 13 1065
0 0 829
0 46 2479
0 10 845
0 17 84
0 18 1856
0 15 248
0 13 489
0 21 448
0 71 407
0 13 2269
0 11 878
0 9 858
0 24 515
0 45 792
0 42 1794
0 15 290
0 8 130
0 13 2399
0 13 2241
0 2 255
0 15 1149
0 0 1381
0 46 1999
0 10 997
0 17 1983
0 13 92
0 17 277
0 13 846
0 42 389
0 10 2542
0 9 2019
0 24 702
0 13 2178
0 11 2144
0 12 2155
0 105 399
0 9 60
0 45 793
0 0 582
0 46 1998
0 0 575
0 2 2924
0 15 2949
0 14 292
0 0 1421
0 13 1240
0 13 1651
0 13 1242
0 9 58
0 15 54
0 10 2689
0 8 247
0 46 2212
0 22 2735
0 0 728
0 105 629
0 42 266
0 13 619
0 12 1
0 10 1816
0 0 967
0 10 1024
0 105 162
0 15 117
