0 1
0 2
0 3
4 5
6 7
0 8
4 9
6 0
10 11
12 0
13 0
14 6
10 15
16 0
17 0
18 6
4 0
12 19
10 20
12 21
12 22
23 0
10 24
25 26
0 27
0 28
0 29
0 30
0 31
4 32
4 33
12 34
12 35
12 36
12 37
12 38
12 39
12 40
2 41
2 42
43 44
25 45
25 46
4 47
2 48
25 0
10 49
4 50
4 51
4 52
4 53
4 54
4 55
10 56
10 57
10 58
43 0
10 59
10 60
14 0
43 61
43 62
0 63
10 0
3 64
2 65
3 66
2 67
13 6
10 68
69 0
10 70
43 71
43 72
43 73
43 74
43 75
43 76
43 77
43 78
79 0
3 80
43 81
82 83
82 84
85 10
4 86
0 87
25 88
25 89
25 70
17 90
23 91
8 92
18 0
8 93
18 94
3 95
3 96
3 97
3 98
3 99
3 100
3 101
43 102
4 103
25 104
85 0
105 0
12 91
106 0
17 107
17 108
8 109
8 110
8 77
8 111
85 112
105 94
10 113
85 114
85 115
43 116
2 6
4 117
63 118
63 119
4 120
82 0
4 121
122 123
13 94
16 10
43 124
43 125
43 126
25 4
0 127
0 128
3 91
2 129
43 130
17 91
79 10
85 131
10 132
3 133
43 134
0 135
0 136
0 137
0 138
43 139
63 83
63 84
82 140
82 141
79 131
16 131
43 142
12 17
10 143
43 144
43 145
63 24
43 146
43 109
43 111
17 147
1 94
23 17
43 148
2 94
25 149
17 150
25 151
17 140
14 94
25 118
8 94
13 121
82 131
10 131
43 152
43 153
0 154
10 155
4 118
63 140
6 94
3 156
3 157
3 17
43 118
85 158
43 159
43 160
10 161
43 162
43 163
2 112
63 25
43 164
43 165
43 166
43 167
43 168
43 169
3 170
3 171
63 172
10 173
10 174
43 175
43 176
0 177
0 178
0 179
43 90
2 180
2 181
43 182
43 183
43 184
85 185
43 186
43 107
2 124
43 150
43 147
85 187
3 188
4 189
4 190
2 191
2 192
63 193
63 194
63 195
63 196
63 197
2 198
10 199
105 14
43 200
3 201
0 202
2 203
10 204
3 205
63 206
17 207
43 208
43 209
82 79
3 210
63 211
2 34
43 212
43 213
63 214
43 215
4 216
1 6
0 217
85 218
43 219
0 220
0 221
0 222
8 6
43 223
3 125
3 224
85 225
43 226
2 227
43 228
43 229
2 197
3 230
17 231
63 232
10 233
25 234
25 235
63 19
63 21
85 236
85 237
85 238
63 36
63 239
13 240
2 241
0 242
85 206
3 243
63 244
43 37
3 245
85 214
10 246
85 247
85 248
43 249
43 250
43 67
43 251
2 252
43 253
2 254
4 255
43 256
8 176
43 99
0 257
25 258
2 259
4 77
63 70
8 124
63 260
2 261
2 262
2 263
2 264
2 213
2 265
63 266
3 267
2 268
82 240
2 269
2 270
43 271
0 272
3 273
43 274
2 275
43 276
43 277
43 278
63 279
2 280
25 281
25 282
8 134
4 99
43 283
2 284
2 75
8 125
43 285
43 286
13 53
4 287
4 288
63 289
63 290
63 146
105 291
63 148
2 292
2 293
10 286
2 294
0 295
0 296
0 297
4 298
2 286
2 299
43 300
43 301
63 302
10 303
10 304
10 305
85 306
63 64
63 124
63 307
43 308
43 309
3 310
3 311
43 312
43 313
43 314
43 315
43 316
105 317
43 318
43 319
43 320
43 321
3 322
63 311
63 323
63 9
63 324
10 325
63 326
63 209
1 327
17 328
10 329
17 307
43 232
4 330
0 331
0 332
0 333
85 84
63 334
43 335
2 336
2 337
2 338
25 339
2 340
17 311
63 182
85 341
3 102
2 342
3 37
63 343
63 160
85 344
63 345
85 83
17 64
8 346
85 347
85 313
85 348
13 172
43 349
63 350
63 351
63 99
10 194
2 352
43 353
43 354
2 303
85 355
63 356
2 357
63 358
63 173
0 359
10 360
10 107
43 361
43 362
43 363
43 364
43 365
85 366
85 367
2 368
13 369
13 370
13 211
43 371
63 240
85 372
3 373
3 334
17 374
63 224
2 375
2 250
2 376
17 233
17 83
17 84
25 377
378 0
2 109
2 99
2 379
2 36
43 380
3 381
3 382
4 383
10 307
0 384
0 385
4 386
10 80
2 387
16 388
16 389
63 390
43 391
2 153
2 392
2 166
17 393
17 394
25 395
3 396
3 397
2 398
2 125
3 394
3 390
2 399
43 233
10 335
10 64
2 400
2 401
2 402
10 403
16 317
0 404
0 405
63 406
10 407
4 37
3 408
10 409
2 410
85 223
85 411
10 67
63 412
13 413
85 9
85 414
10 415
10 274
10 416
10 417
85 146
2 55
10 418
85 419
85 420
85 421
85 422
2 423
0 424
63 425
63 305
13 193
13 373
10 426
4 427
85 428
85 429
63 175
63 430
43 431
2 88
43 432
10 353
63 111
0 433
85 434
63 283
82 24
63 435
63 436
2 437
85 130
10 438
85 439
85 440
85 441
10 442
85 443
17 335
13 444
63 445
2 446
85 447
2 24
2 448
10 449
4 450
85 451
0 452
10 453
63 163
85 454
17 455
8 88
85 175
2 456
8 162
2 149
63 457
43 458
8 286
4 459
25 460
63 461
63 462
85 463
0 464
0 465
17 466
85 467
85 36
82 468
85 469
0 470
0 471
0 472
0 473
13 474
13 195
13 475
13 197
0 476
8 149
2 477
43 478
10 479
13 480
13 481
13 482
10 466
10 54
43 483
2 274
63 484
43 485
43 486
43 487
63 488
2 489
85 490
85 491
4 492
43 303
43 493
43 494
43 495
2 170
43 496
13 113
13 20
10 497
43 498
13 499
2 171
82 500
82 501
82 174
2 502
13 58
13 60
13 503
13 504
3 505
17 506
25 507
2 141
43 508
43 509
10 510
2 511
43 512
85 513
2 9
2 514
10 55
63 515
10 516
10 517
3 140
3 518
105 519
2 520
0 521
0 522
0 523
0 524
10 525
2 526
13 140
85 527
85 528
43 529
85 530
10 531
63 532
10 533
10 534
3 329
63 535
63 301
2 536
10 537
2 538
8 241
8 352
85 539
10 540
85 541
13 194
85 335
10 542
10 543
2 544
85 545
10 5
43 307
43 311
63 338
85 546
43 64
13 547
63 548
13 549
13 550
10 551
10 552
10 474
10 553
0 554
0 555
0 556
13 557
2 558
8 559
13 425
13 305
8 481
8 482
85 108
13 335
13 560
0 561
2 52
2 562
2 563
8 564
2 565
8 380
63 246
2 566
2 468
13 196
3 531
82 246
85 567
13 59
13 57
13 568
3 274
3 353
3 569
3 570
63 104
43 571
3 572
2 573
13 151
17 574
13 575
13 108
2 232
2 576
10 544
43 577
43 578
0 579
0 580
0 581
0 582
43 121
3 532
13 583
13 584
82 64
8 585
13 586
82 307
63 501
63 587
82 311
17 588
13 111
13 153
13 109
2 513
2 589
10 590
3 591
3 160
17 303
2 592
2 593
10 594
2 194
13 595
63 394
63 125
63 596
63 597
10 598
3 599
10 232
10 600
13 345
10 601
10 602
82 173
82 552
10 117
10 120
82 587
25 381
85 603
85 604
17 605
2 501
2 606
10 607
2 608
10 609
17 560
2 610
2 611
13 304
2 612
3 613
3 247
3 614
3 615
3 616
2 617
25 54
3 75
3 618
17 67
25 108
13 155
3 619
63 620
3 124
13 621
13 37
82 358
13 323
17 101
63 606
63 622
63 623
2 164
17 97
17 273
17 373
17 475
25 586
2 624
105 400
63 625
85 626
13 627
13 628
85 629
63 630
85 631
0 632
10 633
13 634
13 635
13 146
2 533
13 182
85 307
85 80
10 636
10 637
13 638
13 639
13 640
17 641
85 224
85 394
3 56
3 194
3 474
3 335
17 642
3 643
13 644
2 409
2 47
2 645
2 646
10 647
85 64
13 124
10 648
2 500
43 649
2 394
2 505
10 197
43 650
0 651
0 652
13 653
85 329
85 654
3 112
63 505
10 354
43 434
43 9
2 510
2 193
2 335
43 317
43 655
2 656
2 657
13 334
105 658
82 164
63 659
63 174
2 609
85 660
85 645
85 661
17 662
43 663
43 525
10 664
10 665
10 666
2 587
4 667
10 124
10 668
3 669
3 104
85 670
2 453
2 671
85 210
2 672
85 673
17 674
17 34
8 669
10 41
10 675
85 676
10 677
10 678
10 679
13 680
13 681
13 350
10 65
43 682
2 683
2 654
2 37
2 684
2 685
10 686
2 687
2 688
63 689
63 690
13 691
2 532
63 329
63 692
2 693
2 623
2 694
85 695
85 696
85 697
85 698
699 0
2 540
85 95
85 97
85 273
10 48
10 129
25 700
10 701
2 354
3 702
10 703
0 704
0 705
63 706
2 707
13 708
25 121
63 709
63 710
3 143
25 159
25 498
85 711
8 139
13 161
13 712
25 713
43 104
2 714
2 661
3 576
3 608
63 715
10 716
17 717
2 718
2 111
3 193
63 719
85 453
2 720
13 721
10 722
63 552
63 723
0 724
10 725
10 726
2 727
8 400
728 0
728 154
10 729
63 634
2 730
14 400
63 731
2 644
43 732
10 733
10 734
85 735
82 736
82 146
0 737
82 738
82 739
0 740
0 741
0 742
10 34
4 743
4 313
17 194
17 744
25 621
17 745
8 108
85 729
79 560
79 746
1 400
63 747
0 748
0 749
0 750
0 751
0 752
3 450
3 753
3 754
3 755
10 756
10 757
85 758
82 759
13 286
79 317
25 760
25 356
17 761
63 762
4 151
43 114
43 115
4 267
2 763
2 764
2 669
10 765
2 766
85 767
85 768
85 101
10 769
2 770
10 771
2 174
10 772
10 773
17 774
25 112
43 775
8 776
43 777
2 778
2 779
2 426
13 780
13 781
43 782
43 783
2 625
85 784
2 785
2 786
25 787
8 121
85 788
2 789
2 516
63 790
2 791
2 525
10 792
10 593
2 245
43 793
63 208
3 794
85 160
10 795
63 796
43 760
43 673
2 659
2 531
43 419
43 797
43 798
43 350
3 108
3 586
0 776
0 799
3 800
3 146
10 801
10 802
4 803
2 804
10 805
10 806
10 807
10 808
17 497
0 809
2 810
3 294
2 481
2 482
2 559
10 811
13 812
82 95
82 97
82 273
63 813
2 814
17 477
17 558
63 815
13 816
13 160
2 474
2 817
2 390
3 818
17 55
17 353
17 354
3 819
3 820
85 197
85 821
85 474
85 373
85 369
10 822
10 823
10 824
6 644
6 825
6 826
6 362
6 827
6 828
6 829
10 830
13 88
13 831
6 350
6 832
6 833
6 289
6 834
2 108
6 835
6 836
6 837
1 412
1 686
1 757
1 823
16 838
1 613
12 644
23 546
105 774
79 667
16 839
105 731
6 840
12 701
1 247
1 614
3 114
6 841
1 842
3 115
23 479
14 436
14 102
1 843
14 844
14 845
1 846
14 847
79 669
16 338
23 848
23 849
14 850
14 851
14 35
1 756
23 852
105 538
13 587
16 853
6 854
6 855
16 450
6 856
6 857
6 858
1 859
6 860
79 11
16 861
79 49
23 862
2 863
79 15
79 104
6 864
6 865
79 866
14 435
10 172
6 415
6 867
6 868
6 869
6 870
6 871
6 872
16 654
105 536
6 569
79 375
6 146
6 9
79 873
16 467
16 874
105 546
23 875
23 876
16 490
16 877
16 878
16 645
79 879
16 646
1 102
79 880
23 881
16 694
12 654
12 267
6 882
14 883
1 884
23 885
105 197
105 886
105 194
1 112
16 887
79 888
12 889
16 890
105 196
79 891
14 892
14 735
1 893
14 111
1 894
6 895
18 70
79 896
79 92
14 546
6 897
6 696
14 733
14 898
14 899
63 735
6 900
6 901
6 192
6 902
1 903
6 904
23 905
6 906
6 160
18 566
18 907
6 109
82 510
82 533
18 908
6 77
6 153
6 695
6 99
6 111
6 125
6 124
6 525
6 394
2 909
105 910
2 586
16 88
12 911
1 912
79 481
16 913
16 479
16 788
16 914
23 915
16 916
16 917
23 918
18 562
14 919
79 559
18 93
18 920
105 337
79 482
105 921
79 922
1 923
79 924
79 925
79 9
18 723
16 922
18 926
79 927
18 536
18 565
14 193
18 258
18 928
6 929
6 930
18 514
2 104
79 631
79 153
79 110
18 931
14 474
14 466
18 932
18 933
18 442
1 108
18 934
18 715
82 935
79 325
82 936
1 41
79 937
79 938
14 794
105 939
16 350
79 940
1 675
23 24
105 514
6 941
14 922
12 373
23 942
12 196
79 99
18 943
43 944
79 945
79 946
79 947
18 948
79 111
79 77
43 949
18 47
16 950
18 951
16 160
16 848
16 849
0 952
79 953
12 954
10 852
13 955
18 437
18 274
18 956
13 957
1 65
79 447
14 77
85 390
85 125
79 286
10 390
10 394
1 67
17 390
17 125
25 360
25 305
18 75
18 958
6 959
18 960
18 961
18 124
18 962
18 963
6 627
18 964
18 99
18 146
18 423
18 551
23 965
18 67
16 966
13 149
18 259
0 967
0 968
14 610
14 67
14 969
79 326
10 970
16 337
16 336
0 971
23 53
12 151
12 140
3 326
12 972
6 973
79 116
14 972
2 974
79 223
79 846
2 975
2 353
23 976
23 977
14 140
13 978
18 979
1 980
14 981
16 9
23 116
79 37
23 982
23 983
10 211
2 689
23 984
18 563
10 140
3 26
16 148
105 336
105 52
23 985
23 986
18 987
85 336
85 337
85 625
23 988
0 989
0 990
79 991
0 992
79 993
105 994
23 995
79 996
23 997
18 538
18 998
18 999
14 165
14 1000
1 586
16 264
79 339
79 1001
16 149
23 1002
6 445
23 1003
18 497
23 1004
18 513
79 263
18 336
18 337
23 735
23 1005
1 1006
23 1007
18 312
43 194
23 567
0 1008
0 1009
18 1010
2 590
63 846
18 1011
1 1012
1 48
105 567
18 1013
1 129
13 1014
14 567
63 1015
2 1016
85 1017
23 1018
85 914
10 978
6 1019
43 497
23 1020
25 1021
79 1022
79 1023
10 334
10 111
23 1024
23 1025
1 1026
23 468
1 1027
6 1028
6 1029
6 1030
2 1031
6 191
6 1032
6 1033
6 1034
6 1035
6 1036
6 634
6 239
3 68
6 1037
6 73
6 1038
6 1039
63 1040
6 1041
6 1042
10 1043
6 363
6 1044
2 1045
6 226
6 309
10 1046
6 1047
6 1048
85 1049
6 96
6 1050
6 197
3 760
6 1051
6 1017
6 193
6 286
6 1052
6 1053
16 644
16 1054
16 1055
16 641
16 1056
16 714
16 1057
79 1058
16 47
6 1059
6 1060
1 1061
1 92
23 1062
6 1063
16 1064
105 686
12 916
1 669
23 1065
10 1066
16 329
6 1067
6 1068
2 1069
6 1070
6 1071
23 1072
63 817
6 1073
16 1074
63 1075
1 644
1 1074
23 1076
2 1077
79 1078
16 1079
1 5
79 1080
1 445
79 733
79 1081
1 516
14 1082
16 1083
23 147
105 37
1 1084
79 509
23 1085
23 1086
1 1087
23 1088
2 1089
14 1090
23 1091
79 1092
79 1093
79 686
14 64
14 112
43 1094
79 1095
43 1096
79 1097
43 394
43 376
105 1098
23 1099
6 562
23 1100
1 78
14 1101
6 516
14 307
6 353
2 1102
79 361
23 90
23 1103
63 1104
1 109
1 110
23 1105
14 197
18 1106
79 1107
1 77
18 667
18 71
16 1108
18 1109
1 335
14 107
14 821
14 194
6 1110
16 1111
3 1112
6 1113
23 1114
16 1115
16 24
23 111
16 153
23 107
16 110
18 61
12 84
1 125
14 1116
18 844
23 1117
12 475
1 1118
2 140
18 280
1 1119
16 1107
14 1120
3 1121
23 1122
14 311
79 350
23 1123
18 1124
18 1125
79 1126
79 125
16 501
16 587
3 196
82 1127
18 1128
18 153
18 109
18 160
18 269
3 286
18 1129
18 1130
16 1131
1 590
2 1132
18 606
1 1133
63 1134
18 77
2 1135
105 112
8 1136
13 1137
0 1138
0 1139
18 1140
82 101
0 1141
0 1142
0 1143
0 1144
82 1145
10 815
0 1146
0 1147
0 1148
0 1149
79 1150
0 1151
0 1152
0 1153
0 1154
0 1155
0 1156
0 1157
0 1158
0 1159
0 1160
0 1161
0 1162
0 1163
0 1164
0 1165
0 1166
0 1167
10 1168
6 1169
0 1170
0 1171
0 1172
85 156
85 133
17 349
0 1173
0 1174
79 1175
25 955
1176 79
6 1177
16 77
1 1178
6 563
6 151
6 37
0 1179
6 565
63 381
18 790
10 1180
6 1181
6 53
6 1182
63 1183
2 244
6 34
43 453
17 274
17 1184
2 1185
17 516
6 566
2 1186
10 1187
13 1188
18 537
63 734
105 374
16 1189
1 140
23 150
23 1190
23 1191
14 53
6 1192
79 1193
2 1194
2 958
23 1195
1 481
23 1196
23 1197
14 1198
23 1199
1 559
12 83
23 1200
23 1201
18 9
23 1202
43 733
79 1203
23 1204
79 403
14 1129
13 1205
18 1206
18 1207
79 1208
18 151
18 469
6 1209
18 1210
1 482
85 408
0 1211
0 1212
3 356
18 775
6 1213
105 1198
85 701
4 159
4 498
4 1214
4 1215
4 908
18 1216
6 1217
6 641
6 1218
6 1219
6 1220
18 1221
6 1222
6 645
6 1223
16 1224
6 430
6 646
23 466
23 207
6 234
14 101
6 715
6 1225
14 97
14 273
4 1226
6 1227
6 1228
2 5
43 610
43 1229
3 88
6 145
6 144
6 1230
79 757
1 1231
79 1232
79 823
6 1233
1 1234
23 1235
6 101
23 1236
23 1237
12 546
6 97
6 273
25 1238
6 324
6 1239
6 354
23 1240
6 377
79 814
6 1241
1 598
79 1242
1 1243
23 1244
23 1245
6 1246
1 1247
18 1248
23 1249
1 1250
79 791
1 104
23 1251
79 1252
79 1253
1 805
4 153
79 1254
1 801
79 66
1 802
17 193
1 1255
79 108
1 1256
79 1257
79 1258
79 525
18 735
79 109
1 1259
1 259
79 586
1 1260
1 807
18 600
18 1261
18 669
23 286
23 9
79 311
18 1262
14 417
4 1263
1 1264
23 1265
23 57
85 1266
1 775
23 59
23 67
0 1267
105 1268
6 1269
6 1270
6 5
1 527
23 1271
1 1272
18 1273
79 1274
1 1275
18 1276
23 303
1 616
18 1277
18 373
18 369
16 37
18 55
18 1278
2 594
3 1279
18 797
18 125
18 350
18 525
18 354
18 1280
18 394
4 1281
4 715
1 808
18 611
14 159
14 1282
14 92
14 498
1 354
3 1283
6 1284
6 1285
6 274
6 1286
1 1287
1 1288
0 1289
0 1290
0 1291
1 1292
14 1293
1 1294
0 1295
6 26
1 1296
0 1297
0 1298
0 1299
6 64
6 1300
1 634
1 824
6 1301
6 1302
6 1303
43 1304
63 1305
1306 0
4 124
4 111
4 125
43 298
4 394
14 109
6 1307
14 160
4 1169
85 267
1 1308
3 467
6 1309
16 1310
16 1311
2 77
3 1312
10 350
10 1313
14 1314
3 149
3 52
23 113
1 1315
1 353
16 326
3 1125
1 153
79 64
105 262
1 1316
105 1317
1 1318
79 1319
1 497
1 1320
14 1321
79 1322
23 1323
23 1324
63 1325
85 1326
85 1327
23 1328
18 1093
1 227
1 1329
1 1330
1 1331
23 103
105 1321
105 263
1 37
23 60
23 1332
43 1333
17 600
17 1334
17 1335
17 22
63 78
13 360
18 116
43 1336
18 1337
0 1338
18 468
105 954
2 1339
17 1119
23 20
23 503
79 621
13 1340
12 567
43 1341
10 1342
85 193
63 1343
1 1344
2 1345
10 1312
79 540
2 442
2 1346
2 937
18 634
4 67
63 253
63 775
85 1347
3 776
79 55
79 1348
79 1349
43 474
14 1350
2 349
82 776
63 776
14 1351
85 350
4 1188
13 450
63 1216
23 233
8 1352
63 1221
6 1353
43 193
43 1354
6 735
6 1355
6 152
43 383
3 1356
63 1357
10 1358
10 1359
13 1360
1 1361
6 1362
6 808
6 1363
6 1364
10 1365
16 1366
23 701
79 731
23 349
10 1367
23 1368
23 1369
23 410
1 1370
79 288
14 715
1 533
79 1371
79 210
63 1372
4 337
4 625
4 336
3 1373
1 42
10 1060
10 1063
10 1239
12 329
2 1374
2 1375
12 1376
85 1377
105 856
12 1378
105 24
16 726
105 1379
1 233
23 274
105 695
18 426
4 206
79 1315
14 1380
79 516
105 394
105 146
23 353
23 354
14 9
14 96
1 1014
85 475
14 99
85 1381
14 100
79 1382
1 1383
1 525
23 504
23 58
23 435
23 436
85 161
6 156
6 133
4 241
3 197
3 1017
4 352
105 1384
1 1385
18 1386
4 214
105 1376
18 1387
3 468
6 175
85 1388
18 733
82 660
82 645
82 779
82 1180
82 802
16 304
16 305
79 954
0 1389
0 1390
6 1391
0 1392
82 805
1 1393
1 1394
6 223
6 1395
82 1187
82 807
82 156
82 133
82 808
17 902
17 180
17 1396
16 356
1 1397
16 1006
79 287
16 52
79 1398
14 709
16 1399
79 972
14 723
16 1400
17 631
14 625
14 336
14 337
1 1401
2 598
85 47
4 1402
4 191
18 1403
4 109
18 1404
18 54
16 1405
85 314
17 5
17 540
14 1406
23 1407
13 267
14 36
82 1408
14 318
82 1367
10 1409
10 146
10 77
4 1006
85 124
85 109
85 111
2 146
2 1312
85 886
17 1410
0 1411
17 133
10 1412
63 1413
2 1414
3 1101
2 1415
2 1121
14 1416
17 1283
23 155
85 140
2 1417
10 1418
4 73
17 410
17 533
63 686
14 267
10 1419
10 1420
2 1421
2 350
85 338
63 1422
3 363
85 1064
43 1423
43 1424
43 466
4 213
4 263
3 1425
3 350
85 153
4 1426
63 1427
82 1428
6 1429
1 1430
105 1431
16 911
23 510
79 349
23 533
79 1432
4 905
23 1433
23 1376
17 241
17 352
4 1434
10 669
8 1435
12 415
2 1436
12 305
12 194
12 335
16 425
79 274
10 1437
23 55
2 1438
1 1439
79 1440
79 354
79 1441
23 516
23 1442
14 1443
1 197
23 921
10 1444
18 35
10 1445
17 1278
17 1446
17 732
8 1447
6 1448
18 111
6 1449
85 1450
10 1333
6 1451
6 1452
6 1453
4 261
1 1454
79 644
4 264
79 1455
4 268
79 1456
23 280
79 677
10 349
14 478
3 24
10 1457
23 1381
16 108
105 882
79 1458
23 687
2 1459
105 111
105 335
105 350
79 1460
23 1461
23 1462
14 1463
2 1464
16 513
14 486
63 1465
16 1466
23 944
14 1467
79 1457
6 278
6 301
14 493
14 529
1 657
17 36
8 312
17 263
14 1468
1 732
1 1469
85 1470
2 1471
2 1472
2 313
2 314
2 316
8 430
105 1115
105 153
105 110
17 268
17 213
8 1473
8 78
8 1474
18 1475
79 1476
12 193
18 1477
18 1478
18 430
1 1479
2 96
2 100
1 1480
1 1481
23 821
2 1482
6 208
6 78
4 1483
85 839
2 1484
18 334
79 1485
79 1486
16 140
79 1487
14 37
10 1488
23 1489
79 534
43 1490
2 312
2 271
82 1491
4 1356
82 794
85 1492
82 47
43 658
79 1493
82 863
82 598
79 1494
14 1495
82 1129
1 974
1 1386
82 188
82 801
2 1496
82 665
82 1169
82 73
18 1497
12 1283
82 260
82 633
82 1498
82 206
2 1499
14 1500
1 1398
105 497
63 1492
4 146
17 769
17 42
82 108
17 609
17 1501
82 396
82 586
14 1502
82 77
82 397
25 1503
82 1504
2 1505
17 948
17 181
63 286
82 558
17 1506
17 1507
17 1508
82 600
82 1509
25 533
82 735
2 1510
17 1219
25 1511
82 1512
17 654
25 1513
25 426
2 1514
23 1283
82 394
82 788
17 1220
82 349
17 1515
8 644
8 490
8 660
82 1516
82 1517
8 645
82 99
25 1518
82 617
17 363
8 1093
82 621
8 779
82 322
2 1313
3 1519
8 1520
8 1521
3 509
82 1522
17 73
25 1523
63 1524
17 667
25 644
25 1525
25 32
8 788
8 114
8 115
8 914
17 1526
82 214
17 1527
17 1528
8 146
8 586
17 474
17 121
82 1529
82 67
82 1530
17 1531
17 814
17 969
25 1532
14 450
17 1533
8 186
82 9
6 1534
25 1535
8 144
8 194
25 1536
25 303
8 335
8 160
8 621
25 506
17 41
82 1537
82 525
8 338
17 675
25 1538
8 37
8 477
17 794
17 939
8 663
8 873
8 877
8 878
8 1366
17 1379
82 125
17 1539
82 1540
8 9
17 350
17 1541
25 735
8 184
14 1542
14 1543
8 390
82 606
25 77
25 1544
85 264
25 1545
25 73
25 531
8 908
17 1546
25 1287
8 249
8 944
25 354
17 142
17 183
17 65
17 99
17 146
25 286
79 1547
25 304
8 274
8 354
8 1548
8 1549
43 846
3 1550
8 394
8 1077
17 1551
17 1552
17 1553
8 1269
0 1554
0 1555
0 1556
0 1557
25 1558
8 99
8 142
63 391
82 52
25 1559
17 1230
17 1560
82 1561
25 1562
25 1563
82 1564
8 1565
25 111
8 437
25 415
63 1566
25 1567
17 625
17 53
8 709
17 648
82 1398
25 1568
8 1307
82 37
25 1569
8 209
17 1570
8 208
82 847
8 337
17 1238
8 336
25 1571
2 416
25 326
17 1572
14 219
8 223
17 48
8 1500
2 1573
2 715
17 129
10 1574
8 1222
8 928
25 1575
2 54
25 99
85 1576
2 1577
2 1578
82 609
6 1579
6 1580
6 1581
6 667
6 1582
6 1583
6 188
6 113
6 1584
6 1585
6 1347
6 1586
8 36
6 458
6 1587
82 1588
4 710
4 1589
6 20
6 396
6 702
6 1590
6 1591
6 1592
6 67
16 1333
6 201
6 1593
12 1594
6 1595
23 1596
105 644
23 453
6 1597
6 1598
6 1599
79 1600
16 287
23 609
23 774
16 1601
1 844
23 558
6 269
79 442
79 26
23 71
23 343
25 374
6 1602
1 520
1 1603
6 631
6 322
14 1604
23 302
105 869
14 1605
12 676
23 502
14 1606
14 908
14 1607
14 1608
23 1609
23 1610
6 59
6 57
6 503
6 60
23 1611
23 1612
23 125
23 1472
12 142
105 334
23 1613
85 874
105 868
12 298
79 1472
1 735
105 1614
79 1615
18 701
105 1378
105 1611
1 1616
1 1617
18 641
18 1618
14 1619
105 698
79 1014
18 595
18 1620
14 1621
1 817
14 1529
18 1622
79 353
79 1623
12 99
14 494
12 124
105 551
14 1624
18 1625
79 1626
14 1115
14 394
10 1233
14 146
14 1627
14 1628
23 99
14 964
1 35
14 211
16 1629
14 350
85 1630
1 474
18 644
10 481
43 1631
18 794
16 174
10 1632
1 1633
13 1219
18 1424
13 1220
85 861
79 1269
0 1634
0 1635
0 1636
0 1637
0 1638
0 1639
0 1640
105 1641
23 1017
0 1642
0 1643
0 1644
63 964
0 1645
0 1646
1 1647
23 1648
6 1649
23 474
6 574
6 972
6 1650
43 1442
18 1651
43 1652
1 489
6 1653
6 1654
82 271
16 723
2 176
12 1655
14 928
12 54
79 1656
79 1657
79 54
14 1658
23 120
79 1659
43 1660
23 1661
3 1662
14 52
79 1400
16 436
16 435
17 1663
10 482
8 47
18 37
8 1064
63 1664
18 53
10 999
4 1665
17 610
17 1229
2 134
4 350
4 1666
4 1667
16 1668
4 1669
63 1670
79 497
85 52
2 1671
63 1672
43 1673
3 1607
0 1674
0 1675
43 593
3 9
4 1676
4 1677
17 409
4 19
4 21
2 1678
17 1679
17 525
25 1680
4 1681
13 400
43 1682
2 1683
2 415
2 1684
43 1222
63 1685
10 1686
43 600
43 533
43 1169
2 1687
10 1688
10 1689
43 1690
3 161
3 598
3 1691
2 1692
43 1331
43 569
16 729
43 1693
3 525
3 354
3 1694
8 1400
85 909
4 1695
85 683
2 1696
2 160
0 1697
0 1698
0 1699
0 1700
25 5
3 1583
2 1701
2 1702
10 1703
25 730
25 1704
25 353
13 1705
4 1706
63 1707
2 1708
0 1709
0 1710
3 1210
85 1711
85 1712
85 1713
2 1714
3 304
3 305
6 922
6 90
3 1124
12 206
79 1715
79 1356
6 186
6 300
6 955
6 1716
12 1717
12 1718
6 466
1 1235
6 270
6 1719
6 474
6 1720
16 1721
23 1722
23 374
79 362
14 1723
16 1378
14 1724
4 462
79 1130
43 1633
16 164
12 1725
4 1726
82 111
12 214
79 1727
79 551
79 1728
23 75
23 1278
23 423
105 193
43 1729
79 1730
14 1731
43 1559
8 259
8 1609
12 1732
2 1733
4 1734
4 35
43 1352
18 1096
18 1648
2 1735
1 1562
1 1736
2 1737
18 376
2 1279
6 147
10 1738
6 150
2 1739
2 1740
1 1741
6 228
43 1742
3 644
4 343
14 206
4 302
1 1607
13 77
1 1743
43 1744
43 1745
43 1746
43 1747
43 1536
79 999
14 820
63 166
85 1748
23 1410
12 204
1 111
14 214
3 1749
82 1750
82 160
43 289
25 409
25 56
10 1169
2 972
85 1751
17 1752
25 1753
25 1754
25 160
25 55
25 570
25 525
25 68
25 233
25 474
6 1755
23 1756
43 1757
14 1677
4 1758
1 709
85 37
79 166
79 67
1 107
12 1759
2 537
13 479
6 303
18 64
10 696
10 856
2 1760
10 570
18 307
3 55
3 1479
3 1761
4 690
18 80
1 1762
1 1763
2 1497
43 211
2 1764
85 1030
43 1765
6 760
14 1766
85 1767
13 125
0 1768
0 1769
10 1770
79 1771
6 1772
4 1773
14 1774
14 1332
85 725
18 972
18 140
3 1775
14 124
43 1776
85 1169
43 654
4 815
85 73
6 400
4 1777
6 112
6 1074
6 130
6 1778
43 1278
43 1779
14 1780
14 1781
6 1782
6 308
6 1783
6 1627
6 335
2 1552
79 933
1 659
105 865
1 1237
12 1601
1 1784
1 1249
105 1785
79 1786
1 1787
16 1583
1 1788
14 1789
14 1790
14 1791
1 1792
79 1793
105 828
79 1794
1 1795
14 1775
105 696
105 99
3 426
43 1796
10 1797
1 1798
6 229
23 1799
23 1800
1 1097
1 1527
23 506
6 1801
79 932
79 474
12 108
12 1802
12 1803
14 1802
14 1754
105 124
79 1804
14 1805
17 531
85 1293
105 77
23 1806
25 558
105 955
14 153
85 34
14 1807
10 921
10 193
3 1808
3 516
18 1809
1 1810
63 644
23 193
6 1811
6 1812
105 860
2 1813
12 1814
6 207
6 194
0 1815
25 1816
12 908
14 1817
1 1818
43 1819
6 1820
6 1821
1 922
63 183
18 938
6 312
18 101
1 1588
79 1822
79 303
0 1823
18 97
0 1824
14 1825
18 374
6 283
18 273
18 1715
6 1826
23 1827
23 888
10 1828
23 174
1 1679
79 562
6 1829
79 563
18 1830
18 1831
43 1832
79 565
1 124
6 148
14 1833
4 171
4 608
79 566
6 1150
12 987
6 1175
12 1006
23 1834
14 1210
14 1135
14 34
14 1169
18 1835
18 197
18 194
18 505
23 1575
2 1310
14 1379
43 1836
43 269
43 421
23 1837
79 1838
14 61
12 928
85 779
23 1839
6 209
14 1840
1 1841
79 1842
18 1843
4 1844
4 1101
4 1845
43 1846
18 1575
4 1847
4 1848
4 1849
10 1850
4 776
85 911
63 287
63 288
10 271
3 1851
2 1852
2 420
2 421
10 1853
10 1854
10 1855
6 271
6 1856
6 908
6 1857
6 1858
6 928
6 1859
1860 317
63 1861
63 1745
13 1862
63 1863
6 1469
6 560
3 972
16 1705
6 285
79 1864
23 1334
105 1858
79 1865
6 419
6 1866
105 667
1 1867
79 1868
12 1869
105 120
23 34
6 578
79 1870
14 506
6 1871
105 1870
6 797
1 1872
23 644
79 1873
14 644
14 453
43 1874
1 1875
79 1180
23 37
105 1874
79 665
1 1876
14 41
12 1372
14 42
1 1877
14 1878
23 1449
1 192
14 48
79 772
23 1879
2 1269
1 1880
63 1333
79 805
1 1881
85 1219
23 1882
85 1220
1 1883
4 270
4 1884
16 1885
10 1175
4 1886
105 1070
14 65
79 1187
10 1150
105 55
2 798
14 240
79 233
79 807
79 1887
105 419
4 1888
14 1889
79 1890
105 353
105 277
79 808
79 1874
79 1891
105 797
18 1491
105 270
10 1892
1 1893
82 560
17 1715
17 294
17 1894
6 954
6 1293
25 1895
105 1896
0 1897
105 1898
8 1690
8 1169
8 73
18 1607
1 1435
105 1899
23 587
18 1900
17 9
17 124
17 153
43 1901
1 1902
79 1903
79 510
17 1402
79 1210
23 610
12 1269
43 1904
105 381
0 1905
0 1906
23 1269
18 156
18 133
16 606
6 182
6 1006
18 1269
79 558
79 180
1 1559
79 1907
85 1908
43 1909
1 270
1 394
6 1910
23 1238
79 1911
105 1912
13 687
79 335
79 193
79 194
105 34
14 1483
79 1913
14 356
79 1168
79 1914
14 129
4 1882
82 450
14 270
79 801
85 1915
105 625
18 356
18 955
43 1916
18 305
18 245
6 116
17 430
63 114
17 1917
63 115
63 408
63 245
10 245
79 1918
13 141
43 1919
43 1474
43 634
16 1920
18 475
43 1720
79 1921
4 644
1 889
43 1922
79 5
10 1355
16 113
1 1923
1 1924
4 1925
4 1744
10 1926
79 1927
79 1408
79 1928
79 208
79 1929
16 20
1 1930
10 1408
10 224
79 1926
3 1931
12 1932
16 57
16 503
16 59
16 60
43 1719
43 1933
79 1934
2 1935
8 633
8 1936
1 1739
1 1937
2 1715
63 4
43 1553
2 1938
43 1572
82 729
17 1780
17 1939
79 1940
10 1391
17 1215
43 1941
6 41
6 1438
6 675
6 905
6 613
25 1942
25 466
25 335
8 1943
6 247
6 614
6 842
13 848
13 849
4 549
4 550
6 65
6 1944
6 1945
79 598
1 1946
12 1219
105 1947
12 905
12 1220
23 102
1 1705
1 1948
6 1949
23 731
79 1950
6 843
6 1951
105 1952
23 1947
105 219
79 159
12 159
79 533
1 1953
79 175
12 498
79 1954
12 1955
12 490
1 70
23 1952
79 1956
12 1957
79 1958
12 1959
23 1960
23 505
12 9
79 1961
23 1962
82 1583
16 415
79 1963
43 1964
82 1222
1 1965
18 1966
18 1967
12 264
79 1968
79 1969
79 1970
2 1971
79 1102
79 1972
79 174
23 1115
79 886
18 400
14 1973
23 109
79 817
23 110
1 147
16 1462
18 108
18 944
18 1472
8 1974
4 84
4 83
1 1975
4 1976
1 1765
0 1977
0 1978
23 335
1 1269
2 631
18 1979
1 1980
1 466
18 98
18 1981
6 48
6 129
4 363
79 1321
12 112
79 1982
1 1808
1 150
79 1983
1 1984
105 356
1 1985
105 1986
79 1987
105 211
79 1988
79 1989
79 1990
23 1986
43 1991
10 826
10 1209
105 1992
43 1993
2 1994
2 1995
2 1996
2 431
2 996
6 1997
6 1998
43 1446
4 1999
43 2000
79 2001
105 2002
105 239
3 889
105 1169
105 2003
63 667
12 343
2 2004
2 607
2 2005
1 90
12 302
12 1198
1 2006
1 2007
6 2008
1 726
82 124
17 666
8 2009
2 2010
10 1944
10 2011
18 532
6 276
25 2012
25 2010
25 1951
6 2013
6 2014
6 2015
16 2016
6 2017
2 709
43 551
63 1749
10 1093
10 1357
3 625
79 2018
2 2019
16 166
105 73
1 2020
3 490
3 491
2 307
10 2021
3 248
25 143
25 1744
3 645
3 779
25 107
25 194
10 865
10 1042
10 1246
10 860
729 0
729 2022
729 2023
729 2024
63 2025
13 999
10 1561
63 142
10 560
10 1836
10 270
10 1581
85 685
43 414
63 2026
10 269
10 1858
10 420
10 797
43 1508
43 560
43 2027
43 2018
63 1886
43 2028
43 2029
43 430
13 932
13 2030
16 155
17 271
10 1217
8 509
10 362
43 2031
43 2032
10 1006
10 948
17 1909
17 2033
10 798
8 512
3 513
6 55
6 2034
14 121
6 607
3 1006
13 414
13 1836
13 2026
4 1772
4 747
10 1910
1 96
1 99
1 100
63 1601
6 595
6 2035
2 2036
16 1269
10 584
10 583
10 2037
6 723
43 2038
16 360
17 489
82 844
17 141
25 2039
82 1356
43 420
43 2040
43 1852
43 1048
105 9
105 324
18 1077
23 194
6 215
10 1483
2 2041
2 2042
4 1400
3 1218
105 1074
10 2043
14 1711
3 2044
14 1713
1 2045
10 99
3 2046
6 1491
43 1447
43 2047
6 2048
2 551
6 1101
10 882
43 481
43 559
43 482
10 2049
13 1333
79 2050
105 453
105 2051
12 219
16 219
14 905
10 2052
43 1650
105 2053
4 734
14 1712
13 2054
82 2055
105 2056
105 909
17 916
105 1277
79 2057
16 197
16 194
2 2058
43 1227
2 497
18 51
18 2059
85 2060
85 2001
85 375
1 303
13 54
18 244
2061 0
10 2027
18 1858
18 1852
79 2062
79 2063
43 26
79 262
79 1837
16 1012
16 2064
16 211
2 2065
2 120
12 211
6 558
25 2066
18 760
2 114
2 115
1 2067
1 1694
8 513
4 2068
82 2069
6 1909
10 829
82 2070
79 271
79 1132
79 607
79 1689
23 51
10 1074
2 1492
6 1129
0 1862
0 2071
10 160
10 2072
79 2073
6 2074
6 1916
6 2075
10 863
3 1222
6 844
6 794
6 1923
6 2076
43 2077
14 774
1 114
1 115
10 1763
23 307
25 648
18 144
18 186
79 2078
82 2079
23 80
4 1410
25 595
25 2080
79 390
79 394
8 2081
1 2082
1 2083
8 391
13 99
13 9
10 504
10 503
4 2084
10 2084
43 543
18 390
105 2085
16 1017
85 916
3 2086
6 2087
6 2088
2 569
6 2089
6 2090
6 2091
3 77
3 153
3 109
23 760
23 64
4 970
4 1227
18 148
18 130
8 2092
82 2093
43 2094
43 1751
18 232
8 52
25 2095
4 474
10 2096
4 2097
43 1767
10 1227
13 2098
6 421
13 434
13 419
4 64
4 2099
85 93
2 1418
43 2100
43 22
43 901
2 2101
2 560
2 1719
3 1886
105 2102
3 1858
10 1038
3 36
10 2103
4 1715
4 1124
43 711
43 34
43 1625
43 2104
10 2105
2 696
2 856
2 419
10 419
10 502
43 181
25 844
4 2026
4 560
4 797
25 1124
43 2106
16 114
16 115
10 711
10 1719
25 421
43 1858
2 2107
2 212
4 2108
4 2109
2 2110
13 797
10 1601
82 55
85 587
3 264
2 1920
25 1491
25 1607
10 1399
18 1569
10 1580
3 2111
13 32
85 1738
17 2112
25 1129
25 425
25 274
25 569
25 516
8 2094
25 2113
6 2114
25 193
10 2026
18 559
4 2115
25 847
13 420
85 2116
43 2117
43 2054
18 481
3 2118
2 574
18 482
18 798
2 2119
3 269
105 141
85 326
79 729
13 1293
13 798
6 798
6 1529
10 827
6 1315
2 2120
10 909
10 906
6 1014
1 1333
6 408
6 2121
6 2027
8 563
8 562
4 2122
8 565
10 337
10 336
10 264
10 326
8 566
14 2123
14 1688
14 1499
14 1904
14 1186
13 2027
18 453
18 1031
105 2124
10 1332
79 2125
2 211
2 2126
18 1529
2 2127
6 981
6 863
85 1933
6 1125
18 2128
6 2129
6 701
2 1837
6 2130
13 2131
13 421
13 1852
4 2132
43 2133
18 126
6 1313
16 701
16 453
6 373
105 1922
2 1620
16 613
6 2134
6 475
79 2135
12 595
79 2136
23 101
10 410
105 280
10 731
16 247
105 669
79 1491
16 614
79 544
16 615
105 1583
79 2137
79 2138
79 35
1 467
12 1492
105 1933
16 616
1 172
1 513
3 338
1 2139
10 101
4 479
6 2140
6 2141
10 97
16 2142
10 373
10 475
10 273
105 687
105 360
79 735
79 1089
105 305
10 2143
79 250
79 2128
105 2144
14 889
12 125
10 1552
1 2145
14 2146
79 949
14 54
105 109
79 2147
105 821
79 2148
14 939
18 1135
1 434
18 1074
79 2149
18 412
105 2150
6 2147
6 2148
18 287
18 2151
23 95
1 420
18 34
6 543
16 1382
6 2152
6 2153
23 97
14 1016
14 1441
14 2000
79 609
14 2154
4 2155
6 1184
79 2156
14 172
14 558
6 2157
16 102
6 600
6 442
6 544
16 2158
16 709
18 2159
23 273
43 2116
18 2160
18 2161
6 2162
6 1552
79 1031
12 659
6 66
18 1912
18 201
82 442
82 409
6 180
82 2163
0 2164
23 373
23 196
79 2146
79 2165
82 2166
105 2128
79 591
82 2167
82 661
14 1227
82 701
14 55
79 2168
14 886
0 2169
0 2170
14 1562
82 2171
1 419
18 2025
14 2121
14 2172
13 270
79 197
63 1754
79 410
82 2173
79 2025
3 1190
105 826
14 374
16 2174
18 859
105 1209
79 204
6 2175
16 1711
6 1321
79 34
82 197
105 1233
16 1712
79 2176
105 1044
82 2177
82 336
82 685
82 2178
82 625
1 798
25 453
79 148
82 2127
6 311
82 914
82 194
25 540
17 911
17 863
17 1607
8 2179
23 188
25 686
25 2180
82 1607
18 2168
17 2181
25 1761
8 546
82 1578
8 683
8 1519
17 37
16 1713
8 2182
79 2183
6 2184
82 474
8 2185
82 2186
8 987
8 600
82 274
79 24
79 2187
105 108
17 2188
8 891
17 453
14 274
17 191
8 280
105 125
105 591
82 335
14 2189
105 841
82 193
18 2190
79 2191
82 36
17 701
14 373
10 2192
14 1552
14 334
79 2121
14 120
8 2193
17 2194
79 1185
12 52
14 117
17 309
18 654
18 271
82 2195
82 2196
10 2197
17 78
105 1398
79 2198
10 2199
18 2200
17 1381
79 2201
16 2202
82 88
82 453
105 1452
17 2203
79 2204
0 2205
17 2206
1 797
18 2207
82 2208
1 625
1 2209
17 2210
8 2211
25 657
8 1784
17 197
8 905
10 2053
12 1400
8 1751
25 350
25 1393
17 821
25 2212
25 2213
1 1852
17 1125
8 1795
2 1574
25 2083
6 1398
1 211
8 1574
25 677
8 2214
8 1798
6 2128
8 2215
18 188
8 502
8 1552
79 2216
25 2035
25 1775
43 53
8 2217
17 1455
18 2218
8 2055
8 2219
18 2220
2 2221
6 1631
18 2222
10 2223
82 2224
79 2225
8 2226
18 2227
2 2228
2 2229
18 396
17 776
18 2030
17 2230
17 2231
17 2232
17 2233
25 66
25 600
25 64
25 2234
8 1767
43 2235
8 506
8 61
8 479
18 702
17 1378
18 262
8 2236
2 788
18 445
18 1631
8 1604
13 61
17 56
18 310
3 1235
10 644
3 1236
17 1601
8 2099
23 311
25 2237
17 2238
17 2239
0 2240
3 1245
18 1574
18 2241
0 2242
0 2243
8 2244
25 643
25 2245
25 633
0 2246
14 954
8 2247
8 2248
18 335
79 1912
17 111
82 2146
8 661
4 2249
18 2250
105 116
6 1530
0 2251
0 2252
0 2253
0 2254
0 2255
18 311
17 2256
17 1414
6 204
0 2257
0 2258
14 2259
8 2260
17 1550
17 1415
17 1563
17 2148
0 2261
6 2262
17 954
0 2263
0 2264
0 2265
25 2266
12 2267
17 2268
25 124
25 2269
0 2270
0 2271
17 68
17 2146
8 175
0 2272
17 2273
8 250
6 2274
8 620
17 35
0 2275
0 2276
0 2277
0 2278
0 2279
17 2280
16 2281
8 922
17 659
43 1565
17 356
17 1742
17 544
23 54
17 2282
18 1383
18 1551
1 2283
0 2284
0 2285
0 2286
0 2287
0 2288
0 2289
8 1115
25 2290
8 193
8 153
0 2291
8 381
8 1682
14 2292
0 2293
0 2294
14 1963
14 2295
0 2296
14 2297
0 2298
0 2299
82 337
63 591
25 609
0 2300
25 1145
25 607
79 2301
13 2302
1 1495
1 373
79 2303
82 262
1 334
16 999
16 2304
18 2305
0 2306
0 2307
25 67
0 2308
0 2309
43 373
43 475
6 767
17 425
17 305
17 2310
0 2311
0 2312
14 717
0 2313
13 259
17 391
105 2314
3 2315
0 2316
25 2317
18 2318
0 2319
0 2320
0 2321
0 2322
1 2323
25 2324
0 2325
0 2326
0 2327
0 2328
8 2093
8 2329
25 2330
8 2331
82 2332
0 2333
25 1912
1 2334
8 2335
17 770
25 311
25 271
25 2336
17 633
79 261
17 1346
10 2337
10 491
10 509
18 2338
18 2339
10 26
10 2340
10 1270
10 2341
2 600
10 835
2 2342
25 889
82 149
2 2343
79 2344
2 991
8 2345
17 1356
8 374
6 2346
25 598
8 2347
8 1893
8 2348
10 1210
10 2304
10 641
8 263
10 854
10 2349
18 268
10 2350
82 2351
10 2352
10 2353
8 2354
8 307
10 2355
82 213
2 2356
23 369
2357 0
10 831
10 2358
10 2359
2 2360
10 2361
10 75
10 2362
2 553
17 2363
14 656
10 1285
43 2364
10 2365
43 2366
43 2367
17 711
43 47
1 1345
17 2368
10 783
82 261
17 2369
43 2370
8 2371
17 2372
43 2373
8 1470
17 1210
3 2374
3 2375
3 1237
17 481
10 2376
3 2377
3 1249
8 311
10 965
18 1882
17 482
10 2378
10 2379
105 513
25 2343
43 112
3 2380
10 1070
43 2381
14 1349
43 41
10 2382
43 2383
43 676
43 1724
25 2384
10 125
43 513
43 766
43 675
14 2385
43 48
43 254
25 2386
18 2387
3 2388
3 175
10 2389
43 1711
10 869
2 2390
3 2391
13 1313
3 78
3 2392
25 2393
25 2394
2 2395
8 625
10 514
43 1712
3 2396
25 2150
2 711
10 2397
43 1379
10 2147
10 2121
10 1372
10 446
43 1713
23 2398
25 1780
16 514
25 2399
43 65
25 2400
3 2401
43 1731
43 304
43 305
43 2146
18 2402
43 54
1 1874
1 1801
25 2403
2 1924
8 1693
23 2404
3 2405
3 183
43 2406
43 2407
43 356
2 2075
2 1670
43 1913
43 1400
43 2408
3 2409
43 2410
2 2411
43 129
43 2412
25 2413
82 1711
25 2146
25 1354
25 2414
2 2415
8 567
2 1855
82 1713
4 2416
10 1353
2 2417
25 34
14 410
43 5
1 1601
2 2146
0 2418
0 2419
2 1902
10 1395
2 2420
2 2421
85 606
8 2422
2 2423
10 2424
10 2425
10 1284
10 1755
8 64
2 2426
10 536
14 2427
2 2428
10 37
79 889
8 34
14 2429
14 354
10 2430
79 2431
2 2025
10 2432
10 2433
18 322
79 1552
10 538
23 1511
8 183
2 2147
25 2434
16 536
2 2435
16 538
2 2436
3 2437
3 995
25 2438
85 196
25 2439
43 2440
3 2441
25 2442
2 326
25 262
25 2443
25 2444
25 120
25 2445
25 2446
25 2447
79 2448
85 174
85 2449
8 846
4 2450
12 160
13 318
2 2451
10 723
63 1227
17 283
43 2452
4 2453
10 1362
43 916
10 2454
13 2455
10 467
6 2127
6 1124
2 2456
10 889
2 1378
79 2457
12 288
12 287
6 510
3 47
3 2458
3 1064
10 114
10 115
6 92
6 2459
6 2460
105 835
6 1994
6 2461
79 112
79 905
79 407
79 2462
16 659
105 302
14 426
79 863
6 426
14 2463
4 2464
14 2465
79 1227
10 625
79 908
105 329
16 856
14 609
12 1922
12 481
14 287
23 201
79 2466
79 2467
105 204
4 2359
79 2402
79 2468
1 1180
105 121
6 505
1 414
1 806
1 665
23 2469
14 5
18 2470
14 104
79 2447
12 909
105 1755
6 56
6 814
105 864
18 239
14 2020
12 513
6 2069
18 1339
23 156
12 586
18 263
18 2471
14 2472
18 2473
16 286
105 474
79 101
23 133
14 442
79 97
6 2474
79 373
105 889
105 871
79 196
105 450
79 2475
79 273
79 2476
105 2477
14 2478
14 801
14 2479
105 232
105 922
14 665
105 929
105 2057
1 350
14 2480
14 542
18 831
6 453
14 1742
79 75
4 2352
14 2045
6 2480
14 2481
6 1607
79 2482
79 2483
18 2484
14 1926
6 643
18 2485
14 805
17 505
18 954
6 1089
79 2159
14 2486
16 204
105 905
25 2487
1 678
105 2488
25 2489
25 2490
105 1312
6 2491
6 2492
4 2493
14 537
14 2030
14 1187
18 598
6 514
79 188
105 2494
105 114
14 807
105 115
14 1367
0 2495
0 2496
0 2497
0 2498
0 2499
85 2500
105 1175
2501 105
14 808
10 825
105 1601
4 233
4 2502
14 518
0 2503
79 2504
14 1365
14 666
1 421
0 2505
105 1150
79 307
2 1357
14 2506
79 156
0 2507
6 598
18 2508
14 516
2 116
16 669
105 596
79 2509
79 2510
14 1219
105 597
14 1220
18 759
0 2511
16 26
105 7
105 2403
79 2512
3 2513
14 396
105 505
14 2222
14 702
14 1381
14 1066
79 1971
79 1482
0 2514
3 1416
2515 79
3 2516
79 505
105 425
79 2517
79 964
105 2518
105 1684
0 2519
79 130
18 911
14 2520
14 2521
79 1357
6 617
105 373
6 2304
18 736
1 1365
105 2134
79 253
79 2522
14 475
105 1135
105 1449
14 2523
79 423
79 133
14 2420
14 2421
14 2423
79 502
4 193
79 163
14 1150
18 2524
18 213
79 140
14 1175
105 343
79 928
79 1631
1 1367
16 99
14 1912
14 288
105 160
18 2525
79 2526
79 41
14 760
79 437
14 2527
79 675
79 146
0 2528
0 2529
105 1690
79 48
16 563
105 1339
85 211
105 2530
79 322
79 2531
6 163
79 2532
79 2200
105 2159
0 2533
18 2099
0 2534
23 820
18 2535
0 2536
3 142
1 1168
79 431
79 65
16 565
18 1345
105 2153
105 248
1 2537
18 2538
79 736
6 1185
0 2539
18 1115
105 369
79 259
2 1519
14 2540
79 2541
6 536
79 2542
6 538
79 182
23 396
23 230
18 2543
14 1386
14 2544
14 2545
18 110
18 2546
2 2547
43 1198
79 2548
6 120
18 2304
14 999
23 702
79 230
4 2549
1 1703
2 1343
2 2550
12 338
12 334
1 2551
105 2552
105 2200
14 755
79 1661
18 2553
105 2554
79 1135
105 467
79 98
3 184
18 889
23 98
10 230
18 1410
79 283
2 2555
10 98
6 648
105 158
105 1222
18 2556
14 2557
14 2558
18 1184
14 2559
2 2560
2 1495
18 607
2 2561
2 449
2 2562
43 1180
43 665
79 759
79 2563
79 53
105 735
79 2564
79 2565
79 129
43 2566
17 2567
25 2568
43 805
1 141
25 2569
1 54
43 1256
43 807
43 808
43 334
14 1444
43 1275
43 824
2 1307
1 2008
16 562
82 479
105 84
105 83
10 188
16 566
12 1933
25 2518
82 98
10 828
43 1269
43 326
43 445
6 654
6 609
3 2570
2 253
4 848
4 849
3 1381
2 2571
79 2572
3 514
1 2573
14 1996
14 517
14 1288
14 2067
85 2574
10 2575
10 2576
10 2577
10 1398
25 2578
4 2420
4 2421
4 2423
17 208
4 466
17 2579
10 837
10 2184
0 2580
0 2581
10 2582
10 2051
10 2003
3 536
4 2583
3 538
10 1121
10 153
43 206
6 2584
25 239
4 2585
4 2586
43 214
85 2587
25 2588
4 2589
2 2590
10 2591
43 1066
23 625
25 2592
43 1168
43 1703
105 2593
1 2594
1 1546
10 2595
10 73
23 2572
2 2088
25 324
25 2596
82 654
82 848
82 849
82 446
13 1017
6 140
2 731
10 2597
17 184
10 2598
82 2572
82 826
82 1209
2 2381
2 2086
2 2599
2 2600
82 695
17 2048
79 2601
17 735
2 2602
17 613
10 36
2 2603
17 247
17 614
17 615
25 2604
25 2605
17 843
10 861
10 2606
2 1222
10 913
25 2607
10 2608
10 2609
10 1044
10 2610
10 2611
10 2612
10 694
10 2613
10 2614
43 911
23 382
25 2615
43 2616
82 350
17 2617
25 2618
43 801
43 2619
2 2620
43 550
43 773
25 2621
17 160
17 514
43 2622
25 2056
2 1385
2 591
2 1808
3 880
43 412
3 2623
10 2280
3 694
10 2624
10 886
10 1923
43 2625
82 437
17 2626
10 1593
43 2627
25 2628
17 112
17 1101
3 11
3 683
10 109
17 1631
3 2535
10 2629
17 2630
17 2631
3 15
17 1279
3 2632
3 1630
17 98
2 2633
17 1372
17 2324
82 230
43 922
43 772
10 2345
17 210
2 2634
10 2635
82 1275
13 1993
43 2636
17 152
17 109
2 933
10 1663
17 228
43 80
17 2637
17 2638
17 2639
82 5
17 80
17 2640
17 2641
2642 17
10 1378
10 2643
10 2644
2 2645
17 1175
2 66
2 64
10 1414
82 1379
82 755
17 1150
82 1256
82 1115
82 109
82 110
2 506
10 695
17 316
10 961
10 1036
10 2646
10 166
17 2647
82 1210
2 932
17 26
43 2648
17 175
2 1749
17 267
17 226
43 1312
82 1349
43 859
82 1904
82 607
82 2649
3 325
43 2650
82 2651
4 107
4 2652
43 2653
25 2654
17 2655
43 903
17 77
17 2656
17 156
43 101
17 820
43 97
17 536
43 157
43 98
3 1754
2 999
17 144
43 2657
17 538
25 2658
17 201
10 1956
82 1017
82 1280
10 151
13 2659
17 130
2 2660
2 121
3 1398
105 2661
17 288
2 80
4 141
17 204
0 2662
25 166
17 2663
79 2664
2 53
17 2665
10 2666
10 2667
2 1198
82 2668
82 314
10 2669
25 9
2 1114
82 1219
82 1220
82 2670
4 1317
17 223
82 1703
10 263
10 450
82 2629
82 2671
82 1312
82 390
82 166
82 821
17 188
4 335
17 731
17 436
17 2672
17 479
17 435
17 2673
17 163
17 104
3 166
2 2674
3 563
0 2675
3 565
82 329
3 562
17 145
17 2676
17 2677
17 2678
17 2679
17 2680
17 593
3 566
25 2681
6 1995
25 2682
82 709
4 2683
17 2684
82 1712
25 22
25 905
82 644
82 905
17 417
17 2020
17 1997
17 848
17 849
17 686
17 1879
17 256
82 66
2 2685
2 1622
82 373
82 475
17 709
17 894
17 312
82 80
17 2686
17 2687
82 1931
17 559
17 660
17 1694
82 1723
17 1951
17 2067
17 2625
17 1077
17 219
17 645
17 801
17 665
82 1724
17 437
17 661
17 2370
17 1497
17 846
17 2688
17 805
17 987
17 2535
82 157
17 2150
17 54
17 2689
2 774
17 1187
17 2690
17 2691
17 2692
17 2569
82 1321
17 807
82 1731
17 2660
17 808
79 2693
17 762
1 2694
17 2695
1 2696
17 1464
17 216
25 631
17 733
17 2697
25 1077
17 2698
82 462
25 215
17 1224
17 196
25 2085
17 2575
17 2578
2 1583
63 101
13 2699
63 97
63 373
63 475
63 98
1 2191
17 1014
17 2700
25 394
14 2701
14 2702
14 2703
10 2704
3 1928
3 1929
3 223
82 1269
17 1357
17 2705
4 303
4 318
4 194
2 2651
17 1222
25 726
17 679
10 2706
25 820
17 678
4 2487
25 1402
17 116
82 436
82 435
17 2457
17 2707
63 2708
17 337
10 9
17 336
17 52
17 2709
17 445
63 369
17 209
17 2710
3 998
63 2711
63 153
63 109
63 2712
17 151
17 211
25 197
25 723
17 1839
13 2713
13 1048
43 2709
2 435
2 436
17 1491
17 900
17 901
25 1894
63 2714
17 2715
17 47
25 2716
4 66
6 2717
25 1855
4 493
4 495
4 80
10 2718
10 2719
13 2720
13 148
13 2721
13 2722
13 2723
25 1472
6 1739
12 111
13 1928
105 2420
105 2421
105 2423
10 2724
2 1457
105 2725
10 2726
4 2727
25 2728
6 975
2 101
2 97
2 636
25 2729
2 98
82 999
25 37
17 458
4 412
0 2730
3 962
1 679
1 830
10 1740
14 468
10 2731
105 746
105 1347
10 2651
13 502
1 1132
1 2732
4 430
2733 0
2734 0
2735 0
2736 0
2737 0
2738 0
2739 0
2740 0
2741 0
2742 0
2743 0
2744 0
2745 0
18 2572
2 2746
2 852
4 2674
2 2747
25 2119
25 1482
4 987
6 54
2 2668
2748 0
4 2749
79 310
1 1909
1 2750
10 2751
2 543
2 939
2 133
6 356
6 1441
105 2752
105 1048
105 2753
105 2754
12 689
105 867
105 2755
4 96
4 100
1 821
1 193
79 2756
105 2624
2 2757
2 151
3 206
2 156
2 2352
2 1210
3 214
4 2754
1 2758
2 2759
2 2760
6 2761
1 723
105 36
6 71
79 468
105 2109
6 280
23 2762
23 1631
23 2763
2 1379
2 224
85 435
6 75
85 641
85 436
2 2764
4 2324
2 243
2 2359
2 753
25 2765
2 2766
17 117
17 120
25 2767
2 2572
2 2768
43 2769
43 171
43 644
3 548
3 934
2 851
4 197
4 2212
10 2770
4 101
4 97
4 2572
43 889
43 2771
3 1106
3 1140
10 116
2 2772
10 821
43 2617
2 188
17 1893
2 2773
43 2774
13 820
2 2775
25 1357
17 1583
82 2030
4 2776
4 2777
82 932
4 307
4 846
82 1900
2 2778
43 565
43 563
43 562
43 566
2 2779
4 156
4 98
4 133
2 2780
2 922
2 2781
2 2782
2 2783
4 2784
85 334
2 2785
2 2786
2 2787
4 2775
25 2304
0 2788
0 2789
2 396
10 2790
25 148
2 2791
2 2121
2 397
85 919
3 1676
4 108
4 2792
4 2793
4 2794
43 2795
43 35
2 2796
43 2797
43 2798
2 2799
2 2800
2 2801
2 2802
0 2803
1176 10
4 2569
4 2804
3 151
10 2805
4 2806
0 2807
0 2808
0 2809
4 2244
82 2810
82 1845
43 905
2 322
10 2811
10 1349
10 2812
43 1332
43 2813
43 1262
43 302
17 442
2 2598
3 2814
43 2815
43 2816
43 343
3 2817
3 423
4 2538
85 219
43 2818
3 147
3 90
2 2819
3 107
43 2352
3 430
43 2820
17 1781
25 481
43 263
43 2359
63 184
4 2821
2 2822
25 164
43 2823
3 150
4 1218
63 2799
63 156
63 133
25 2824
10 814
4 2825
4 2826
4 2799
63 2827
85 113
25 153
25 921
4 2828
43 2829
13 2830
2 310
2 2831
10 2832
10 253
85 20
85 503
85 504
85 58
85 60
2 2833
85 1912
3 905
0 2834
2 726
10 2835
2 2836
2 2837
25 669
4 586
4 558
43 852
25 606
3 2838
4 274
4 516
4 1499
2 2839
4 2596
4 1053
2 2840
2 210
2 1120
10 2841
10 2842
10 2843
43 113
43 2844
43 20
43 369
43 59
43 2845
43 503
43 60
43 57
4 2846
2 1720
2 230
4 188
43 2847
3 1150
43 2848
3 1175
43 2849
17 2850
10 2851
0 2852
0 2853
3 798
3 2854
3 2855
43 2026
13 2420
13 2421
13 2423
17 2747
2 2856
4 2857
2 2858
10 421
17 2859
3 1868
10 659
10 1031
85 102
4 621
10 1852
3 1477
3 1478
10 689
10 1135
4 2860
2 1747
85 2861
85 2862
4 2863
85 1852
10 643
4 2864
2 2865
122 2866
2 373
2 196
122 291
43 1014
4 2867
3 2868
82 1749
122 0
82 1858
10 1749
25 1418
4 2869
2 206
3 219
85 155
2 214
82 2865
85 709
25 2870
10 2871
3 211
4 2865
2 2872
85 1398
10 2873
10 219
2 2874
4 1378
43 2875
85 1150
25 886
85 1175
2642 85
2 2876
13 2877
2 2007
25 467
4 2878
2 2879
82 2799
10 2880
2 2304
43 1826
2 1909
17 287
82 302
2 2881
105 2882
82 2874
85 644
10 2694
17 1600
10 2696
25 546
43 2883
3 863
82 343
10 265
3 1951
3 2884
3 1552
10 2885
2 2886
10 369
63 546
63 41
63 675
3 2887
0 2888
0 2889
0 2890
0 2891
0 2892
0 2893
25 567
10 2894
63 65
63 2146
3 1074
85 1180
85 802
85 805
85 1256
85 807
85 808
3 442
43 2895
10 1607
3 2896
63 48
3 2897
10 591
10 800
85 1168
85 1703
63 129
63 567
25 174
4 2898
10 2899
85 2900
85 2901
17 2902
17 2903
10 595
2 2904
2 267
25 2905
10 2420
10 2421
10 2423
25 116
10 412
3 477
10 2568
3 448
3 1341
3 1881
82 2483
82 375
2 2906
25 19
25 21
25 623
10 846
13 206
4 166
13 214
10 2907
2 2908
17 2909
17 92
82 34
3 199
4 2910
3 909
25 2161
17 1778
25 1229
25 36
2 2911
3 174
10 1672
3 2912
3 271
25 2913
3 1819
3 2481
13 908
2 2826
10 1739
3 609
3 2914
3 1801
3 2915
3 2524
1 17
1 12
1 23
1 2916
2 2917
6 2814
6 1180
6 802
6 1365
6 1561
13 696
13 856
6 2918
13 928
10 92
6 805
6 807
6 1187
6 2919
1 2920
1 2921
1 2922
1 2923
1 2924
1 2925
1 2926
1 2927
1 2928
1 2929
1 2930
1 2931
1 2932
1 2933
1 2934
1 2935
1 2936
1 2937
1 2938
1 2939
1 2940
1 2941
1 2942
1 2943
1 2944
1 2945
1 2946
1 2947
1 2948
1 2949
1 2950
1 2951
1 2952
1 2953
1 2954
1 2955
1 2956
1 2957
1 2958
1 2959
1 2960
1 2961
1 2962
1 2963
1 2964
1 2965
1 2966
1 2967
1 2968
1 2969
1 2970
1 2971
1 2972
1 2973
1 2974
1 2975
1 2976
1 2977
1 2978
1 2979
1 2980
1 2981
1 2982
1 2983
1 2984
1 2985
1 2986
1 2987
1 2988
1 2989
1 2990
1 2991
1 2992
1 2993
1 2994
1 2995
1 2996
1 2997
1 2998
1 2999
1 3000
1 3001
1 3002
1 3003
1 3004
1 3005
1 3006
1 3007
1 3008
1 3009
1 3010
1 3011
1 3012
1 3013
1 3014
1 3015
1 3016
1 3017
1 3018
1 3019
1 3
1 3020
1 3021
1 3022
1 3023
1 3024
1 3025
1 3026
1 3027
1 3028
1 3029
1 3030
1 3031
1 3032
1 3033
1 3034
1 3035
1 3036
1 3037
1 3038
1 3039
1 3040
1 3041
1 3042
1 3043
1 3044
1 3045
1 3046
1 3047
1 3048
1 3049
1 3050
1 3051
1 3052
1 3053
1 3054
1 3055
1 3056
1 3057
1 3058
1 3059
1 3060
1 3061
1 3062
1 3063
1 3064
1 3065
1 3066
1 3067
1 3068
1 3069
1 3070
1 3071
1 3072
1 3073
1 3074
1 3075
1 3076
1 3077
1 3078
1 3079
1 3080
1 3081
1 3082
1 3083
1 3084
1 3085
1 3086
1 3087
1 3088
1 3089
1 3090
1 3091
1 3092
1 3093
1 3094
1 3095
1 3096
1 3097
1 3098
1 3099
1 3100
1 3101
1 3102
1 3103
1 3104
1 3105
1 3106
1 3107
1 3108
1 3109
1 3110
1 3111
1 3112
1 3113
1 3114
1 3115
1 3116
1 3117
1 3118
1 3119
1 3120
1 3121
1 3122
1 3123
1 3124
1 3125
1 3126
1 3127
1 3128
1 3129
1 3130
1 1283
1 3131
1 3132
1 3133
1 3134
1 3135
1 3136
1 3137
1 3138
1 3139
1 3140
1 3141
1 3142
1 3143
1 91
1 3144
1 3145
1 3146
1 3147
1 3148
1 3149
1 3150
1 3151
1 3152
1 3153
1 3154
1 3155
1 3156
1 3157
1 3158
1 3159
1 3160
1 3161
1 3162
1 3163
1 3164
6 3165
1 3166
1 3167
1 3168
1 3169
10 110
3 3170
17 2746
17 3171
10 2823
3 5
3172 0
3 3173
3 607
3174 0
6 3175
4 1583
3176 0
2 2149
25 1180
25 2814
25 802
25 1367
25 1365
25 846
25 1663
25 805
85 57
85 59
4 805
13 3177
4 807
4 806
4 75
10 2814
10 430
10 259
3 232
25 808
25 807
25 806
25 259
10 859
13 394
4 3178
85 3179
3 3180
85 3181
43 695
43 696
63 396
63 702
3182 0
13 75
23 1180
23 715
23 665
4 477
23 678
23 679
23 846
23 1228
0 3183
23 808
23 805
23 807
23 1256
25 490
25 491
25 1519
23 3165
4 2427
4 1315
10 3184
10 3185
3 510
4 3186
10 3187
13 1398
3 1997
82 1962
17 598
4 2339
43 3188
4 852
25 715
25 3189
2 462
25 687
25 1187
13 2049
2 773
2 1564
2 78
2 805
2 1187
2 807
17 3190
13 3191
327 0
10 3192
12 1180
12 715
12 665
12 773
12 772
12 445
12 666
43 196
12 1187
12 805
12 75
12 808
12 807
3 3193
2 1479
2 2703
2 2480
43 844
43 1124
3 280
43 1129
1 14
2 518
14 78
14 2918
2 3194
4 3195
14 2919
14 1256
43 735
14 3165
1 3196
17 426
3 71
3197 10
3197 4
3 1752
3197 13
10 3198
1 79
10 1379
2 1527
2 3199
10 586
79 1703
79 715
79 1663
79 78
85 98
79 124
79 806
79 3165
3 3200
2 633
4 603
4 3201
82 1074
13 1222
4 3202
12 3165
4 3203
2 172
17 3204
3 2567
3 1230
3 2256
3 2268
3 3205
2 3206
3 3207
2 776
25 3208
25 329
2 273
2 311
3 1215
2 648
3 2427
63 322
63 273
82 310
10 1115
17 2620
63 2865
0 3209
85 497
82 852
3 479
25 3210
4 3211
2 2198
2 3212
43 3213
3 654
3 666
4 3214
25 109
13 659
13 3215
2 434
85 99
13 1379
4 2645
25 307
17 3216
17 3217
17 1623
17 1386
17 569
13 92
43 3218
13 329
85 1379
17 3219
2 1601
2 667
13 223
10 987
3 3220
3 3221
2 723
3 3222
3 3223
85 948
10 159
10 498
13 307
10 239
10 3224
13 311
43 479
3 1894
3 180
3 3225
17 2460
3 2719
17 594
25 3226
2 3227
43 381
13 64
3 1663
3 3228
25 345
25 140
3 263
3 213
85 1074
3 22
3 1781
2 3229
2 3230
3 3231
13 954
10 1472
2 302
4 1858
82 591
4 1222
2 3232
17 3233
13 101
13 97
13 98
3 2886
2 662
2 343
3 3234
10 2380
3 349
3 191
43 1529
3 1553
3 2033
3 1891
0 3235
10 324
10 3236
4 3237
10 2391
43 108
85 865
85 1209
85 1246
85 860
2 3238
2 572
85 77
13 1169
13 73
4 717
13 1690
4 113
13 47
25 3239
4 20
4 3240
2 3241
4 59
4 58
4 57
4 504
4 1690
13 326
2 886
25 574
4 3242
13 3243
2 425
2 305
43 715
4 3244
85 1483
3 2053
43 96
43 100
25 2160
25 1651
3 1089
85 586
4 155
3 314
13 431
2 701
3 1185
3 1507
17 2121
4 3245
2 3246
2 2576
4 3247
3 848
3 849
3 2671
10 3248
10 3249
17 1395
4 2234
82 909
10 1077
25 3250
3 2003
63 510
63 66
63 866
3 1129
63 2033
63 3251
63 353
63 607
63 80
10 78
63 953
63 447
10 2056
3 916
3 2048
13 3252
25 3253
13 36
2 334
63 755
85 987
10 2570
3 3254
10 3255
82 116
13 1281
3 34
13 1734
13 1125
10 3256
43 2420
43 2421
43 776
43 2423
2 2365
2 3257
3 1219
3 1220
3 2116
4 90
3 2304
10 532
3 1933
25 1966
4 147
4 150
85 244
13 2179
13 1519
4 3258
3 3259
43 3260
43 981
13 1321
43 1618
2 304
3261 0
43 2561
3 3262
4 3263
43 393
4 3264
3 2500
4 1333
3265 4
0 3266
82 318
3 1574
728 10
728 13
3 253
0 3267
0 3268
0 3269
3265 85
3265 17
0 3270
0 3271
0 3272
0 3273
3265 2
3265 10
0 3274
0 3275
3265 25
43 2634
728 3
3265 82
3265 3
3265 43
0 3276
85 1077
3277 0
10 381
2 961
2 2280
10 3278
10 954
3 3279
43 1491
3 2918
43 3280
43 1550
2 1218
4 609
4 3281
4 3282
4 3283
4 3193
2 3284
2 955
17 3285
25 3286
17 3287
17 3288
17 3289
17 3290
25 3291
3 3292
43 3293
4 972
105 801
105 1408
105 715
105 665
105 1367
105 2719
105 2823
105 3294
105 808
10 206
105 3295
105 3296
105 3297
105 805
105 807
105 1256
105 75
105 3298
105 2857
105 3299
105 3300
105 3301
85 151
105 2424
10 214
105 3302
105 3238
105 608
105 3303
105 3304
105 3305
105 3306
105 3307
105 3308
105 3309
105 3310
25 3311
105 3312
3313 105
3314 105
3315 105
3265 105
105 3316
3317 105
3318 105
3319 105
3320 105
3321 105
3322 105
3323 105
3324 105
3325 105
3326 105
3327 105
3328 105
3329 105
3330 105
3331 105
10 3332
3333 105
3334 105
3335 105
728 105
3336 105
3337 105
3338 105
3339 105
3340 105
3341 105
3342 105
105 3343
105 3344
105 3345
3346 105
3347 105
3348 105
105 3349
3350 105
3351 105
105 3352
3353 105
105 1861
3354 105
3355 105
3356 105
3357 105
105 3358
105 3359
105 3360
105 3361
105 3362
105 3363
105 3364
105 3365
105 3366
105 3367
105 3368
105 3369
105 3370
105 3371
105 3372
105 3373
105 3374
105 3375
105 3376
105 3377
105 3378
105 3379
105 3380
105 3381
105 3382
105 3383
105 3384
105 3385
105 3386
105 3387
105 3388
105 3389
105 3390
105 3391
105 3392
105 3393
105 3394
105 3395
105 3396
105 3397
105 3398
105 3399
105 3400
105 3401
105 3402
105 3403
105 3404
105 3405
105 3406
105 3407
105 3408
105 3409
105 3410
105 3411
105 3412
105 3413
105 3414
105 3415
105 3416
105 3417
105 3418
105 3419
105 3420
105 3421
105 3422
105 3423
105 3424
105 3425
105 3426
105 3427
105 3428
105 3429
105 3430
105 3431
105 3432
105 3433
105 3434
105 3435
105 3436
105 3437
105 3438
105 3439
105 3440
105 3441
105 3442
105 3443
105 3444
105 3445
105 3446
105 3447
3448 105
105 3449
105 3450
105 3451
105 3452
105 3453
105 3454
105 3455
105 3456
105 3457
105 3458
105 3459
105 3460
105 3461
105 3462
105 3463
105 3464
105 3465
105 3466
105 3467
105 3468
105 3469
105 3470
105 3471
105 3472
105 3473
105 3474
105 3475
105 3476
105 3477
105 3478
105 3479
105 3480
105 3481
105 3482
105 3483
105 3484
105 3485
105 3486
105 3487
105 3488
105 3489
105 3490
105 3491
105 3492
105 3493
105 3494
105 3495
105 3496
105 3497
105 3498
105 3499
105 3500
105 3501
105 3502
105 3503
105 3504
105 3505
105 3506
105 3507
105 3508
105 3509
105 3510
105 3511
105 3512
105 3513
105 3514
105 3515
105 3516
105 3517
105 3518
105 3519
105 3520
105 3521
105 3522
105 3523
105 3524
105 3525
105 3526
105 3527
105 3528
105 3529
105 3530
105 3531
105 3532
105 3533
105 3534
105 3535
105 3536
105 3537
105 3538
105 3539
105 3540
105 3541
105 3542
105 3543
105 3544
105 3545
3546 105
105 3547
105 3548
105 3549
105 3550
105 3551
105 3552
105 3553
105 3554
105 3555
105 3556
105 3557
105 3558
105 3559
105 3560
105 3561
105 3562
105 3563
105 3564
105 3565
105 3566
105 3567
105 3568
105 3569
105 3570
105 3571
105 3572
105 3573
105 3574
105 3575
105 3576
105 3577
105 3578
105 3579
105 3580
105 3581
105 3582
105 3583
105 3584
105 3585
105 3586
105 3587
105 3588
105 3589
105 3590
105 3591
105 3592
105 3593
105 3594
105 3595
105 3596
105 3597
105 3598
105 3599
105 3600
105 3601
105 3602
105 3603
105 3604
105 3605
105 3606
105 3607
105 3608
3609 105
105 3610
105 3611
105 3612
105 3613
105 3614
105 3615
105 3616
105 3617
105 3618
105 3619
105 3620
105 3621
105 3622
105 3623
105 3624
105 3625
105 3626
105 3627
105 3628
105 3629
105 3630
105 3631
105 3632
105 3633
105 3634
105 3635
3636 105
105 3637
105 3638
105 3639
105 3640
105 3641
105 3642
105 3643
105 3644
105 3645
105 3646
105 3647
105 3648
105 3649
105 3650
105 3651
105 3652
105 3653
105 3654
105 3655
105 3656
105 3657
105 3658
105 3659
105 3660
105 3661
105 3662
105 3663
105 3664
105 3665
105 3666
105 3667
105 3668
105 3669
105 3670
105 3671
105 3672
105 3673
105 3674
105 3675
105 3676
105 3677
105 3678
105 3679
105 3680
105 3681
105 3682
105 3683
105 3684
105 3685
105 3686
105 3687
105 3688
105 3689
105 3690
105 3691
105 3692
105 3693
105 3694
105 3695
105 3696
105 3697
105 3698
105 3699
105 3700
105 3701
105 3702
105 3703
105 3704
105 3705
105 3706
105 3707
105 3708
3709 105
3 3710
3711 105
3712 105
105 3713
105 3714
105 3715
105 3716
105 3717
105 3718
105 3719
105 3720
105 3721
105 3722
105 3723
105 3724
105 3725
105 3726
105 3727
105 3728
105 3729
105 3730
105 3731
105 3732
105 3733
105 3734
105 3735
105 3736
105 3737
105 3738
105 3739
105 3740
105 3741
105 3742
105 3743
105 3744
105 3745
105 3746
105 3747
105 3748
105 3749
105 3750
105 3751
105 3752
105 3753
105 3754
105 3755
105 3756
105 3757
105 3758
105 3759
105 3760
105 3761
105 3762
105 3763
105 3764
105 3765
3766 105
105 3767
105 3768
105 3769
105 3770
105 3771
105 3772
105 3773
105 3774
105 3775
105 3776
105 3777
105 3778
105 3779
105 3780
105 3781
105 3782
105 3783
105 3784
105 3785
105 3786
105 3787
105 3788
105 3789
105 3790
105 3791
105 3792
105 3793
105 3794
105 3795
105 3796
105 3797
105 3798
105 3799
105 3800
105 3801
105 3802
105 3803
105 3804
105 3805
105 3806
105 3807
105 3808
105 3809
105 3810
105 3811
105 3812
105 3813
105 3814
105 3815
105 3816
105 3817
105 3818
105 3819
105 3820
105 3821
105 3822
105 3823
105 3824
105 3825
105 3826
105 3827
105 3828
105 3829
105 3830
105 3831
105 3832
105 3833
105 3834
105 3835
105 3836
105 3837
105 3838
105 3839
105 3840
105 3841
105 3842
105 3843
105 3844
105 3845
105 3846
105 3847
105 3848
105 3849
105 3850
105 3851
105 3852
105 3853
105 3854
105 3855
105 3856
105 3857
105 3858
105 3859
105 3860
105 3861
105 3862
105 3863
105 3864
3865 105
3866 105
3867 105
105 3868
43 287
43 288
3869 105
105 3870
105 3871
105 3872
105 3873
105 3874
105 1745
105 3875
105 3876
105 3877
105 3878
105 3879
105 3880
105 3881
105 3882
105 3883
105 3884
105 3885
105 3886
105 3887
105 3888
105 3889
105 3890
105 3891
105 3892
105 3893
105 3894
105 3895
105 3896
105 3897
105 3898
105 3899
105 3900
105 3901
105 3902
105 3903
105 3904
105 3905
105 3906
105 3907
105 3908
105 3909
105 3910
105 3911
105 3912
105 3913
105 3914
105 3915
105 3916
3917 105
3918 105
3919 105
3920 105
3921 105
105 3922
105 3923
105 3924
105 3925
105 3926
105 3927
105 3928
105 3929
105 3930
105 3931
105 3932
105 3933
105 3934
105 3935
105 3936
105 3937
105 3938
105 3939
105 3940
105 3941
105 3942
105 3943
105 3944
105 3945
105 3946
105 3947
105 3948
105 3949
105 3950
105 3951
105 3952
105 3953
105 3954
105 3955
105 3956
105 3957
105 3958
105 3959
105 3960
105 3961
105 3962
105 3963
105 3964
105 3965
105 3966
3967 105
105 3968
105 3969
105 3970
105 3971
105 3972
105 3973
105 3974
105 3975
105 3976
105 3977
105 3978
3979 105
105 3980
105 3981
105 3982
105 3983
105 3984
105 3985
105 3986
105 3987
105 3988
105 3989
105 3990
105 3991
105 3992
105 3993
105 3994
105 3995
3996 105
105 3997
105 3998
105 3999
105 4000
105 4001
105 4002
105 4003
105 4004
4005 105
4006 105
105 4007
105 4008
105 4009
105 4010
105 4011
105 4012
105 4013
105 4014
105 4015
105 4016
105 4017
105 4018
105 4019
105 4020
105 4021
105 4022
43 4023
105 4024
105 4025
105 4026
105 4027
105 4028
105 4029
105 4030
4031 105
105 4032
105 4033
105 4034
105 4035
105 4036
105 4037
105 4038
105 4039
105 4040
105 4041
105 4042
4043 105
105 4044
105 4045
105 4046
105 4047
105 4048
4 2146
4049 105
4050 105
105 4051
105 4052
105 4053
105 4054
4055 105
4056 105
4057 105
105 4058
105 4059
105 4060
4061 105
4062 105
4063 105
4064 105
105 4065
105 4066
105 4067
105 4068
105 4069
105 4070
105 4071
105 4072
105 4073
4074 105
4075 105
105 4076
105 4077
105 4078
105 4079
4080 105
4081 105
105 4082
105 4083
105 4084
105 4085
105 4086
105 4087
105 4088
105 4089
105 4090
105 4091
105 4092
105 4093
105 4094
17 534
105 4095
105 4096
105 4097
105 4098
105 4099
105 4100
105 4101
105 4102
105 4103
105 4104
105 4105
105 4106
105 4107
105 4108
105 4109
105 4110
105 4111
105 4112
105 4113
105 4114
105 4115
105 4116
105 4117
105 4118
0 4119
0 4120
0 4121
0 4122
0 4123
0 4124
4 1575
105 4125
105 4126
105 4127
105 4128
105 4129
4130 105
105 4131
105 4132
105 4133
105 4134
105 4135
728 4
105 4136
105 4137
105 4138
105 4139
105 4140
43 1281
105 4141
105 4142
105 4143
105 4144
105 4145
4146 105
4147 105
105 4148
105 4149
43 4150
105 4151
105 4152
105 4153
105 4154
105 4155
0 4156
25 1097
0 4157
0 4158
4159 105
105 4160
105 4161
105 4162
105 4163
105 4164
105 4165
43 1101
105 4166
105 4167
105 4168
105 4169
105 4170
105 4171
105 4172
105 4173
105 4174
105 4175
4176 105
105 4177
105 4178
105 4179
105 4180
105 4181
105 4182
105 4183
105 4184
105 4185
105 4186
105 4187
105 4188
105 4189
105 4190
105 4191
105 4192
105 4193
105 4194
105 4195
105 4196
105 4197
105 4198
105 4199
105 4200
105 4201
105 4202
105 4203
105 4204
105 4205
105 4206
105 4207
105 4208
105 4209
105 4210
105 4211
105 4212
105 4213
105 4214
105 4215
105 4216
105 4217
105 4218
105 4219
105 4220
105 4221
105 4222
105 4223
105 4224
105 4225
105 4226
105 4227
105 4228
105 4229
105 4230
105 4231
105 4232
105 4233
105 4234
105 4235
4236 105
105 4237
105 4238
105 4239
105 4240
105 4241
105 4242
105 4243
105 4244
105 4245
105 4246
105 4247
105 4248
105 4249
105 4250
105 4251
105 4252
105 4253
105 4254
105 4255
25 101
105 4256
105 4257
105 4258
105 4259
105 4260
105 4261
25 97
25 98
105 4262
105 4263
105 4264
105 4265
105 4266
105 4267
105 4268
105 4269
105 4270
10 4271
3 1724
105 4272
105 4273
105 4274
3 4275
3 435
3 1731
105 4276
105 4277
105 4278
105 4279
105 4280
3 436
105 4281
105 4282
105 4283
105 4284
105 4285
105 4286
105 4287
105 4288
105 4289
105 4290
105 4291
105 4292
105 4293
105 4294
4295 105
105 4296
105 4297
105 4298
105 4299
105 4300
105 4301
105 4302
105 4303
105 4304
105 4305
105 4306
105 4307
105 4308
105 4309
105 4310
105 4311
105 4312
105 4313
105 4314
105 4315
105 4316
105 4317
105 4318
105 4319
105 4320
105 4321
105 4322
105 4323
105 4324
105 4325
105 4326
105 4327
2 4328
105 4329
105 4330
105 4331
105 4332
105 4333
105 4334
105 4335
105 4336
105 4337
105 4338
105 4339
105 4340
105 4341
105 4342
105 4343
105 4344
105 4345
105 4346
105 4347
105 4348
105 4349
105 4350
105 4351
105 4352
105 4353
105 4354
105 4355
105 4356
105 4357
105 4358
105 4359
105 4360
105 4361
105 4362
105 4363
105 4364
105 4365
105 4366
105 4367
105 4368
105 4369
105 4370
105 4371
105 4372
105 4373
105 4374
105 4375
105 4376
105 4377
105 4378
105 4379
105 4380
105 4381
105 4382
105 4383
105 4384
105 4385
105 4386
105 4387
105 4388
105 4389
105 4390
105 4391
105 4392
105 4393
105 4394
105 4395
105 4396
105 4397
105 4398
105 4399
105 4400
105 4401
105 4402
105 4403
105 4404
105 4405
105 4406
105 4407
105 4408
105 4409
105 4410
105 4411
105 4412
105 4413
105 4414
105 4415
105 4416
105 4417
105 4418
105 4419
105 4420
105 4421
105 4422
105 4423
105 4424
105 4425
105 4426
105 4427
105 4428
105 4429
105 4430
105 4431
105 4432
105 4433
105 4434
105 4435
105 4436
105 4437
105 4438
105 4439
105 4440
105 4441
105 4442
105 4443
105 4444
105 4445
105 4446
105 4447
105 4448
105 4449
105 4450
105 4451
105 4452
105 4453
105 4454
105 4455
105 4456
105 4457
105 4458
105 4459
105 4460
105 4461
105 4462
105 4463
105 4464
105 4465
105 4466
105 4467
105 4468
105 4469
105 4470
4471 105
105 4472
105 4473
105 4474
105 4475
105 4476
105 4477
105 4478
105 4479
105 4480
105 4481
105 4482
105 4483
43 794
105 4484
105 4485
105 4486
105 4487
105 4488
105 4489
105 4490
105 4491
105 4492
105 4493
105 4494
105 4495
105 4496
105 4497
105 4498
105 4499
105 4500
105 4501
105 4502
105 4503
105 4504
105 4505
105 4506
105 4507
105 4508
105 4509
105 4510
105 4511
105 4512
105 4513
105 4514
105 4515
105 4516
105 4517
105 4518
105 4519
4520 105
105 4521
105 4522
105 4523
105 4524
4525 105
105 4526
105 4527
105 4528
105 4529
105 4530
105 4531
105 4532
105 4533
105 4534
105 4535
105 4536
105 4537
105 4538
105 4539
105 4540
105 4541
105 4542
105 4543
105 4544
105 4545
105 4546
105 4547
105 4548
105 4549
105 4550
105 4551
105 4552
105 4553
105 4554
105 4555
105 4556
105 4557
105 4558
105 4559
105 4560
105 4561
105 4562
105 4563
105 4564
105 4565
105 4566
105 4567
105 4568
105 4569
105 4570
105 4571
105 4572
105 4573
105 4574
105 4575
105 4576
105 4577
105 4578
105 4579
105 4580
105 4581
105 4582
105 4583
105 4584
105 4585
105 4586
105 4587
105 4588
105 4589
105 4590
105 4591
105 4592
105 4593
105 4594
105 4595
105 4596
105 4597
105 4598
105 4599
105 4600
105 4601
105 4602
105 4603
105 4604
105 4605
105 4606
105 4607
105 4608
105 4609
105 4610
105 4611
105 4612
105 4613
105 4614
105 4615
105 4616
105 4617
105 4618
105 4619
105 4620
105 4621
105 4622
105 4623
105 4624
105 4625
105 4626
105 4627
105 4628
105 4629
105 4630
105 4631
105 4632
105 4633
105 4634
105 4635
105 4636
105 4637
105 4638
105 4639
105 4640
105 4641
105 4642
105 4643
105 4644
105 4645
105 4646
105 4647
105 4648
4 4649
105 4650
105 4651
105 4652
105 4653
105 4654
105 4655
105 4656
105 4657
105 4658
105 4659
105 4660
105 4661
105 4662
105 4663
105 4664
105 4665
105 4666
105 4667
105 4668
105 4669
105 4670
105 4671
105 4672
105 4673
105 4674
105 4675
105 4676
105 4677
105 4678
105 4679
105 4680
105 4681
105 4682
105 4683
105 4684
105 4685
105 4686
105 4687
105 4688
105 4689
105 4690
105 4691
105 4692
105 4693
105 4694
105 4695
105 4696
4697 105
105 4698
105 4699
105 4700
105 4701
105 4702
4703 105
105 4704
105 4705
105 4706
105 4707
105 4708
105 4709
105 4710
105 4711
105 4712
105 4713
105 4714
105 4715
105 4716
105 4717
105 4718
105 4719
105 4720
105 4721
105 4722
105 4723
105 4724
105 4725
105 4726
105 4727
105 4728
105 4729
105 4730
105 4731
105 4732
105 4733
105 4734
105 4735
105 4736
10 244
105 4737
105 4738
105 4739
105 4740
105 4741
85 2865
43 4742
85 230
3 1180
3 665
3 2412
3 805
105 4743
105 4744
105 4745
105 4746
105 4747
105 4748
105 4749
105 4750
105 4751
105 4752
3 1187
3 807
3 808
105 4753
105 4754
105 4755
105 4756
105 4757
105 4758
105 4759
105 4760
105 4761
105 4762
105 4763
105 4764
105 4765
105 4766
105 4767
105 4768
105 4769
105 4770
105 4771
105 4772
105 4773
10 2025
105 4774
105 4775
105 4776
105 4777
105 4778
105 4779
105 4780
105 4781
105 4782
3 850
105 4783
105 4784
105 4785
105 4786
105 4787
3 1670
4 540
105 4788
105 4789
105 4790
105 4791
105 4792
0 4793
105 4794
105 4795
105 4796
105 4797
105 4798
10 620
4 2295
105 4799
105 4800
105 4801
105 4802
105 4803
105 4804
105 4805
105 4806
105 4807
105 4808
105 4809
105 4810
105 4811
105 4812
105 4813
105 4814
105 4815
105 4816
105 4817
3 806
3 1561
105 4818
105 4819
105 4820
105 4821
105 4822
105 4823
105 4824
105 4825
105 4826
105 4827
105 4828
105 4829
105 4830
105 4831
105 4832
105 4833
105 4834
105 4835
105 4836
105 4837
105 4838
105 4839
105 4840
105 4841
105 4842
105 4843
3 1365
105 4844
105 4845
105 4846
105 4847
105 4848
85 620
105 4849
105 4850
105 4851
105 4852
105 4853
105 4854
105 4855
105 4856
105 4857
105 4858
105 4859
105 4860
105 4861
105 4862
105 4863
43 388
4864 105
105 4865
105 4866
105 4867
105 4868
105 4869
105 4870
105 4871
105 4872
105 4873
105 4874
105 4875
105 4876
105 4877
105 4878
105 4879
105 4880
105 4881
105 4882
105 4883
105 4884
105 4885
105 4886
105 4887
105 4888
105 4889
105 4890
105 4891
105 4892
105 4893
105 4894
105 4895
3 1499
3 4896
4 496
3 773
105 4897
105 4898
105 4899
105 4900
105 4901
3 772
105 4902
105 4903
105 4904
105 4905
105 4906
105 4907
105 4908
105 4909
105 4910
105 4911
105 4912
105 4913
105 4914
105 4915
105 4916
105 4917
105 4918
105 4919
105 4920
105 4921
105 4922
105 4923
105 4924
105 4925
105 4926
105 4927
105 4928
105 4929
105 4930
105 4931
105 4932
105 4933
105 4934
105 4935
105 4936
105 4937
105 4938
105 4939
105 4940
105 4941
105 4942
105 4943
105 4944
105 4945
105 4946
105 4947
105 4948
105 4949
105 4950
105 4951
105 4952
105 4953
105 4954
105 4955
105 4956
105 4957
105 4958
105 4959
105 4960
105 4961
105 4962
105 4963
105 4964
105 4965
105 4966
105 4967
105 4968
105 4969
105 4970
105 4971
105 4972
105 4973
105 4974
105 4975
105 4976
105 4977
105 4978
105 4979
105 4980
105 4981
105 4982
105 4983
105 4984
105 4985
105 4986
105 4987
105 4988
105 4989
105 4990
105 4991
105 4992
105 4993
105 4994
105 4995
105 4996
105 4997
105 4998
105 4999
105 5000
105 5001
105 5002
105 5003
105 5004
105 5005
105 5006
105 5007
105 5008
105 5009
105 5010
105 5011
105 5012
105 5013
105 5014
105 5015
105 5016
105 5017
105 5018
105 5019
105 5020
105 5021
105 5022
105 5023
105 5024
105 5025
105 5026
105 5027
105 5028
105 5029
105 5030
105 5031
105 5032
105 5033
105 5034
105 5035
105 5036
105 5037
105 5038
105 5039
105 5040
105 5041
105 5042
105 5043
105 5044
105 5045
105 5046
105 5047
105 5048
105 5049
105 5050
105 5051
105 5052
105 5053
105 5054
105 5055
105 5056
105 5057
105 5058
105 5059
105 5060
105 5061
105 5062
105 5063
105 5064
105 5065
105 5066
105 5067
105 5068
105 5069
105 5070
105 5071
105 5072
105 5073
105 5074
105 5075
105 5076
105 5077
105 5078
105 5079
105 5080
105 5081
105 5082
105 5083
105 5084
105 5085
105 5086
105 5087
105 5088
105 5089
105 5090
105 5091
105 5092
105 5093
105 5094
105 5095
105 5096
105 5097
105 5098
105 5099
105 5100
105 5101
105 5102
105 5103
105 5104
105 5105
105 5106
105 5107
105 5108
105 5109
105 5110
105 5111
105 5112
105 5113
105 5114
105 5115
105 5116
105 5117
105 5118
105 5119
105 5120
105 5121
105 5122
105 5123
105 5124
105 5125
105 5126
105 5127
105 5128
105 5129
105 5130
105 5131
105 5132
105 5133
105 5134
105 5135
105 5136
105 5137
105 5138
105 5139
105 5140
105 5141
105 5142
105 5143
105 5144
105 5145
105 5146
105 5147
105 5148
105 5149
105 5150
105 5151
105 5152
105 5153
105 5154
105 5155
105 5156
105 5157
105 5158
105 5159
105 5160
105 5161
105 5162
105 5163
105 5164
105 5165
105 5166
105 5167
105 5168
105 5169
105 5170
105 5171
105 5172
105 5173
105 5174
105 5175
105 5176
105 5177
105 5178
105 5179
105 5180
105 5181
105 5182
105 5183
105 5184
105 5185
105 5186
105 5187
105 5188
105 5189
105 5190
105 5191
105 5192
105 5193
105 5194
105 5195
105 5196
105 5197
105 5198
105 5199
105 5200
105 5201
105 5202
105 5203
105 5204
105 5205
105 5206
105 5207
105 5208
105 5209
105 5210
105 5211
105 5212
105 5213
105 5214
105 5215
105 5216
105 5217
105 5218
105 5219
105 5220
105 5221
105 5222
105 5223
105 5224
105 5225
105 5226
105 5227
105 5228
105 5229
85 437
105 5230
105 5231
105 5232
105 5233
105 5234
105 5235
105 5236
105 5237
105 5238
105 5239
105 5240
105 5241
105 5242
105 5243
105 5244
105 5245
105 5246
105 5247
105 5248
105 5249
105 5250
105 5251
105 5252
105 5253
105 5254
105 5255
105 5256
105 5257
105 5258
105 5259
105 5260
105 5261
105 5262
105 5263
105 5264
105 5265
105 5266
105 5267
105 5268
105 5269
105 5270
105 5271
105 5272
105 5273
105 5274
105 5275
105 5276
105 5277
105 5278
105 5279
105 5280
105 5281
105 5282
105 5283
105 5284
105 5285
105 5286
105 5287
105 5288
105 5289
105 5290
105 5291
105 5292
105 5293
105 5294
105 5295
105 5296
105 5297
105 5298
105 5299
3 5300
105 5301
105 5302
105 5303
105 5304
105 5305
105 5306
105 5307
105 5308
105 5309
105 5310
4 410
0 5311
105 5312
105 5313
105 5314
105 5315
105 5316
105 5317
105 5318
105 5319
105 5320
105 5321
4 3285
4 5322
4 2125
4 531
17 1870
2 2324
10 108
2 2487
105 5323
105 5324
105 5325
105 5326
105 5327
105 5328
105 5329
105 5330
105 5331
105 5332
4 2143
17 5333
43 5334
105 5335
105 5336
105 5337
105 5338
105 5339
105 5340
105 5341
105 5342
105 5343
105 5344
105 5345
105 5346
105 5347
105 5348
17 2100
43 5349
63 1379
10 5350
25 1834
3 1790
105 5351
105 5352
105 5353
105 5354
105 5355
5356 0
5357 105
105 5358
105 5359
105 5360
105 5361
105 5362
105 5363
105 5364
105 5365
105 5366
105 5367
105 5368
105 5369
105 5370
105 5371
5372 105
105 5373
105 5374
105 5375
105 5376
105 5377
105 5378
105 5379
105 5380
105 5381
105 5382
105 5383
105 5384
105 5385
105 5386
105 5387
105 5388
105 5389
105 5390
105 5391
105 5392
105 5393
105 5394
105 5395
105 5396
105 5397
105 5398
105 5399
105 5400
105 5401
105 5402
105 5403
105 5404
105 5405
105 5406
105 5407
105 5408
105 5409
105 5410
105 5411
105 5412
105 5413
105 5414
105 5415
105 5416
105 5417
105 5418
105 5419
105 5420
105 5421
105 5422
105 5423
105 5424
105 5425
105 5426
105 5427
105 5428
105 5429
105 5430
105 5431
105 5432
105 5433
105 5434
105 5435
105 5436
105 5437
105 5438
105 5439
105 5440
105 5441
105 5442
105 5443
105 5444
105 5445
105 5446
105 5447
105 5448
105 5449
105 5450
105 5451
105 5452
105 5453
105 5454
105 5455
105 5456
105 5457
105 5458
105 5459
105 5460
105 5461
105 5462
105 5463
105 5464
105 5465
105 5466
105 5467
105 5468
105 5469
105 5470
105 5471
105 5472
105 5473
105 5474
105 5475
105 5476
105 5477
5478 105
105 5479
105 5480
105 5481
105 5482
105 5483
105 5484
105 5485
105 5486
105 5487
105 5488
105 5489
105 5490
105 5491
105 5492
105 5493
105 5494
105 5495
105 5496
105 5497
105 5498
105 5499
105 5500
105 5501
105 5502
105 5503
105 5504
105 5505
105 5506
105 5507
105 5508
105 5509
105 5510
25 5511
105 5512
105 5513
105 5514
105 5515
105 5516
105 5517
105 5518
105 5519
105 5520
105 5521
105 5522
105 5523
105 5524
105 5525
105 5526
105 5527
105 5528
105 5529
105 5530
105 5531
105 5532
105 5533
105 5534
105 5535
105 5536
105 5537
105 5538
105 5539
105 5540
105 5541
105 5542
105 5543
105 5544
105 5545
105 5546
105 5547
105 5548
105 5549
105 5550
105 5551
105 5552
105 5553
5554 105
105 5555
105 5556
105 5557
105 5558
105 5559
105 5560
105 5561
105 5562
105 5563
105 5564
105 5565
105 5566
105 5567
105 5568
105 5569
105 5570
105 5571
105 5572
105 5573
105 5574
105 5575
105 5576
105 5577
105 5578
105 5579
105 5580
105 5581
105 5582
105 5583
105 5584
105 5585
105 5586
105 5587
105 5588
105 5589
105 5590
105 5591
105 5592
105 5593
105 5594
105 5595
105 5596
105 5597
105 5598
105 5599
105 5600
105 5601
105 5602
105 5603
5604 105
105 5605
105 5606
105 5607
105 5608
105 5609
105 5610
105 5611
105 5612
105 5613
105 5614
105 5615
105 5616
105 5617
105 5618
105 5619
105 5620
105 5621
105 5622
105 5623
105 5624
105 5625
105 5626
105 5627
105 5628
105 5629
105 5630
105 5631
105 5632
105 5633
105 5634
105 5635
105 5636
105 5637
105 5638
105 5639
105 5640
105 5641
105 5642
105 5643
105 5644
105 5645
105 5646
105 5647
105 5648
105 5649
105 5650
105 5651
10 776
25 1379
105 5652
105 5653
105 5654
105 5655
105 5656
105 5657
105 5658
105 5659
105 5660
105 5661
105 5662
105 5663
105 5664
105 5665
105 5666
105 5667
105 5668
105 5669
105 5670
105 5671
105 5672
105 5673
105 5674
105 5675
105 5676
105 5677
105 5678
105 5679
105 5680
105 5681
105 5682
105 5683
105 5684
105 5685
5686 105
105 5687
105 5688
105 5689
105 5690
105 5691
105 5692
105 5693
105 5694
105 5695
105 5696
105 5697
105 5698
105 5699
105 5700
105 5701
105 5702
105 5703
105 5704
105 5705
105 5706
5707 105
105 5708
105 5709
105 5710
105 5711
105 5712
105 5713
105 5714
105 5715
105 5716
105 5717
105 5718
105 5719
105 5720
105 5721
105 5722
105 5723
105 5724
105 5725
105 5726
105 5727
105 5728
105 5729
105 5730
105 5731
105 5732
105 5733
105 5734
105 5735
105 5736
105 5737
105 5738
105 5739
105 5740
105 5741
105 5742
105 5743
105 5744
105 5745
105 5746
105 5747
105 5748
105 5749
105 5750
105 5751
105 5752
105 5753
105 5754
105 5755
105 5756
105 5757
105 5758
105 5759
105 5760
105 5761
105 5762
105 5763
105 5764
105 5765
105 5766
105 5767
105 5768
105 5769
105 5770
105 5771
105 5772
105 5773
105 5774
105 5775
105 5776
105 5777
105 5778
105 5779
105 5780
105 5781
105 5782
105 5783
105 5784
105 5785
105 5786
105 5787
105 5788
105 5789
105 5790
105 5791
105 5792
105 5793
105 5794
105 5795
105 5796
105 5797
105 5798
105 5799
105 5800
105 5801
105 5802
105 5803
105 5804
105 5805
105 5806
105 5807
105 5808
105 5809
105 5810
105 5811
105 5812
105 5813
105 5814
105 5815
105 5816
105 5817
105 5818
105 5819
105 5820
105 5821
105 5822
105 5823
105 5824
105 5825
105 5826
105 5827
3 852
105 5828
105 5829
105 5830
105 5831
105 5832
105 5833
105 5834
105 5835
105 5836
105 5837
105 5838
105 5839
105 5840
16 5841
16 2102
105 5842
105 5843
105 5844
105 5845
105 5846
105 5847
105 5848
105 5849
105 5850
105 5851
63 54
105 5852
105 5853
105 5854
105 5855
105 5856
17 1218
105 5857
105 5858
105 5859
105 5860
105 5861
3 801
105 5862
105 5863
105 5864
105 5865
105 5866
3 830
43 674
105 5867
105 5868
105 5869
105 5870
105 5871
105 5872
105 5873
105 5874
105 5875
105 5876
105 5877
105 5878
105 5879
105 5880
105 5881
105 5882
105 5883
105 5884
105 5885
105 5886
105 5887
105 5888
105 5889
105 5890
105 5891
105 5892
105 5893
105 5894
105 5895
17 5896
25 5897
105 5898
105 5899
105 5900
105 5901
105 5902
10 2773
3 1066
105 5903
105 5904
105 5905
105 5906
105 5907
105 5908
105 5909
105 5910
105 5911
105 5912
105 5913
105 5914
105 5915
105 5916
105 5917
105 5918
105 5919
105 5920
105 5921
105 5922
4 5350
5923 105
3 679
25 5924
3 5925
105 5926
105 5927
105 5928
105 5929
105 5930
105 5931
105 5932
105 5933
105 5934
105 5935
105 5936
105 5937
105 5938
105 5939
105 5940
10 2649
82 201
105 5941
105 5942
105 5943
105 5944
43 5945
3 5946
105 5947
105 5948
105 5949
105 5950
105 5951
105 5952
105 5953
105 5954
105 5955
105 5956
105 5957
105 5958
105 5959
105 5960
105 5961
105 5962
105 5963
105 5964
105 5965
105 5966
105 5967
105 5968
105 5969
105 5970
105 5971
105 5972
105 5973
105 5974
3 1878
105 5975
105 5976
105 5977
105 5978
105 5979
105 5980
105 5981
105 5982
105 5983
105 5984
105 5985
105 5986
105 5987
105 5988
105 5989
105 5990
105 5991
105 5992
105 5993
105 5994
105 5995
105 5996
105 5997
105 5998
105 5999
105 6000
105 6001
105 6002
105 6003
105 6004
105 6005
105 6006
105 6007
105 6008
105 6009
105 6010
3 316
105 6011
105 6012
105 6013
105 6014
105 6015
105 6016
105 6017
105 6018
105 6019
105 6020
105 6021
105 6022
105 6023
105 6024
105 6025
105 6026
105 6027
105 6028
105 6029
105 6030
105 6031
105 6032
105 6033
105 6034
105 6035
105 6036
105 6037
105 6038
105 6039
105 6040
105 6041
105 6042
105 6043
105 6044
6045 105
105 6046
105 6047
105 6048
105 6049
105 6050
105 6051
105 6052
105 6053
105 6054
105 6055
105 6056
105 6057
105 6058
105 6059
105 6060
105 6061
105 6062
105 6063
105 6064
105 6065
105 6066
105 6067
105 6068
105 6069
105 6070
105 6071
105 6072
105 6073
105 6074
6075 105
105 6076
105 6077
105 6078
105 6079
105 6080
105 6081
105 6082
105 6083
105 6084
105 6085
105 6086
105 6087
105 6088
105 6089
105 6090
105 6091
105 6092
105 6093
105 6094
105 6095
105 6096
105 6097
105 6098
105 6099
105 6100
105 6101
105 6102
105 6103
105 6104
105 6105
105 6106
105 6107
105 6108
105 6109
105 6110
105 6111
105 6112
105 6113
105 6114
105 6115
105 6116
105 6117
105 6118
105 6119
105 6120
105 6121
105 6122
105 6123
105 6124
105 6125
105 6126
105 6127
105 6128
105 6129
105 6130
105 6131
105 6132
105 6133
105 6134
105 6135
105 6136
105 6137
105 6138
105 6139
105 6140
105 6141
105 6142
105 6143
105 6144
43 450
105 6145
105 6146
105 6147
105 6148
105 6149
105 6150
105 6151
105 6152
105 6153
105 6154
105 6155
105 6156
105 6157
105 6158
105 6159
105 6160
105 6161
105 6162
105 6163
105 6164
105 6165
105 6166
105 6167
105 6168
105 6169
105 6170
105 6171
105 6172
105 6173
105 6174
105 6175
105 6176
105 6177
105 6178
105 6179
105 6180
105 6181
105 6182
3 6183
85 921
105 6184
105 6185
105 6186
105 6187
105 6188
105 6189
105 6190
105 6191
105 6192
105 6193
105 6194
105 6195
105 6196
105 6197
105 6198
105 6199
105 6200
105 6201
105 6202
105 6203
105 6204
105 6205
105 6206
105 6207
105 6208
105 6209
105 6210
105 6211
105 6212
6213 105
105 6214
105 6215
105 6216
105 6217
105 6218
105 6219
105 6220
105 6221
105 6222
43 6223
105 6224
105 6225
105 6226
105 6227
105 6228
105 6229
105 6230
105 6231
105 6232
105 6233
105 6234
105 6235
105 6236
105 6237
105 6238
105 6239
105 6240
105 6241
105 6242
105 6243
105 6244
105 6245
105 6246
105 6247
105 6248
105 6249
105 6250
105 6251
105 6252
105 6253
105 6254
105 6255
105 6256
105 6257
105 6258
105 6259
105 6260
105 6261
105 6262
105 6263
105 6264
105 6265
105 6266
105 6267
105 6268
105 6269
105 6270
105 6271
105 6272
105 6273
105 6274
105 6275
105 6276
105 6277
105 6278
105 6279
105 6280
105 6281
105 6282
105 6283
105 6284
105 6285
105 6286
105 6287
105 6288
105 6289
105 6290
105 6291
105 6292
105 6293
105 6294
105 6295
105 6296
105 6297
105 6298
105 6299
105 6300
105 6301
105 6302
105 6303
105 6304
105 6305
105 6306
105 6307
105 6308
105 6309
105 6310
105 6311
105 6312
105 6313
105 6314
105 6315
105 6316
105 6317
105 6318
105 6319
105 6320
105 6321
105 6322
105 6323
105 6324
105 6325
105 6326
105 6327
105 6328
105 6329
105 6330
105 6331
105 6332
105 6333
105 6334
105 6335
105 6336
105 6337
105 6338
105 6339
105 6340
105 6341
105 6342
105 6343
105 6344
105 6345
105 6346
105 6347
105 6348
105 6349
3 6350
3 6351
105 6352
105 6353
105 6354
105 6355
105 6356
3 1385
3 148
13 302
105 6357
105 6358
105 6359
105 6360
105 6361
105 6362
105 6363
105 6364
105 6365
105 6366
6367 105
3 6368
105 6369
105 6370
105 6371
105 6372
105 6373
105 6374
105 6375
105 6376
105 6377
105 6378
105 6379
105 6380
105 6381
105 6382
105 6383
105 6384
43 1082
105 6385
105 6386
105 6387
105 6388
17 192
105 6389
105 6390
105 6391
105 6392
105 6393
17 6394
2 6395
105 6396
105 6397
105 6398
105 6399
105 6400
4 674
17 930
6401 105
17 1186
17 6402
105 6403
105 6404
105 6405
105 6406
105 6407
43 709
105 6408
105 6409
105 6410
105 6411
105 6412
105 6413
105 6414
105 6415
105 6416
105 6417
105 6418
105 6419
105 6420
6421 105
10 6422
13 343
85 2025
4 6423
4 2874
3 6424
105 6425
105 6426
105 6427
105 6428
105 6429
105 6430
105 6431
105 6432
105 6433
105 6434
105 6435
105 6436
105 6437
105 6438
105 6439
105 6440
105 6441
105 6442
105 6443
105 6444
105 6445
105 6446
105 6447
105 6448
105 6449
105 6450
105 6451
105 6452
105 6453
105 6454
105 6455
105 6456
105 6457
105 6458
105 6459
105 6460
105 6461
105 6462
105 6463
105 6464
105 6465
105 6466
105 6467
105 6468
105 6469
105 6470
105 6471
105 6472
105 6473
105 6474
105 6475
105 6476
105 6477
105 6478
105 6479
105 6480
105 6481
6482 105
105 6483
105 6484
105 6485
105 6486
105 6487
105 6488
105 6489
105 6490
105 6491
105 6492
105 6493
105 6494
105 6495
105 6496
105 6497
105 6498
105 6499
105 6500
105 6501
105 6502
105 6503
105 6504
105 6505
105 6506
105 6507
105 6508
105 6509
105 6510
105 6511
105 6512
105 6513
105 6514
105 6515
105 6516
105 6517
105 6518
105 6519
105 6520
105 6521
105 6522
105 6523
105 6524
105 6525
105 6526
105 6527
105 6528
105 6529
105 6530
105 6531
105 6532
105 6533
105 6534
105 6535
105 6536
105 6537
105 6538
105 6539
105 6540
105 6541
105 6542
105 6543
105 6544
105 6545
105 6546
105 6547
105 6548
105 6549
105 6550
105 6551
105 6552
105 6553
105 6554
105 6555
105 6556
105 6557
105 6558
105 6559
105 6560
105 6561
105 6562
105 6563
105 6564
105 6565
105 6566
105 6567
105 6568
105 6569
105 6570
105 6571
105 6572
105 6573
105 6574
105 6575
105 6576
105 6577
105 6578
105 6579
105 6580
105 6581
105 6582
105 6583
6584 105
105 6585
105 6586
105 6587
105 6588
105 6589
105 6590
105 6591
105 6592
105 6593
105 6594
105 6595
105 6596
105 6597
105 6598
105 6599
105 6600
105 6601
105 6602
2 3233
105 6603
105 6604
105 6605
105 6606
105 6607
105 6608
105 6609
105 6610
105 6611
105 6612
105 6613
2 800
105 6614
105 6615
105 6616
105 6617
105 6618
105 6619
6620 105
105 6621
105 6622
105 6623
105 6624
105 6625
105 6626
105 6627
105 6628
105 6629
105 6630
105 6631
105 6632
105 6633
105 6634
105 6635
105 6636
105 6637
105 6638
105 6639
105 6640
105 6641
105 6642
105 6643
105 6644
105 6645
105 6646
105 6647
105 6648
105 6649
105 6650
105 6651
105 6652
105 6653
105 6654
105 6655
105 6656
105 6657
105 6658
105 6659
105 6660
105 6661
105 6662
105 6663
105 6664
105 6665
105 6666
105 6667
105 6668
105 6669
105 6670
105 6671
105 6672
105 6673
105 6674
105 6675
105 6676
105 6677
105 6678
105 6679
105 6680
105 6681
105 6682
105 6683
105 6684
105 6685
105 6686
105 6687
105 6688
105 6689
105 6690
6691 105
105 6692
105 6693
105 6694
105 6695
105 6696
105 6697
105 6698
105 6699
105 6700
105 6701
105 6702
105 6703
105 6704
105 6705
105 6706
105 6707
105 6708
105 6709
105 6710
105 6711
105 6712
105 6713
105 6714
105 6715
105 6716
105 6717
105 6718
105 6719
105 6720
105 6721
105 6722
105 6723
105 6724
105 6725
105 6726
105 6727
105 6728
105 6729
105 6730
105 6731
105 6732
105 6733
105 6734
105 6735
105 6736
105 6737
105 6738
105 6739
105 6740
105 6741
105 6742
105 6743
105 6744
105 6745
105 6746
105 6747
105 6748
105 6749
105 6750
105 6751
105 6752
105 6753
105 6754
105 6755
105 6756
105 6757
105 6758
105 6759
105 6760
105 6761
105 6762
105 6763
105 6764
105 6765
105 6766
105 6767
105 6768
105 6769
105 6770
105 6771
105 6772
105 6773
105 6774
105 6775
105 6776
105 6777
105 6778
105 6779
105 6780
105 6781
105 6782
105 6783
105 6784
105 6785
105 6786
105 6787
105 6788
105 6789
105 6790
105 6791
105 6792
105 6793
105 6794
105 6795
105 6796
105 6797
105 6798
105 6799
105 6800
105 6801
105 6802
105 6803
105 6804
105 6805
105 6806
105 6807
105 6808
105 6809
105 6810
105 6811
105 6812
105 6813
105 6814
105 6815
105 6816
105 6817
105 6818
105 6819
105 6820
105 6821
105 6822
105 6823
105 6824
105 6825
105 6826
105 6827
105 6828
105 6829
105 6830
105 6831
105 6832
25 852
4 1089
105 6833
105 6834
105 6835
105 6836
105 6837
43 6838
105 6839
105 6840
105 6841
105 6842
105 6843
105 6844
105 6845
105 6846
105 6847
105 6848
105 6849
105 6850
105 6851
105 6852
105 6853
105 6854
105 6855
105 6856
105 6857
105 6858
43 2609
105 6859
2 6860
2 2670
105 6861
105 6862
105 6863
105 6864
105 6865
43 467
43 625
2 6866
4 2843
4 353
2 1017
2 1280
105 6867
105 6868
105 6869
105 6870
105 6871
4 1185
105 6872
105 6873
105 6874
105 6875
105 6876
105 6877
105 6878
105 6879
105 6880
105 6881
105 6882
105 6883
105 6884
105 6885
105 6886
105 6887
105 6888
105 6889
105 6890
105 6891
105 6892
105 6893
105 6894
105 6895
105 6896
13 6897
13 6898
2 466
2 3262
10 1676
43 267
3 1168
3 410
105 6899
105 6900
105 6901
105 6902
105 6903
105 6904
105 6905
105 6906
105 6907
105 6908
105 6909
105 6910
105 6911
105 6912
105 6913
105 6914
105 6915
105 6916
105 6917
105 6918
105 6919
105 6920
105 6921
105 6922
105 6923
105 6924
105 6925
105 6926
105 6927
105 6928
105 6929
105 6930
105 6931
105 6932
105 6933
105 6934
105 6935
105 6936
105 6937
105 6938
105 6939
105 6940
105 6941
105 6942
105 6943
105 6944
105 6945
105 6946
105 6947
105 6948
105 6949
105 6950
105 6951
105 6952
105 6953
105 6954
105 6955
105 6956
105 6957
105 6958
105 6959
105 6960
105 6961
105 6962
105 6963
105 6964
105 6965
105 6966
105 6967
105 6968
105 6969
105 6970
105 6971
105 6972
105 6973
105 6974
105 6975
105 6976
105 6977
105 6978
105 6979
105 6980
105 6981
105 6982
105 6983
105 6984
105 6985
105 6986
105 6987
105 6988
105 6989
105 6990
105 6991
105 6992
105 6993
105 6994
105 6995
105 6996
105 6997
105 6998
105 6999
105 7000
105 7001
105 7002
105 7003
105 7004
105 7005
105 7006
105 7007
105 7008
105 7009
105 7010
105 7011
105 7012
105 7013
105 7014
105 7015
105 7016
105 7017
105 7018
105 7019
105 7020
105 7021
105 7022
105 7023
105 7024
105 7025
105 7026
105 7027
105 7028
105 7029
105 7030
105 7031
105 7032
105 7033
105 7034
105 7035
105 7036
105 7037
105 7038
105 7039
105 7040
105 7041
105 7042
13 2903
105 7043
105 7044
105 7045
105 7046
105 7047
105 7048
105 7049
105 7050
105 7051
105 7052
105 7053
105 7054
105 7055
105 7056
105 7057
105 7058
105 7059
105 7060
105 7061
105 7062
105 7063
105 7064
105 7065
105 7066
17 677
105 7067
105 7068
105 7069
105 7070
105 7071
105 7072
105 7073
105 7074
105 7075
105 7076
105 7077
105 7078
105 7079
105 7080
105 7081
105 7082
105 7083
105 7084
105 7085
105 7086
105 7087
105 7088
105 7089
105 7090
105 7091
105 7092
105 7093
105 7094
105 7095
105 7096
105 7097
105 7098
105 7099
105 7100
105 7101
105 7102
105 7103
105 7104
105 7105
105 7106
105 7107
105 7108
105 7109
105 7110
105 7111
105 7112
105 7113
105 7114
105 7115
105 7116
105 7117
105 7118
105 7119
105 7120
105 7121
105 7122
105 7123
105 7124
105 7125
105 7126
105 7127
105 7128
105 7129
105 7130
105 7131
105 7132
105 7133
105 7134
105 7135
105 7136
105 7137
105 7138
105 7139
105 7140
105 7141
105 7142
105 7143
105 7144
105 7145
105 7146
105 7147
105 7148
105 7149
105 7150
105 7151
105 7152
105 7153
105 7154
105 7155
105 7156
105 7157
105 7158
105 7159
105 7160
105 7161
105 7162
105 7163
105 7164
105 7165
105 7166
105 7167
105 7168
105 7169
105 7170
105 7171
105 7172
105 7173
105 7174
105 7175
105 7176
105 7177
105 7178
105 7179
105 7180
105 7181
105 7182
105 7183
105 7184
105 7185
105 7186
105 7187
105 7188
105 7189
105 7190
105 7191
105 7192
105 7193
105 7194
105 7195
105 7196
105 7197
105 7198
105 7199
105 7200
105 7201
105 7202
105 7203
105 7204
105 7205
105 7206
105 7207
105 7208
105 7209
105 7210
105 7211
105 7212
105 7213
105 7214
105 7215
105 7216
105 7217
105 7218
105 7219
105 7220
105 7221
105 7222
105 7223
105 7224
105 7225
7226 105
105 7227
105 7228
105 7229
105 7230
105 7231
105 7232
105 7233
105 7234
105 7235
105 7236
105 7237
105 7238
105 7239
105 7240
105 7241
105 7242
105 7243
105 7244
105 7245
105 7246
105 7247
105 7248
105 7249
105 7250
105 7251
105 7252
105 7253
105 7254
105 7255
105 7256
105 7257
105 7258
105 7259
105 7260
105 7261
105 7262
105 7263
105 7264
105 7265
105 7266
105 7267
105 7268
105 7269
105 7270
105 7271
105 7272
105 7273
105 7274
105 7275
105 7276
3 7277
3 7278
4 7279
4 390
105 7280
105 7281
105 7282
105 7283
2 7284
17 1089
105 7285
105 7286
105 7287
105 7288
105 7289
25 2874
105 7290
105 7291
105 7292
105 7293
105 7294
105 7295
105 7296
105 7297
105 7298
105 7299
105 7300
105 7301
105 7302
105 7303
2 7304
85 2874
3 1703
25 7305
105 7306
105 7307
105 7308
105 7309
105 7310
105 7311
105 7312
105 7313
3 2420
3 2421
3 802
3 2423
3 1564
3 540
17 1185
3 7314
3 7315
10 7316
2 7317
2 7318
4 598
105 7319
105 7320
105 7321
105 7322
105 7323
105 7324
105 7325
105 7326
105 7327
105 7328
105 7329
105 7330
105 7331
105 7332
105 7333
105 7334
105 7335
105 7336
105 7337
105 7338
105 7339
105 7340
105 7341
105 7342
105 7343
7344 105
105 7345
105 7346
105 7347
105 7348
105 7349
105 7350
105 7351
105 7352
105 7353
105 7354
105 7355
105 7356
105 7357
105 7358
105 7359
105 7360
105 7361
105 7362
105 7363
105 7364
105 7365
105 7366
105 7367
105 7368
105 7369
105 7370
105 7371
105 7372
105 7373
105 7374
105 7375
105 7376
105 7377
105 7378
105 7379
105 7380
105 7381
105 7382
105 7383
105 7384
105 7385
105 7386
105 7387
105 7388
105 7389
105 7390
105 7391
105 7392
105 7393
105 7394
105 7395
105 7396
105 7397
105 7398
105 7399
105 7400
105 7401
105 7402
105 7403
105 7404
105 7405
105 7406
105 7407
105 7408
105 7409
105 7410
105 7411
105 7412
105 7413
105 7414
105 7415
105 7416
105 7417
105 7418
105 7419
105 7420
105 7421
105 7422
105 7423
105 7424
105 7425
105 7426
105 7427
105 7428
105 7429
105 7430
105 7431
105 7432
105 7433
105 7434
105 7435
105 7436
105 7437
105 7438
105 7439
105 7440
105 7441
105 7442
105 7443
105 7444
105 7445
105 7446
105 7447
105 7448
105 7449
105 7450
105 7451
105 7452
105 7453
105 7454
105 7455
105 7456
7457 105
105 7458
105 7459
105 7460
105 7461
105 7462
105 7463
105 7464
105 7465
105 7466
105 7467
105 7468
105 7469
105 7470
105 7471
105 7472
105 7473
105 7474
105 7475
105 7476
105 7477
105 7478
105 7479
105 7480
105 7481
105 7482
105 7483
105 7484
105 7485
105 7486
105 7487
105 7488
105 7489
105 7490
105 7491
105 7492
105 7493
105 7494
105 7495
105 7496
105 7497
105 7498
105 7499
105 7500
105 7501
105 7502
105 7503
105 7504
105 7505
105 7506
105 7507
105 7508
105 7509
105 7510
105 7511
105 7512
105 7513
105 7514
105 7515
105 7516
105 7517
105 7518
105 7519
105 7520
105 7521
105 7522
105 7523
105 7524
105 7525
105 7526
105 7527
105 7528
7529 105
105 7530
105 7531
105 7532
105 7533
105 7534
105 7535
105 7536
105 7537
105 7538
105 7539
105 7540
105 7541
105 7542
105 7543
105 7544
105 7545
105 7546
105 7547
105 7548
105 7549
105 7550
105 7551
105 7552
105 7553
105 7554
105 7555
105 7556
105 7557
105 7558
105 7559
105 7560
105 7561
105 7562
105 7563
7564 105
105 7565
105 7566
2 905
105 7567
105 7568
105 7569
105 7570
105 7571
105 7572
105 7573
105 7574
105 7575
105 7576
105 7577
105 7578
105 7579
105 7580
105 7581
105 7582
105 7583
105 7584
105 7585
105 7586
105 7587
105 7588
105 7589
105 7590
105 7591
105 7592
105 7593
105 7594
105 7595
105 7596
105 7597
105 7598
105 7599
105 7600
105 7601
105 7602
105 7603
105 7604
105 7605
105 7606
105 7607
105 7608
105 7609
105 7610
105 7611
105 7612
105 7613
105 7614
105 7615
105 7616
105 7617
105 7618
105 7619
105 7620
105 7621
105 7622
105 7623
105 7624
105 7625
105 7626
105 7627
105 7628
105 7629
105 7630
105 7631
105 7632
105 7633
105 7634
105 7635
105 7636
105 7637
105 7638
105 7639
105 7640
105 7641
105 7642
105 7643
105 7644
105 7645
105 7646
105 7647
105 7648
105 7649
105 7650
105 7651
105 7652
105 7653
105 7654
105 7655
105 7656
105 7657
105 7658
105 7659
105 7660
105 7661
105 7662
105 7663
105 7664
105 7665
105 7666
105 7667
105 7668
105 7669
105 7670
105 7671
105 7672
105 7673
105 7674
105 7675
105 7676
105 7677
105 7678
105 7679
105 7680
105 7681
105 7682
2 7683
4 7277
3 533
105 7684
105 7685
105 7686
105 7687
17 7688
105 7689
105 7690
105 7691
105 7692
105 7693
3 2545
3 7694
3 7695
85 686
105 7696
105 7697
105 7698
105 7699
82 381
105 7700
105 7701
105 7702
105 7703
105 7704
105 7705
105 7706
105 7707
105 7708
4 7709
4 7710
105 7711
105 7712
105 7713
105 7714
105 7715
4 7716
4 2112
4 7717
4 7718
17 590
105 7719
105 7720
105 7721
105 7722
105 7723
105 7724
105 7725
105 7726
105 7727
17 7717
43 491
4 620
105 7728
105 7729
105 7730
105 7731
105 7732
105 7733
105 7734
105 7735
105 7736
105 7737
105 7738
105 7739
105 7740
105 7741
2 7717
43 52
3 553
3 453
105 7742
105 7743
105 7744
105 7745
105 7746
105 7747
105 7748
105 7749
105 7750
105 7751
105 7752
105 7753
105 7754
105 7755
105 7756
105 7757
105 7758
105 7759
105 7760
105 7761
105 7762
105 7763
105 7764
105 7765
105 7766
105 7767
105 7768
105 7769
105 7770
105 7771
105 7772
105 7773
105 7774
105 7775
105 7776
105 7777
105 7778
105 7779
105 7780
105 7781
105 7782
105 7783
105 7784
105 7785
105 7786
105 7787
105 7788
105 7789
105 7790
105 7791
105 7792
105 7793
105 7794
105 7795
13 654
105 7796
105 7797
105 7798
105 7799
105 7800
105 7801
105 7802
105 7803
105 7804
105 7805
105 7806
105 7807
105 7808
105 7809
105 7810
7811 105
105 7812
105 7813
105 7814
105 7815
105 7816
105 7817
105 7818
7819 105
105 7820
105 7821
105 7822
105 7823
105 7824
105 7825
105 7826
105 7827
105 7828
105 7829
105 7830
105 7831
105 7832
105 7833
105 7834
105 7835
105 7836
105 7837
105 7838
105 7839
105 7840
105 7841
105 7842
105 7843
105 7844
105 7845
105 7846
105 7847
105 7848
105 7849
105 7850
105 7851
105 7852
105 7853
105 7854
105 7855
105 7856
105 7857
105 7858
105 7859
105 7860
105 7861
105 7862
105 7863
105 7864
105 7865
105 7866
105 7867
105 7868
105 7869
105 7870
105 7871
105 7872
105 7873
105 7874
105 7875
105 7876
105 7877
105 7878
105 7879
105 7880
105 7881
105 7882
105 7883
105 7884
105 7885
105 7886
105 7887
105 7888
105 7889
105 7890
105 7891
105 7892
105 7893
105 7894
105 7895
105 7896
105 7897
105 7898
105 7899
105 7900
105 7901
105 7902
105 7903
105 7904
105 7905
105 7906
105 7907
105 7908
105 7909
105 7910
105 7911
105 7912
105 7913
105 7914
105 7915
105 7916
105 7917
105 7918
105 7919
105 7920
105 7921
105 7922
105 7923
105 7924
105 7925
105 7926
105 7927
105 7928
105 7929
105 7930
105 7931
105 7932
105 7933
105 7934
105 7935
105 7936
105 7937
105 7938
105 7939
105 7940
105 7941
105 7942
105 7943
105 7944
105 7945
105 7946
105 7947
105 7948
105 7949
105 7950
105 7951
105 7952
105 7953
105 7954
105 7955
105 7956
105 7957
105 7958
105 7959
105 7960
105 7961
105 7962
105 7963
105 7964
105 7965
105 7966
105 7967
105 7968
105 7969
105 7970
105 7971
105 7972
105 7973
105 7974
105 7975
105 7976
105 7977
105 7978
105 7979
105 7980
105 7981
105 7982
105 7983
13 7984
105 7985
105 7986
105 7987
105 7988
105 7989
105 7990
105 7991
105 7992
105 7993
105 7994
105 7995
105 7996
105 7997
105 7998
105 7999
105 8000
105 8001
105 8002
105 8003
105 8004
105 8005
105 8006
105 8007
105 8008
105 8009
105 8010
105 8011
105 8012
105 8013
105 8014
105 8015
105 8016
105 8017
105 8018
105 8019
105 8020
105 8021
105 8022
105 8023
105 8024
105 8025
105 8026
105 8027
105 8028
105 8029
105 8030
105 8031
105 8032
105 8033
105 8034
105 8035
105 8036
105 8037
105 8038
105 8039
105 8040
105 8041
8042 105
105 8043
105 8044
105 8045
105 8046
105 8047
105 8048
105 8049
105 8050
105 8051
105 8052
105 8053
105 8054
105 8055
105 8056
105 8057
105 8058
105 8059
105 8060
105 8061
105 8062
105 8063
105 8064
105 8065
105 8066
105 8067
105 8068
105 8069
105 8070
105 8071
105 8072
105 8073
105 8074
105 8075
105 8076
105 8077
105 8078
105 8079
105 8080
105 8081
105 8082
105 8083
105 8084
105 8085
105 8086
105 8087
105 8088
105 8089
105 8090
105 8091
105 8092
105 8093
105 8094
105 8095
105 8096
105 8097
105 8098
105 8099
105 8100
105 8101
105 8102
105 8103
105 8104
105 8105
105 8106
105 8107
105 8108
105 8109
105 8110
105 8111
105 8112
105 8113
105 8114
105 8115
105 8116
105 8117
105 8118
105 8119
105 8120
105 8121
105 8122
105 8123
105 8124
105 8125
105 8126
105 8127
105 8128
105 8129
105 8130
105 8131
105 8132
105 8133
105 8134
105 8135
105 8136
105 8137
105 8138
105 8139
105 8140
105 8141
105 8142
105 8143
105 8144
105 8145
105 8146
4 928
105 8147
0 8148
105 8149
105 8150
105 8151
105 8152
105 8153
105 8154
105 8155
105 8156
105 8157
8158 105
105 8159
105 8160
105 8161
105 8162
105 8163
105 8164
105 8165
105 8166
105 8167
105 8168
105 8169
105 8170
105 8171
105 8172
105 8173
105 8174
105 8175
105 8176
105 8177
105 8178
105 8179
105 8180
105 8181
105 8182
105 8183
3 8184
10 1321
105 8185
105 8186
105 8187
105 8188
105 8189
4 345
105 8190
105 8191
105 8192
105 8193
105 8194
105 8195
105 8196
105 8197
105 8198
105 8199
105 8200
105 8201
8202 105
105 8203
2 8204
105 8205
105 8206
105 8207
105 8208
105 8209
105 8210
105 8211
105 8212
105 8213
105 8214
105 8215
8216 105
3 8217
