0 4 67
0 25 21
0 23 760
0 4 118
0 85 273
0 23 849
0 105 6883
0 105 4806
0 2 269
0 16 1131
0 105 4780
0 25 1538
0 105 5845
0 105 4465
0 6 1052
0 105 8067
0 105 6319
0 0 1174
0 82 1561
0 2 1739
0 105 5824
0 105 6259
0 18 1979
0 10 773
0 1 2968
0 10 1210
0 105 6978
0 105 5130
0 3 598
0 105 8033
0 2 65
0 85 1450
0 105 4260
0 18 932
0 105 3480
0 4 1845
0 6 271
0 105 7519
0 1 2921
0 6 280
0 105 6960
0 18 715
0 105 7912
0 12 490
0 23 1661
0 105 5723
0 105 7009
0 6 2035
0 105 5325
0 105 5640
0 17 660
0 85 695
0 105 7535
0 63 1372
0 10 64
0 79 24
0 1 2975
0 105 6360
0 2 1385
0 105 7507
0 105 7021
0 25 2765
0 105 6500
0 85 1246
0 105 5551
0 13 394
0 105 8143
0 105 6720
0 82 2070
0 79 273
0 3 264
0 105 6526
0 4 2420
0 3 800
0 105 5704
0 105 7080
0 105 4509
0 105 3993
0 105 1986
0 105 3851
0 43 160
0 105 4044
0 105 5162
0 1 1027
0 105 7620
0 0 30
0 4130 105
0 105 6711
0 8 891
0 2 1482
0 4 0
0 1 3167
0 79 322
0 23 1324
0 105 6578
0 17 1879
0 105 335
0 43 176
0 82 335
0 1 17
0 18 1831
0 18 130
0 105 6176
0 10 637
0 105 4566
0 105 8072
0 43 475
0 105 5031
0 105 5773
0 0 524
0 0 1638
0 105 5515
0 105 8140
0 105 5408
0 85 530
0 79 2216
0 105 5881
0 105 6332
0 63 762
0 105 7353
0 3 3231
0 1 2982
0 1 419
0 82 645
0 105 6686
0 105 5629
0 1 2191
0 105 7954
0 63 114
0 8 2055
0 105 4241
0 14 1101
0 10 197
0 105 6780
0 2 449
0 14 374
0 63 244
0 0 1157
0 18 1115
0 1 2969
0 82 738
0 105 4922
0 105 7252
0 12 206
0 43 41
0 79 78
0 10 2043
0 105 5034
0 105 4463
0 105 7179
0 3 6368
0 2 1583
0 105 4963
0 3 2516
0 105 5959
0 16 614
0 105 5659
0 43 2657
0 3354 105
0 105 7048
0 6045 105
0 10 415
0 105 5864
0 105 5901
0 105 3459
0 105 8014
0 2 909
0 85 366
0 6 201
0 63 953
0 105 6563
0 43 186
0 82 336
0 12 972
0 105 6811
0 79 562
0 6 696
0 14 2427
0 1 2922
0 105 5209
0 4 330
0 85 2574
0 0 2240
0 1 3022
0 105 7222
0 105 6813
0 1 1616
0 105 7007
0 105 4789
0 4 2806
0 2 671
0 1 3119
0 105 6714
0 82 1356
0 79 559
0 10 1855
0 6 797
0 85 102
0 105 6559
0 17 1631
0 105 6122
0 105 5392
0 23 609
0 2743 0
0 85 686
0 43 1826
0 105 5587
0 3 2256
0 105 4932
0 63 351
0 2 462
0 0 2320
0 2 753
0 105 4510
0 105 6086
0 6 97
0 105 8012
0 105 7773
0 105 1256
0 6 215
0 105 7934
0 105 7359
0 16 565
0 82 307
0 17 391
0 105 4689
0 0 2296
0 2 766
0 105 7766
0 85 631
0 10 1910
0 105 6459
0 43 1852
0 105 8179
0 25 235
0 8 1784
0 79 468
0 10 509
0 105 5619
0 105 5851
0 105 4712
0 16 616
0 4 6423
0 105 2554
0 105 7530
0 79 2063
0 6 565
0 18 188
0 105 5777
0 105 6277
0 105 3590
0 0 1815
0 79 1663
0 105 7309
0 6 335
0 105 6166
0 6 2346
0 13 978
0 105 4620
0 14 160
0 63 1886
0 3 205
0 105 8205
0 0 452
0 1 3096
0 25 2578
0 85 1327
0 2 1374
0 105 5483
0 2 544
0 14 1187
0 1 3060
0 105 5687
0 105 8084
0 6 1951
0 105 4837
0 105 4407
0 3 1064
0 105 8043
0 43 4150
0 105 1317
0 105 6611
0 105 5852
0 105 3736
0 105 7354
0 25 2245
0 105 6323
0 105 4656
0 63 353
0 17 117
0 23 1631
0 105 8168
0 105 5904
0 105 6032
0 105 3408
0 82 446
0 4 197
0 105 7415
0 105 2719
0 23 805
0 105 4443
0 105 5383
0 1 3141
0 10 771
0 23 53
0 105 5290
0 10 636
0 105 4388
0 25 1568
0 105 6011
0 10 552
0 2 1343
0 16 197
0 8 6
0 4 2843
0 2 573
0 43 1169
0 105 5234
0 105 5121
0 1 400
0 105 7622
0 18 1135
0 105 8121
0 105 7272
0 105 5818
0 105 3678
0 25 148
0 63 813
0 6 1036
0 2 1574
0 2 723
0 105 6198
0 3 755
0 105 6362
0 105 8190
0 0 2419
0 79 2542
0 6 2069
0 43 2032
0 25 2317
0 25 303
0 105 6256
0 105 5297
0 43 142
0 25 726
0 10 731
0 105 7601
0 105 4639
0 1 1333
0 105 5172
0 2 3233
0 105 6544
0 17 2620
0 2 1185
0 105 5136
0 18 999
0 0 2288
0 1 889
0 105 5608
0 105 8091
0 105 6703
0 105 6597
0 105 7863
0 105 807
0 105 6902
0 63 166
0 105 4944
0 23 1086
0 82 1537
0 2 134
0 105 7753
0 17 1491
0 105 3369
0 10 430
0 105 4502
0 18 979
0 63 817
0 43 654
0 17 516
0 105 6982
0 3 350
0 105 6138
0 43 844
0 105 7001
0 18 111
0 17 901
0 105 5244
0 105 5443
0 10 36
0 105 4445
0 10 109
0 6 151
0 105 3798
0 79 2483
0 79 1058
0 105 158
0 105 4857
0 105 6193
0 3 183
0 63 1221
0 105 4073
0 10 2885
0 105 7259
0 105 5730
0 18 733
0 105 5185
0 105 7655
0 105 4577
0 105 6002
0 105 7124
0 2 2324
0 105 3699
0 105 7547
0 10 2669
0 105 3431
0 105 4629
0 105 5998
0 105 3716
0 14 2523
0 1 2209
0 2 589
0 105 4250
0 25 713
0 17 78
0 17 863
0 105 5463
0 25 808
0 105 7073
0 105 4591
0 17 2690
0 63 606
0 105 4720
0 23 1369
0 105 4708
0 105 5281
0 105 7091
0 105 6593
0 14 1220
0 2 213
0 3 1477
0 1 1269
0 43 277
0 0 2313
0 13 53
0 2 852
0 1 1788
0 105 3410
0 2 543
0 3 474
0 105 6452
0 43 1354
0 105 302
0 8 600
0 105 5166
0 79 353
0 10 1408
0 105 6195
0 105 5838
0 10 2345
0 10 1686
0 105 5862
0 23 510
0 105 4013
0 105 3764
0 85 155
0 14 35
0 105 6254
0 17 631
0 10 583
0 79 1315
0 105 3670
0 105 5584
0 14 1731
0 105 7386
0 6 1227
0 6 286
0 105 7565
0 3 274
0 105 4627
0 105 4231
0 6 2157
0 3 760
0 16 1056
0 105 6975
0 105 6986
0 17 1533
0 105 5180
0 105 5812
0 63 119
0 105 6537
0 14 928
0 25 1855
0 1 2962
0 1 798
0 23 1197
0 0 2788
0 18 1140
0 105 6622
0 0 1289
0 23 60
0 8 1693
0 82 2874
0 105 4853
0 4 2572
0 105 5588
0 17 633
0 43 113
0 1 335
0 105 7148
0 14 356
0 3 1416
0 10 516
0 105 7423
0 3 849
0 105 7328
0 79 2137
0 17 26
0 23 34
0 85 267
0 105 6590
0 105 6885
0 105 5095
0 79 2200
0 0 1699
0 105 8031
0 105 6831
0 12 1180
0 85 475
0 10 2021
0 105 8029
0 0 2807
0 2 1505
0 23 1122
0 105 6063
0 10 2635
0 105 5118
0 105 6514
0 79 1398
0 105 4756
0 4 4649
0 14 517
0 6 2127
0 10 324
0 105 3424
0 0 555
0 14 1724
0 17 610
0 105 7442
0 105 3493
0 3 477
0 2 1102
0 105 731
0 2 1622
0 105 6815
0 2 6395
0 105 5989
0 105 644
0 2 129
0 105 3939
0 1 513
0 105 7364
0 105 7311
0 4 908
0 2 610
0 105 6272
0 105 4012
0 43 445
0 2 211
0 82 98
0 2 1459
0 105 7501
0 4 598
0 4 667
0 105 3652
0 3 191
0 105 6826
0 105 5366
0 105 7891
0 105 3516
0 105 7462
0 105 5765
0 82 66
0 0 2
0 105 6276
0 82 2171
0 105 6188
0 105 3633
0 43 253
0 1 54
0 105 6545
0 17 2232
0 43 1745
0 1 2926
0 105 3986
0 105 5196
0 4 1101
0 79 1258
0 23 188
0 17 98
0 105 5399
0 23 715
0 1 3093
0 105 6856
0 2 212
0 105 5043
0 105 3685
0 105 5365
0 105 8189
0 6 1019
0 4 302
0 105 6071
0 14 107
0 105 4812
0 6 2091
0 105 5467
0 105 4934
0 25 623
0 8 620
0 105 5152
0 2 2042
0 105 6933
0 16 148
0 10 161
0 1 2999
0 105 7107
0 10 2871
0 105 5001
0 105 5794
0 2 569
0 105 6974
0 13 797
0 6 870
0 105 394
0 25 2592
0 105 3614
0 0 1698
0 105 4714
0 105 7110
0 25 395
0 2 313
0 105 3753
0 1 3071
0 85 1852
0 1 797
0 10 20
0 105 4723
0 105 4213
0 105 2314
0 16 788
0 105 6139
0 105 1384
0 105 6746
0 14 78
0 13 503
0 105 7280
0 6 94
0 105 5642
0 17 3233
0 105 3482
0 105 6668
0 79 733
0 6 1241
0 43 283
0 105 4383
0 14 2545
0 105 7414
0 79 2062
0 105 4011
0 79 1185
0 1 634
0 16 1333
0 105 4189
0 105 6343
0 6 116
0 105 4976
0 3 1752
0 105 4792
0 16 99
0 10 517
0 2 402
0 105 5282
0 85 1017
0 8 669
0 18 445
0 25 687
0 105 5091
0 63 1357
0 6 208
0 1 474
0 43 466
0 1 2986
0 105 8074
0 105 4466
0 6 229
0 105 7235
0 105 6326
0 105 6456
0 82 755
0 43 649
0 105 5080
0 1 1880
0 105 5037
0 105 7217
0 43 74
0 105 7921
0 6 1811
0 10 246
0 105 6201
0 82 735
0 105 2420
0 105 7150
0 82 1540
0 10 765
0 105 4666
0 105 8080
0 2061 0
0 105 7327
0 85 196
0 105 7052
0 105 3595
0 2 2785
0 105 6310
0 85 676
0 105 5274
0 0 2252
0 2 937
0 1 1394
0 105 6455
0 4 268
0 4 146
0 17 52
0 1 1743
0 12 1378
0 105 5592
0 105 6137
0 105 7538
0 105 6582
0 1 3157
0 3 356
0 13 639
0 6 1582
0 8 661
0 105 5292
0 16 164
0 105 7637
0 105 4437
0 6 1175
0 0 2328
0 12 124
0 105 8183
0 18 153
0 105 7390
0 6 2076
0 79 1793
0 3 694
0 105 3829
0 0 136
0 79 403
0 3 683
0 3 390
0 105 3613
0 43 498
0 10 800
0 105 4519
0 1 2977
0 105 7339
0 25 955
0 4 2596
0 105 7874
0 105 1277
0 12 475
0 2 1678
0 0 220
0 0 1009
0 8 2081
0 4 53
0 105 8136
0 105 3984
0 105 99
0 105 4615
0 14 807
0 63 1524
0 105 6824
0 105 7239
0 63 84
0 0 4156
0 82 1703
0 18 797
0 18 482
0 2 425
0 105 7983
0 79 1983
0 79 482
0 8 1565
0 1 775
0 79 1135
0 14 1780
0 105 6900
0 3197 10
0 105 6161
0 43 274
0 105 5884
0 105 6403
0 63 866
0 10 1854
0 4 1499
0 105 3365
0 105 7283
0 23 731
0 728 0
0 3327 105
0 105 3696
0 105 4903
0 10 107
0 105 6404
0 79 1458
0 3 1933
0 12 513
0 105 5798
0 6 654
0 13 94
0 105 5174
0 105 7705
0 105 5819
0 1 150
0 14 3165
0 105 5737
0 13 798
0 105 5748
0 82 101
0 105 6869
0 10 1850
0 23 1004
0 105 8053
0 14 1332
0 105 6034
0 2 121
0 79 287
0 25 3210
0 105 7991
0 3350 105
0 6 1321
0 105 6388
0 4 3214
0 10 1632
0 105 7156
0 0 1299
0 105 1611
0 105 5012
0 105 8030
0 6 285
0 1 2924
0 105 6755
0 14 96
0 2 394
0 43 304
0 105 7467
0 105 5912
0 10 65
0 105 7037
0 82 1209
0 82 1379
0 2 513
0 63 133
0 105 4276
0 14 1365
0 2 656
0 105 6426
0 105 6346
0 79 736
0 23 1328
0 105 4671
0 0 1644
0 79 0
0 105 4532
0 43 316
0 3 565
0 17 2369
0 85 1492
0 13 148
0 43 53
0 16 1712
0 14 1288
0 10 271
0 105 6959
0 8 1115
0 105 3563
0 0 1298
0 105 4135
0 43 1341
0 105 5302
0 105 5143
0 105 5027
0 4 1858
0 105 5506
0 25 1894
0 17 55
0 105 7632
0 25 104
0 14 121
0 10 830
0 3329 105
0 728 154
0 105 4788
0 12 160
0 105 5403
0 8 337
0 43 1631
0 2 805
0 4 2792
0 6 525
0 3 2377
0 79 2168
0 63 273
0 10 2361
0 1 1439
0 105 3750
0 105 4405
0 4 852
0 2 193
0 6 1180
0 12 52
0 43 101
0 2 779
0 105 343
0 105 7070
0 18 2207
0 10 26
0 25 239
0 12 807
0 1 1275
0 6 2140
0 105 3553
0 105 4226
0 16 503
0 3 548
0 17 1356
0 2642 85
0 10 2751
0 8 1604
0 43 26
0 105 3588
0 85 437
0 79 310
0 14 2701
0 2 453
0 105 7505
0 43 164
0 105 4913
0 105 6321
0 10 1233
0 6 41
0 105 6327
0 3918 105
0 2 171
0 1 1798
0 105 3912
0 82 373
0 4 1666
0 8 390
0 25 26
0 105 3888
0 6 1285
0 2 1620
0 16 1108
0 3 448
0 105 4222
0 25 2487
0 10 772
0 105 4400
0 82 36
0 0 2298
0 3 7695
0 2 958
0 3 322
0 105 8192
0 2 2086
0 13 627
0 105 5455
0 17 1951
0 105 7320
0 105 3450
0 25 609
0 6 133
0 105 4769
0 63 184
0 13 6898
0 85 685
0 85 1220
0 105 5653
0 1 482
0 105 6941
0 105 3580
0 17 354
0 2 1017
0 105 5308
0 105 204
0 105 4630
0 105 3806
0 13 99
0 105 7907
0 2 36
0 25 905
0 105 7405
0 105 7851
0 105 6973
0 16 287
0 43 1746
0 105 4991
0 105 4899
0 105 5018
0 6 864
0 105 4194
0 43 2653
0 6 2134
0 105 7312
0 16 513
0 105 6506
0 105 6558
0 105 4363
0 79 1971
0 4 2112
0 105 4478
0 79 431
0 1 3103
0 1 1237
0 105 8036
0 105 5481
0 105 5203
0 1 1810
0 85 606
0 16 360
0 25 1895
0 14 2189
0 2 482
0 105 6833
0 25 1563
0 3 1185
0 105 6252
0 18 437
0 6 1035
0 6 1044
0 3 1801
0 105 7489
0 17 665
0 18 77
0 105 6605
0 43 2452
0 105 6534
0 10 2053
0 105 6037
0 17 1663
0 6 1041
0 25 109
0 105 6475
0 105 1899
0 3 1089
0 105 5883
0 105 5223
0 105 5615
0 105 4116
0 1 3
0 105 5631
0 85 1483
0 13 146
0 105 6739
0 18 310
0 1 3114
0 0 2789
0 105 6297
0 105 5165
0 105 5218
0 0 2499
0 1 107
0 105 7621
0 105 6993
0 82 863
0 82 1367
0 23 102
0 85 735
0 105 8032
0 7564 105
0 8 125
0 6 959
0 105 3974
0 3 2046
0 105 4668
0 6 836
0 105 5022
0 105 7864
0 25 2489
0 105 7273
0 2 292
0 105 3523
0 105 5769
0 105 3463
0 1 1283
0 105 4960
0 17 209
0 1 3155
0 2 415
0 105 5909
0 105 6853
0 63 194
0 17 776
0 79 2149
0 105 5947
0 3 1894
0 25 143
0 105 6454
0 6 842
0 105 6334
0 18 2535
0 85 2025
0 79 938
0 18 1912
0 0 737
0 105 5120
0 25 2681
0 43 315
0 10 811
0 0 154
0 105 5240
0 6 276
0 43 169
0 105 4277
0 14 219
0 105 6612
0 4080 105
0 105 3744
0 10 1483
0 105 7474
0 6 646
0 3 1881
0 16 1111
0 105 3703
0 105 3507
0 105 5346
0 18 951
0 14 1742
0 105 5891
0 105 3662
0 105 6642
0 105 5138
0 8 142
0 105 6535
0 25 394
0 82 2649
0 14 2559
0 10 98
0 2 401
0 105 6533
0 18 426
0 82 621
0 105 4978
0 82 79
0 10 643
0 105 7265
0 105 5008
0 43 1227
0 105 7053
0 17 1187
0 6 930
0 43 314
0 43 302
0 105 7828
0 18 1404
0 105 7163
0 18 1128
0 105 5291
0 14 211
0 16 1083
0 12 1400
0 1 70
0 3 2111
0 1 3015
0 18 1830
0 105 7241
0 43 1352
0 1 1006
0 105 7712
0 12 38
0 23 435
0 10 2696
0 105 5872
0 8 2371
0 43 453
0 18 2556
0 6 767
0 25 3208
0 17 312
0 43 318
0 105 4325
0 105 7167
0 105 3932
0 2 922
0 10 1239
0 105 77
0 17 679
0 8 346
0 105 3589
0 1 830
0 105 6828
0 105 6781
0 105 5119
0 2 560
0 105 4302
0 10 73
0 4 1378
0 63 240
0 63 461
0 6 1783
0 79 1455
0 105 3596
0 18 538
0 1 1495
0 1 3084
0 105 6516
0 3 2513
0 2 730
0 23 876
0 10 869
0 2 707
0 18 987
0 6 125
0 43 593
0 3 905
0 43 1916
0 4 2652
0 6 442
0 105 5575
0 14 9
0 105 4724
0 105 5006
0 105 6565
0 3 644
0 105 4604
0 105 6308
0 105 4469
0 105 5266
0 82 99
0 6 1239
0 3866 105
0 105 5472
0 105 6330
0 14 1789
0 43 1229
0 2 2005
0 105 3823
0 3 245
0 17 2909
0 79 1476
0 105 5992
0 105 5740
0 4 1773
0 105 7906
0 105 5753
0 13 502
0 105 5855
0 105 3527
0 6 239
0 2 591
0 105 3794
0 105 7751
0 6 807
0 0 4121
0 2 1971
0 17 1515
0 43 150
0 82 302
0 105 360
0 105 7541
0 105 4361
0 105 6695
0 105 7668
0 105 6163
0 105 882
0 105 4223
0 79 112
0 1 821
0 1 974
0 105 6398
0 23 610
0 14 969
0 1 1787
0 25 2814
0 4 345
0 105 7298
0 3 576
0 105 4376
0 43 2848
0 6 627
0 85 784
0 18 2524
0 0 4157
0 17 1607
0 105 7042
0 6 1586
0 2 711
0 3 1066
0 2 416
0 25 807
0 105 5212
0 105 3624
0 105 6793
0 10 1739
0 17 2460
0 105 5298
0 105 7555
0 105 4435
0 3 1775
0 18 259
0 105 7393
0 105 5572
0 105 5235
0 105 5840
0 105 7947
0 105 7894
0 105 5096
0 105 6192
0 105 7186
0 105 7461
0 43 3293
0 105 3762
0 105 2552
0 105 7890
0 2 254
0 14 486
0 3172 0
0 105 6884
0 105 7939
0 105 8097
0 3346 105
0 82 274
0 2 64
0 13 2722
0 105 7950
0 105 3875
0 6 2761
0 105 4193
0 10 453
0 6 1923
0 16 304
0 4471 105
0 105 5645
0 105 7118
0 17 2684
0 2 644
0 2 2004
0 105 4235
0 3 2481
0 3 1168
0 18 566
0 105 317
0 2 420
0 8 209
0 105 7786
0 105 4802
0 6 1534
0 4 58
0 105 4458
0 6 701
0 105 3437
0 17 201
0 79 2509
0 10 570
0 4 103
0 105 4484
0 17 352
0 2 66
0 17 430
0 4 2155
0 1 2971
0 6 65
0 105 7085
0 105 2053
0 105 6734
0 105 6901
0 2 1510
0 8216 105
0 105 8077
0 17 1553
0 105 6742
0 6 1089
0 23 1461
0 18 1607
0 105 7369
0 6 3165
0 105 4822
0 79 1487
0 3 1237
0 105 7066
0 17 1742
0 10 1412
0 1 2750
0 105 3547
0 105 7975
0 13 1222
0 105 5962
0 105 7433
0 105 4653
0 12 808
0 3 325
0 105 6284
0 79 1456
0 43 529
0 2 52
0 105 6649
0 17 2233
0 105 8144
0 79 2225
0 10 1284
0 105 5480
0 63 279
0 4 2538
0 3 410
0 105 3561
0 105 7978
0 10 78
0 4 495
0 105 4324
0 105 4804
0 6 1006
0 25 1354
0 2501 105
0 13 1313
0 105 7681
0 18 124
0 3 335
0 105 4343
0 2 1313
0 63 596
0 105 73
0 3 773
0 105 905
0 17 1185
0 63 232
0 105 6906
0 105 7514
0 12 715
0 1 2963
0 3333 105
0 6 1391
0 105 6647
0 8 506
0 1 2956
0 18 2025
0 17 1600
0 79 791
0 1 1902
0 85 725
0 23 75
0 105 6639
0 105 7448
0 105 5447
0 105 7103
0 4043 105
0 0 1389
0 43 1262
0 105 7721
0 0 1171
0 105 6646
0 105 7924
0 43 121
0 105 6509
0 4 690
0 105 6995
0 6 188
0 25 2080
0 105 5133
0 4 287
0 23 1065
0 105 7348
0 6 1309
0 10 889
0 105 6787
0 105 5782
0 105 219
0 2 2787
0 23 286
0 4 2857
0 1 1601
0 4 3281
0 105 4895
0 23 0
0 105 6268
0 105 4754
0 43 2829
0 105 5139
0 3 148
0 8 99
0 25 421
0 105 7595
0 105 6976
0 23 982
0 16 153
0 3 2388
0 105 7764
0 18 926
0 23 881
0 17 1446
0 43 363
0 105 7585
0 85 1398
0 17 1546
0 105 3880
0 105 3307
0 3 1929
0 17 744
0 25 2343
0 105 3297
0 79 2572
0 63 1664
0 1 1370
0 18 1809
0 1 3098
0 105 6806
0 105 6098
0 105 6483
0 3 566
0 2 2759
0 4 477
0 43 287
0 105 4972
0 18 322
0 105 7916
0 3182 0
0 2 2343
0 8 77
0 105 4642
0 18 125
0 1 613
0 79 2165
0 13 211
0 105 7061
0 1 14
0 10 594
0 105 8107
0 105 6873
0 63 104
0 4 2146
0 1 354
0 105 4749
0 10 3256
0 63 425
0 25 806
0 3 115
0 105 7480
0 63 183
0 43 2650
0 82 131
0 105 7634
0 1 211
0 43 3218
0 2 2911
0 79 1400
0 105 4763
0 25 1753
0 105 3677
0 105 7942
0 105 5706
0 105 7324
0 63 1343
0 18 2159
0 105 3672
0 105 6794
0 105 8096
0 105 7429
0 105 6285
0 1 2932
0 4 2295
0 105 6912
0 10 2003
0 63 329
0 1 41
0 6 832
0 4 264
0 6 906
0 43 2845
0 12 21
0 4 2493
0 105 7515
0 25 531
0 105 3511
0 10 2049
0 105 3393
0 105 6465
0 105 5194
0 25 381
0 105 3836
0 105 3930
0 6 1448
0 8 1552
0 105 4413
0 63 301
0 105 5049
0 105 5507
0 23 2762
0 105 5405
0 3 972
0 18 61
0 14 64
0 85 2861
0 105 5505
0 105 5369
0 17 3204
0 6 59
0 1306 0
0 105 7068
0 105 6971
0 8 2335
0 105 4936
0 43 903
0 17 481
0 2 1378
0 105 6307
0 43 1490
0 3 1694
0 105 6796
0 17 1379
0 43 644
0 105 2421
0 6 562
0 105 55
0 23 150
0 17 534
0 3 1129
0 105 6681
0 79 2301
0 1 99
0 105 7802
0 3 2441
0 25 1575
0 8 380
0 105 7614
0 13 638
0 17 2256
0 105 4554
0 82 390
0 105 5763
0 105 7857
0 105 6692
0 3 3180
0 43 486
0 105 4982
0 1 1026
0 105 7058
0 105 3601
0 10 540
0 25 73
0 105 4346
0 105 5816
0 3 112
0 105 5709
0 6 1124
0 25 533
0 105 8101
0 0 522
0 79 3165
0 1 1705
0 105 5406
0 4 2585
0 1 884
0 1 2957
0 2 2773
0 18 54
0 105 3828
0 105 8046
0 3 2003
0 0 296
0 105 7673
0 8 162
0 79 1929
0 13 781
0 105 7286
0 105 7699
0 63 260
0 105 5610
0 3 2086
0 23 1245
0 10 3185
0 17 808
0 105 5149
0 4 805
0 0 1554
0 10 420
0 105 4418
0 79 964
0 105 3839
0 105 4160
0 105 3579
0 105 6985
0 105 5151
0 105 7923
0 6 858
0 105 6992
0 105 6868
0 79 2563
0 105 5720
0 105 6627
0 43 144
0 63 659
0 105 7177
0 14 120
0 17 2324
0 105 7685
0 2 563
0 6 900
0 6 595
0 105 4862
0 6 475
0 105 4985
0 3 153
0 16 160
0 105 7288
0 43 181
0 6 1653
0 2 303
0 14 1677
0 14 1314
0 6 544
0 6 421
0 1 3133
0 1 153
0 105 7453
0 105 5054
0 2 252
0 105 453
0 43 388
0 6 1213
0 25 2438
0 105 6756
0 2 2796
0 17 1077
0 105 8193
0 0 579
0 6 269
0 0 138
0 105 5188
0 14 350
0 82 453
0 105 6789
0 14 516
0 17 2700
0 105 4138
0 105 4529
0 13 3243
0 79 1486
0 105 5672
0 82 1724
0 4 1426
0 4 609
0 105 3532
0 23 774
0 23 110
0 3711 105
0 63 305
0 105 4542
0 79 757
0 43 715
0 105 7112
0 3197 13
0 1 3026
0 2 714
0 105 6001
0 23 986
0 79 1728
0 105 7408
0 2 1218
0 2 939
0 2 594
0 1 1430
0 105 324
0 10 329
0 105 6677
0 4 124
0 16 1054
0 23 625
0 105 6242
0 82 1219
0 105 3484
0 14 845
0 43 2849
0 8 124
0 105 8215
0 6 0
0 105 4928
0 12 373
0 6 234
0 105 7723
0 2 2876
0 23 678
0 105 6393
0 82 1522
0 17 150
0 4 846
0 105 4581
0 1 1320
0 25 889
0 1 3081
0 10 1472
0 63 1685
0 105 5739
0 105 5756
0 105 6065
0 105 6068
0 105 5484
0 10 4271
0 1 3045
0 23 1834
0 8 2185
0 105 5579
0 105 6989
0 12 1376
0 17 2697
0 16 1269
0 4 7716
0 3 2044
0 3 442
0 79 497
0 0 1635
0 1 2946
0 105 4504
0 105 3432
0 105 7161
0 2 1671
0 105 5260
0 3 316
0 105 1449
0 43 503
0 79 863
0 105 7836
0 79 1023
0 85 1379
0 1 3034
0 13 1734
0 105 5415
0 1 3024
0 23 679
0 6 1225
0 105 6761
0 105 7219
0 4 1333
0 85 697
0 2 536
0 0 2326
0 25 353
0 10 2644
0 6 1597
0 85 336
0 8 149
0 17 426
0 79 1913
0 1 94
0 4 807
0 43 1400
0 79 110
0 105 869
0 3869 105
0 105 5783
0 25 2269
0 0 3235
0 2 776
0 10 831
0 63 1333
0 6 322
0 12 40
0 105 4827
0 105 5643
0 105 4014
0 3 3193
0 18 156
0 105 1408
0 105 4262
0 105 7031
0 105 3948
0 6 111
0 25 2413
0 105 6432
0 17 479
0 105 3783
0 2 326
0 105 7044
0 3 3262
0 105 6453
0 105 232
0 12 37
0 1 23
0 17 1623
0 0 1211
0 105 5948
0 3 1691
0 4 2784
0 105 4527
0 82 156
0 16 849
0 18 311
0 6 1181
0 10 999
0 105 3575
0 105 5197
0 10 694
0 14 1805
0 105 6607
0 105 4784
0 105 8013
0 8 114
0 25 802
0 43 6838
0 79 1661
0 10 1703
0 0 87
0 14 715
0 105 3883
0 2 1279
0 79 1203
0 2 245
0 105 7587
0 105 5082
0 105 3988
0 105 5044
0 1 3057
0 105 7510
0 14 1468
0 43 3188
0 79 908
0 25 760
0 25 1229
0 1 2920
0 43 1673
0 105 6472
0 105 4495
0 105 6026
0 13 149
0 79 49
0 105 4082
0 2 4328
0 85 434
0 105 6097
0 63 323
0 23 862
0 3448 105
0 17 820
0 1 1398
0 3 91
0 6 458
0 6 2087
0 1 3005
0 79 999
0 2 2088
0 0 1697
0 3 1236
0 23 1269
0 25 2824
0 105 3604
0 63 338
0 105 5183
0 105 4375
0 82 442
0 105 3808
0 16 1378
0 25 2446
0 10 9
0 105 7877
0 4 806
0 105 5359
0 105 7936
0 1 1874
0 105 6162
0 17 3219
0 105 4133
0 105 5750
0 2741 0
0 79 1990
0 105 4278
0 8 34
0 105 8187
0 79 55
0 0 2294
0 105 3380
0 0 179
0 1 414
0 2 2562
0 13 37
0 105 3605
0 2739 0
0 105 5602
0 105 6081
0 105 3658
0 18 2220
0 105 7422
0 10 854
0 13 3215
0 0 2311
0 1 1784
0 105 3400
0 105 7732
0 105 8011
0 3 3234
0 12 595
0 105 7262
0 13 586
0 105 8028
0 105 4308
0 105 4240
0 105 7502
0 105 3429
0 1 2929
0 105 7787
0 16 646
0 105 6466
0 10 1672
0 4 7710
0 43 152
0 63 964
0 82 193
0 63 156
0 17 2663
0 105 8094
0 17 1395
0 2 2874
0 10 1398
0 2 814
0 105 6619
0 17 807
0 6 373
0 105 6419
0 105 5182
0 4 2860
0 105 4220
0 6 1829
0 105 3549
0 12 91
0 82 240
0 105 5652
0 105 3529
0 17 533
0 43 288
0 105 4334
0 105 7604
0 2 1339
0 14 1713
0 13 414
0 2 2101
0 105 3792
0 105 5462
0 2 88
0 105 7584
0 105 4500
0 79 1659
0 105 5042
0 63 597
0 105 4925
0 43 167
0 43 60
0 105 4570
0 10 824
0 6 1030
0 6 598
0 85 729
0 105 5927
0 105 3296
0 105 3714
0 23 808
0 105 6657
0 63 289
0 105 5823
0 43 2104
0 43 600
0 8 477
0 105 7881
0 105 7525
0 105 3942
0 105 7842
0 17 336
0 105 6656
0 105 6435
0 3 430
0 105 3966
0 43 525
0 1 193
0 105 4981
0 105 7610
0 105 6008
0 105 698
0 4 430
0 2 397
0 6 303
0 10 155
0 3 591
0 4 337
0 105 5104
0 105 467
0 82 1711
0 105 5452
0 105 7807
0 2 687
0 105 7129
0 17 455
0 105 3810
0 3 394
0 3 206
0 17 90
0 3 8217
0 105 3294
0 105 7957
0 105 7402
0 105 3913
0 105 7125
0 43 674
0 23 343
0 14 2557
0 105 7013
0 2 516
0 105 4429
0 105 5854
0 105 6777
0 105 6997
0 1 2933
0 105 7759
0 3 819
0 105 4419
0 8 249
0 105 3363
0 43 303
0 23 1278
0 105 6320
0 105 5638
0 105 1347
0 13 575
0 4 2749
0 6 1826
0 4 2865
0 8 586
0 3 423
0 16 615
0 105 6936
0 105 4673
0 1 756
0 105 4989
0 105 5269
0 14 981
0 3 2409
0 105 3635
0 105 5064
0 105 3406
0 105 7938
0 17 130
0 105 1339
0 10 668
0 10 1168
0 43 309
0 105 4078
0 2 2342
0 1 3117
0 105 7067
0 105 3426
0 0 990
0 1 96
0 16 37
0 3 7314
0 18 101
0 2 7304
0 105 871
0 25 3286
0 105 910
0 8 208
0 10 206
0 6 2184
0 105 5475
0 3 68
0 79 288
0 1 3082
0 105 4758
0 105 4906
0 43 807
0 105 7526
0 105 3389
0 105 5842
0 23 516
0 23 99
0 105 5815
0 16 9
0 2 2602
0 25 121
0 6 148
0 10 3192
0 18 2339
0 14 1499
0 105 6215
0 10 2027
0 85 886
0 43 1729
0 105 7133
0 10 1121
0 10 2649
0 0 2533
0 10 828
0 105 3488
0 82 146
0 105 474
0 105 5951
0 2 160
0 12 481
0 17 1583
0 85 210
0 105 4631
0 105 4980
0 105 8064
0 4 410
0 105 6016
0 43 1874
0 105 7360
0 105 6782
0 13 560
0 105 3500
0 3 2854
0 6 2919
0 105 4071
0 17 613
0 17 489
0 105 6551
0 63 266
0 6 941
0 2 305
0 105 7856
0 3 2048
0 105 3567
0 2 6866
0 2 1479
0 105 3358
0 43 1991
0 0 2279
0 105 5836
0 1 1965
0 105 5914
0 105 4300
0 3 17
0 105 1098
0 3 1574
0 105 5026
0 105 4380
0 1 2964
0 1 1454
0 105 7625
0 105 4417
0 105 5585
0 105 6773
0 6 1719
0 105 7378
0 3 1663
0 3 147
0 2 1280
0 105 7543
0 105 3725
0 0 297
0 14 1543
0 10 2389
0 79 817
0 105 6349
0 105 4846
0 1 520
0 105 3571
0 105 7313
0 3 1356
0 10 2598
0 105 2424
0 1 894
0 105 4242
0 17 442
0 6 1587
0 105 6844
0 3 1230
0 105 7136
0 6 516
0 105 4027
0 63 125
0 105 5860
0 105 6779
0 105 7126
0 2 774
0 82 116
0 12 1283
0 63 1863
0 105 5759
0 105 6859
0 18 559
0 43 1719
0 105 7362
0 79 1864
0 23 1265
0 105 4929
0 10 543
0 105 4531
0 18 287
0 43 1222
0 63 324
0 105 6425
0 3920 105
0 105 5694
0 0 3267
0 3 381
0 105 6917
0 2 322
0 3 599
0 3967 105
0 1 3058
0 0 554
0 2 2822
0 85 36
0 105 6624
0 105 5401
0 25 22
0 10 2719
0 105 6940
0 23 1800
0 105 8196
0 105 6804
0 79 1657
0 17 256
0 2 1808
0 105 6168
0 105 4433
0 2 112
0 1 1872
0 1 2961
0 0 1769
0 105 3592
0 10 110
0 105 3466
0 105 7144
0 6 798
0 105 4550
0 13 635
0 43 1553
0 105 7334
0 0 967
0 10 1749
0 4 1214
0 105 8174
0 105 4931
0 6 20
0 105 5307
0 17 48
0 10 2770
0 0 1172
0 105 5868
0 10 2391
0 85 802
0 1 3074
0 13 335
0 105 5155
0 6 2129
0 85 513
0 14 939
0 82 1588
0 43 479
0 105 4941
0 8 1366
0 2 387
0 10 2184
0 4 107
0 105 5984
0 105 5495
0 105 3485
0 13 345
0 85 541
0 23 59
0 105 7368
0 105 4301
0 105 8099
0 4 1575
0 25 644
0 105 7092
0 105 4730
0 105 5360
0 4 3258
0 10 41
0 43 550
0 3 1017
0 105 6679
0 105 4282
0 16 57
0 105 7883
0 105 3933
0 13 400
0 105 6109
0 82 206
0 4 86
0 105 5757
0 2 396
0 122 291
0 1 3118
0 105 7652
0 43 2367
0 105 5688
0 105 5412
0 105 3819
0 82 685
0 4 620
0 23 687
0 6 1182
0 105 7452
0 10 1042
0 6 129
0 63 25
0 16 467
0 63 129
0 16 115
0 105 3706
0 105 3584
0 23 373
0 13 812
0 105 4539
0 105 7816
0 4 2727
0 16 606
0 2 1269
0 82 788
0 17 337
0 1 1679
0 105 5477
0 105 3458
0 43 223
0 105 5335
0 63 1040
0 105 7833
0 4 2549
0 63 173
0 105 7427
0 105 3758
0 4 803
0 23 1449
0 85 341
0 13 334
0 85 1074
0 4 190
0 105 4957
0 105 4961
0 43 182
0 17 390
0 105 6481
0 10 2823
0 18 2218
0 105 6752
0 105 7192
0 13 92
0 6 1859
0 17 80
0 105 5974
0 105 8214
0 2 2555
0 105 6222
0 85 620
0 1 3134
0 105 6539
0 85 1738
0 8 625
0 10 482
0 105 4840
0 17 141
0 3320 105
0 105 7034
0 43 2047
0 63 302
0 3 3223
0 3 666
0 105 4393
0 105 6758
0 105 6849
0 14 466
0 105 5882
0 2 275
0 23 58
0 105 6715
0 105 4488
0 105 7004
0 105 6498
0 105 4824
0 16 88
0 4 3263
0 105 4909
0 105 5620
0 63 634
0 79 2303
0 105 4815
0 6 928
0 2 270
0 105 5703
0 14 206
0 25 2180
0 25 1503
0 18 1622
0 105 5324
0 2 96
0 43 675
0 3 2623
0 105 6207
0 105 7925
0 2 551
0 105 7268
0 12 1933
0 10 2718
0 105 3447
0 1 1546
0 17 987
0 105 5289
0 105 3747
0 14 426
0 43 381
0 43 578
0 0 2539
0 2 991
0 105 5189
0 4 214
0 14 194
0 79 891
0 105 7421
0 43 665
0 10 826
0 105 5717
0 79 307
0 82 849
0 13 88
0 4 970
0 105 5132
0 10 7316
0 1 3106
0 23 1191
0 105 4650
0 82 1962
0 105 6919
0 105 5932
0 105 6061
0 43 2795
0 25 569
0 105 4264
0 105 5540
0 105 6601
0 105 3377
0 105 4317
0 23 665
0 10 1836
0 105 7977
0 10 1187
0 43 184
0 6 192
0 4 2674
0 2 302
0 63 99
0 105 7737
0 3 1507
0 79 148
0 18 2168
0 3 1754
0 105 5216
0 105 5772
0 6 2717
0 4 1665
0 105 4512
0 105 5115
0 25 164
0 17 2188
0 10 2430
0 105 4767
0 105 7784
0 105 7845
0 105 5516
0 105 7294
0 3 175
0 2 587
0 105 7812
0 23 113
0 79 1928
0 3 104
0 79 159
0 12 644
0 79 2448
0 17 2569
0 105 5158
0 0 1646
0 2 280
0 105 2754
0 23 1204
0 105 6652
0 105 5731
0 82 1750
0 4 55
0 105 3811
0 17 5333
0 0 27
0 105 4885
0 82 821
0 79 544
0 105 6124
0 1 1877
0 105 1583
0 105 5456
0 105 7591
0 105 3441
0 17 939
0 2 446
0 85 673
0 105 3735
0 4 1726
0 10 2805
0 105 4486
0 105 8182
0 105 5609
0 105 7992
0 105 7844
0 14 1349
0 105 5458
0 105 538
0 105 4733
0 105 6654
0 105 5220
0 14 1628
0 82 194
0 16 2064
0 0 4119
0 105 4875
0 105 6854
0 4 1356
0 105 4238
0 105 7141
0 79 1408
0 105 8122
0 17 2688
0 0 2505
0 105 3620
0 105 4910
0 105 4255
0 105 6291
0 6 2153
0 2 350
0 3 863
0 18 1106
0 1 1234
0 105 7687
0 8 160
0 1 92
0 105 7741
0 23 273
0 105 5332
0 16 10
0 105 3374
0 4 2863
0 105 4732
0 105 334
0 105 7292
0 105 3773
0 8 115
0 13 172
0 79 534
0 12 1759
0 14 1878
0 105 5919
0 105 3495
0 105 4675
0 79 1842
0 6 191
0 105 7499
0 85 101
0 1 3012
0 105 6555
0 18 1383
0 43 2027
0 18 1206
0 79 223
0 82 609
0 105 4994
0 17 1357
0 105 7029
0 1 2952
0 2 2791
0 105 6489
0 4 3201
0 105 4340
0 23 977
0 0 476
0 105 5211
0 14 1963
0 105 4040
0 18 1618
0 18 2161
0 23 1756
0 63 475
0 105 6937
0 105 5779
0 63 209
0 105 7441
0 1 3029
0 17 2148
0 1 2997
0 6 1060
0 10 2365
0 79 516
0 105 3565
0 25 2399
0 105 8051
0 105 4187
0 4 151
0 23 335
0 17 2689
0 10 1414
0 105 4026
0 85 223
0 0 257
0 82 37
0 105 5488
0 105 7352
0 14 1219
0 25 2384
0 105 3470
0 10 3248
0 18 34
0 105 5355
0 105 3464
0 18 1276
0 6 73
0 16 950
0 105 1048
0 43 350
0 2 2221
0 16 723
0 17 2567
0 10 6422
0 10 2425
0 105 3573
0 105 5847
0 105 4578
0 16 1601
0 12 151
0 10 1770
0 17 274
0 2 2571
0 6 1739
0 105 3887
0 105 5710
0 18 960
0 2745 0
0 105 3692
0 105 4254
0 105 7158
0 105 4086
0 17 2709
0 1 2967
0 43 1094
0 105 7875
0 17 6402
0 6 99
0 63 182
0 79 166
0 105 6685
0 105 4526
0 105 6847
0 105 7047
0 6 396
0 43 798
0 105 6636
0 14 1227
0 105 4790
0 105 4024
0 2 203
0 0 1212
0 3 78
0 3 6424
0 2 174
0 6 300
0 63 345
0 105 4245
0 105 4329
0 105 6928
0 25 1562
0 8 779
0 43 2619
0 105 4208
0 105 6875
0 79 1095
0 10 807
0 105 7943
0 17 54
0 25 2095
0 1 1397
0 105 3349
0 43 508
0 16 914
0 6 419
0 79 131
0 3 71
0 105 7271
0 105 4087
0 82 1074
0 1 1607
0 25 2658
0 18 1109
0 0 217
0 105 7730
0 17 2655
0 105 5148
0 105 356
0 105 6896
0 13 2877
0 105 4362
0 105 7459
0 105 1992
0 105 14
0 105 4962
0 82 435
0 105 1367
0 105 7365
0 6 1857
0 79 2664
0 25 506
0 8 1473
0 1 1479
0 23 468
0 10 2613
0 105 6142
0 105 6340
0 105 6557
0 105 5745
0 82 1529
0 105 7475
0 105 7203
0 105 7008
0 10 34
0 63 356
0 105 3641
0 43 2366
0 105 3515
0 3 326
0 729 2022
0 105 4563
0 10 856
0 82 560
0 2 2886
0 105 4897
0 4 51
0 105 5978
0 105 6293
0 79 1623
0 25 677
0 10 140
0 8 2182
0 85 911
0 17 2747
0 105 7054
0 105 6044
0 79 1457
0 105 5170
0 82 1312
0 4 7717
0 105 4162
0 105 7674
0 8 2215
0 43 485
0 105 5873
0 2 1996
0 105 3661
0 82 936
0 10 1372
0 82 1408
0 105 5468
0 10 2103
0 13 2420
0 105 8098
0 105 5532
0 6 311
0 105 5393
0 105 4003
0 25 2056
0 105 4651
0 105 5586
0 2 2480
0 105 4844
0 16 166
0 105 5935
0 12 1006
0 105 4898
0 105 5654
0 43 1269
0 23 1180
0 105 7482
0 14 821
0 1 394
0 105 7735
0 4 717
0 6 855
0 13 36
0 105 5599
0 43 2771
0 4062 105
0 105 8108
0 0 472
0 8 1474
0 105 6128
0 105 8023
0 105 3647
0 105 6194
0 105 7391
0 105 3907
0 17 92
0 25 324
0 105 114
0 105 5076
0 105 6529
0 105 6328
0 8 502
0 79 92
0 105 5887
0 1 489
0 105 5074
0 63 715
0 105 5348
0 79 1092
0 10 2577
0 23 503
0 728 105
0 3 1312
0 25 101
0 6 1129
0 16 1107
0 105 6554
0 105 1898
0 6 854
0 10 1663
0 105 3705
0 14 2297
0 25 1238
0 6 1230
0 105 109
0 1 2965
0 105 828
0 105 4534
0 43 2634
0 105 3462
0 105 4637
0 3 5300
0 105 4562
0 17 267
0 85 133
0 105 5150
0 7226 105
0 14 1825
0 2 537
0 105 5135
0 2 6860
0 105 6864
0 105 6994
0 105 4652
0 105 7084
0 105 6414
0 105 5954
0 18 1478
0 79 1969
0 105 6748
0 0 473
0 17 732
0 1 2139
0 79 1187
0 85 2865
0 6 1068
0 105 6709
0 105 3536
0 3 608
0 43 901
0 105 4480
0 105 7403
0 105 3682
0 14 1774
0 105 4676
0 63 343
0 25 1775
0 105 7670
0 105 6505
0 18 2151
0 105 8081
0 85 1470
0 10 174
0 105 4717
0 3 194
0 6 37
0 85 1030
0 17 2273
0 105 8050
0 10 409
0 105 6273
0 105 4066
0 105 4621
0 8 139
0 17 2680
0 105 6231
0 6 26
0 105 3628
0 105 801
0 79 109
0 18 1216
0 105 5190
0 14 922
0 105 3520
0 10 1313
0 105 797
0 105 8079
0 105 3577
0 10 412
0 105 6448
0 4 2754
0 105 5606
0 43 487
0 82 5
0 8 1352
0 105 4305
0 105 6510
0 17 184
0 43 493
0 25 844
0 3 1283
0 105 5766
0 105 5258
0 12 19
0 105 7380
0 105 4142
0 105 4342
0 105 4203
0 25 1569
0 105 6140
0 105 5321
0 1 3140
0 2 2772
0 14 267
0 43 134
0 43 34
0 105 1952
0 105 4391
0 105 7600
0 1 806
0 13 653
0 10 1956
0 82 932
0 10 1342
0 6 834
0 105 7188
0 4 1777
0 105 4248
0 17 91
0 79 2531
0 6 57
0 18 75
0 18 1269
0 17 1550
0 0 1768
0 25 153
0 3 77
0 105 6039
0 63 435
0 105 6412
0 105 4172
0 105 7911
0 85 701
0 25 112
0 0 3275
0 105 5496
0 105 4132
0 2 525
0 3 2567
0 105 8128
0 1 3102
0 105 7384
0 105 6451
0 2 788
0 105 5571
0 2 955
0 2 149
0 13 499
0 105 4168
0 23 915
0 105 6345
0 82 140
0 105 4579
0 105 4202
0 10 2011
0 43 2408
0 105 5800
0 2 1045
0 4 2799
0 105 3983
0 63 115
0 105 4083
0 1 334
0 105 6663
0 3 3254
0 105 6073
0 82 462
0 1 3131
0 105 7974
0 105 5913
0 0 2071
0 105 6153
0 105 6655
0 105 3491
0 25 193
0 79 1001
0 105 5314
0 14 117
0 105 6710
0 25 215
0 105 5387
0 2748 0
0 105 7114
0 0 384
0 4055 105
0 25 2442
0 43 267
0 12 142
0 105 4268
0 25 425
0 0 556
0 105 6694
0 1 1393
0 105 6392
0 105 6007
0 10 173
0 105 5605
0 2 2633
0 3 100
0 79 525
0 105 6891
0 63 2711
0 1 1527
0 2 1499
0 105 7902
0 105 7981
0 23 944
0 105 6431
0 1 1469
0 10 696
0 43 560
0 105 4719
0 105 5099
0 2 42
0 105 4508
0 105 5623
0 105 8203
0 3 26
0 105 5949
0 85 99
0 105 3566
0 105 7567
0 0 470
0 6 867
0 105 4609
0 23 567
0 105 7785
0 10 2666
0 105 5004
0 105 6146
0 105 3707
0 105 4030
0 105 5030
0 2 2831
0 17 2746
0 25 1129
0 13 1219
0 3 334
0 6 835
0 105 3968
0 82 826
0 0 705
0 2 2799
0 3 66
0 12 108
0 14 172
0 14 1605
0 105 4955
0 0 1152
0 105 4605
0 82 661
0 8 146
0 17 207
0 8 1548
0 4 7718
0 17 525
0 6 209
0 43 200
0 25 3291
0 105 5313
0 105 4289
0 105 5137
0 1 3116
0 10 48
0 4 1976
0 6 829
0 79 193
0 105 5892
0 105 5098
0 105 4965
0 13 193
0 16 1224
0 10 808
0 105 4945
0 3 532
0 105 5068
0 43 655
0 82 2055
0 105 6143
0 23 156
0 3 852
0 6 274
0 105 6952
0 105 7064
0 18 514
0 105 6074
0 79 677
0 105 4701
0 16 110
0 2 2304
0 12 288
0 2 763
0 1 3115
0 1 1256
0 105 5867
0 85 2500
0 10 2353
0 105 3611
0 2 2826
0 105 5719
0 18 1077
0 3 2412
0 105 4104
0 3 197
0 0 2511
0 105 841
0 105 83
0 3 223
0 3 193
0 3 2671
0 105 115
0 105 5101
0 105 4787
0 105 4038
0 14 36
0 63 532
0 105 8078
0 2 312
0 6 860
0 105 6181
0 43 2370
0 105 4149
0 43 1304
0 105 3854
0 105 6228
0 105 4801
0 105 8156
0 82 1900
0 105 5601
0 25 350
0 14 97
0 2 506
0 105 7498
0 105 3965
0 105 7952
0 2 477
0 105 141
0 6 1187
0 105 6903
0 10 1355
0 79 474
0 105 3444
0 105 6988
0 63 111
0 105 5527
0 10 350
0 105 4871
0 105 5391
0 12 1802
0 17 1531
0 85 337
0 105 5786
0 105 5009
0 105 4205
0 3338 105
0 2 99
0 6 1592
0 4 2910
0 105 5749
0 105 5902
0 10 2575
0 25 282
0 2 598
0 105 7661
0 105 5801
0 105 7127
0 13 259
0 1 270
0 105 7406
0 14 2481
0 2 683
0 3 3220
0 105 5353
0 105 7605
0 43 168
0 105 3537
0 105 5837
0 2 97
0 14 954
0 105 6357
0 105 7520
0 16 654
0 1 2943
0 105 5628
0 1 1841
0 105 7838
0 105 5432
0 0 2418
0 10 2349
0 17 954
0 10 194
0 105 7858
0 25 1472
0 1 1875
0 13 434
0 2735 0
0 17 1694
0 13 431
0 1 3065
0 105 6267
0 1 2984
0 105 4669
0 3 453
0 3348 105
0 18 126
0 2 1852
0 5923 105
0 25 2035
0 105 7512
0 2 1719
0 13 197
0 105 4948
0 105 889
0 105 5547
0 0 2308
0 105 3663
0 18 525
0 105 4182
0 13 360
0 105 1378
0 10 1797
0 105 5397
0 25 274
0 18 2305
0 18 0
0 10 2812
0 105 1376
0 43 3213
0 2 114
0 63 731
0 105 7813
0 105 6290
0 1 1867
0 105 551
0 105 1044
0 105 6006
0 3 1928
0 105 6603
0 17 2705
0 43 478
0 105 3818
0 4 2874
0 17 191
0 105 1912
0 1 466
0 10 2052
0 105 5088
0 17 538
0 105 6335
0 105 305
0 25 326
0 105 7707
0 17 273
0 2 684
0 0 1008
0 105 7995
0 79 1804
0 85 447
0 105 7039
0 105 4456
0 10 3236
0 105 3694
0 105 6480
0 2 2783
0 105 4564
0 13 98
0 23 1018
0 105 34
0 2 791
0 3 1583
0 105 7463
0 25 516
0 10 1077
0 3 586
0 105 2159
0 13 60
0 105 3526
0 105 7095
0 12 676
0 105 6108
0 25 2324
0 6 1353
0 105 6473
0 82 1512
0 105 3352
0 105 6790
0 105 5368
0 105 8085
0 4 1844
0 105 4095
0 2 352
0 105 5523
0 8 566
0 105 3824
0 105 6099
0 105 3443
0 105 7180
0 105 3385
0 10 274
0 105 5215
0 105 7059
0 3 5925
0 3 1630
0 105 7532
0 13 1321
0 105 4263
0 105 3777
0 23 505
0 12 1803
0 1 3038
0 105 7445
0 4 3211
0 43 102
0 82 262
0 105 3702
0 105 4638
0 10 2731
0 105 6458
0 8 1609
0 105 696
0 105 4000
0 105 5343
0 3 615
0 85 367
0 0 1143
0 105 7154
0 4 98
0 105 5000
0 105 3395
0 85 238
0 3 1519
0 17 1570
0 17 163
0 105 5624
0 105 3989
0 105 3610
0 14 1416
0 105 6698
0 8 1470
0 0 1674
0 105 7767
0 14 2919
0 105 4371
0 105 6549
0 105 4546
0 10 2612
0 6 1101
0 105 7782
0 8 928
0 105 3963
0 79 1232
0 6 146
0 105 7618
0 23 821
0 14 1115
0 105 3403
0 43 1312
0 2 354
0 105 7869
0 105 6632
0 13 9
0 17 228
0 63 153
0 6 644
0 1 3143
0 105 3572
0 85 411
0 17 605
0 105 6814
0 105 6301
0 105 7886
0 8 490
0 4 747
0 105 3489
0 79 140
0 105 5558
0 105 3578
0 105 7464
0 23 311
0 13 286
0 14 999
0 105 1614
0 105 3510
0 105 3468
0 79 10
0 2 146
0 6 617
0 4 75
0 3 305
0 105 2051
0 4 350
0 12 17
0 0 2316
0 699 0
0 105 4738
0 105 5252
0 23 1238
0 105 5283
0 1 659
0 10 2667
0 79 99
0 4 274
0 105 7069
0 12 1594
0 105 2102
0 4 549
0 105 4900
0 10 821
0 105 7895
0 17 151
0 105 6890
0 63 689
0 13 240
0 105 6359
0 105 4108
0 105 6287
0 105 3411
0 1 3135
0 105 8082
0 6 578
0 25 1145
0 6 1449
0 17 1215
0 105 5635
0 2 307
0 105 7140
0 63 2799
0 3 3205
0 105 7700
0 105 7795
0 105 4865
0 2 648
0 17 1551
0 105 7097
0 105 7321
0 6 56
0 105 3618
0 82 2173
0 105 5437
0 8 562
0 105 5264
0 17 2692
0 18 1475
0 1 893
0 10 1828
0 105 4270
0 105 5204
0 0 1556
0 0 1159
0 8 660
0 105 5583
0 105 6172
0 2 1855
0 79 67
0 79 1968
0 82 510
0 10 2337
0 85 443
0 105 6784
0 10 686
0 18 1386
0 105 5905
0 105 4444
0 10 1006
0 4 1999
0 10 1853
0 2 566
0 79 9
0 105 6000
0 85 2587
0 2 2107
0 6 71
0 2 667
0 10 1044
0 105 4198
0 6 193
0 10 2646
0 12 298
0 43 361
0 10 601
0 1 1084
0 2 2561
0 105 3916
0 3 98
0 43 1913
0 105 5616
0 13 2713
0 10 450
0 105 8209
0 0 749
0 105 8151
0 3 1381
0 105 7473
0 105 7187
0 1 125
0 2 600
0 105 6801
0 105 5780
0 18 1620
0 105 5448
0 4 336
0 63 1015
0 105 6371
0 16 435
0 105 7419
0 43 1858
0 14 61
0 0 652
0 18 798
0 105 5010
0 105 6095
0 105 120
0 43 61
0 85 1256
0 3317 105
0 2 357
0 17 666
0 25 2596
0 17 208
0 85 839
0 105 6067
0 79 1958
0 79 1547
0 105 7371
0 23 1196
0 2 1701
0 105 6488
0 3 230
0 105 5288
0 17 717
0 85 375
0 85 59
0 105 6835
0 43 147
0 4 2421
0 105 5501
0 105 7837
0 105 7424
0 17 1184
0 25 174
0 105 4641
0 0 2286
0 4 47
0 63 78
0 105 3467
0 3 563
0 105 4779
0 105 4020
0 105 4538
0 85 111
0 8 2179
0 63 2146
0 25 140
0 105 4017
0 105 7658
0 105 7696
0 105 5168
0 105 7619
0 105 4164
0 10 815
0 3 995
0 17 675
0 105 7202
0 23 1091
0 105 7432
0 17 1119
0 4 2097
0 4 2776
0 17 667
0 3 916
0 79 1494
0 105 6591
0 6 2274
0 105 7617
0 105 8166
0 16 714
0 14 442
0 10 1060
0 6691 105
0 17 37
0 105 3378
0 105 7986
0 105 3637
0 25 45
0 105 4946
0 4 493
0 2 264
0 105 6850
0 105 6316
0 105 4974
0 18 1130
0 18 1651
0 1 2944
0 43 2235
0 63 505
0 105 1268
0 105 5424
0 6 1944
0 105 3519
0 105 3687
0 105 6013
0 105 5426
0 105 7973
0 105 6294
0 2 3212
0 10 2355
0 105 6888
0 2 241
0 105 4140
0 14 1562
0 10 701
0 43 1491
0 1 1247
0 105 4487
0 79 905
0 2 1357
0 16 2304
0 105 8113
0 105 6644
0 105 4622
0 105 5822
0 105 4099
0 14 318
0 3357 105
0 18 258
0 105 6672
0 3 753
0 85 414
0 82 500
0 17 109
0 63 124
0 105 8176
0 6 808
0 105 6022
0 16 329
0 10 1180
0 85 491
0 63 2026
0 4 1215
0 105 808
0 3 142
0 10 3187
0 105 2153
0 79 34
0 79 2191
0 105 4492
0 105 4786
0 6 1209
0 2 7317
0 17 1455
0 43 2100
0 17 1414
0 2 2856
0 14 468
0 3 553
0 18 735
0 6 833
0 105 5781
0 105 5261
0 6 1590
0 3 772
0 85 264
0 82 358
0 105 7250
0 1 1180
0 105 6120
0 25 633
0 105 7642
0 82 2671
0 2 1737
0 105 4029
0 79 2565
0 63 98
0 105 4635
0 14 2429
0 105 5442
0 105 6336
0 105 3552
0 8 312
0 105 7517
0 105 5856
0 63 436
0 18 1569
0 105 3713
0 105 3787
0 2 304
0 3 1180
0 10 776
0 105 3826
0 79 303
0 105 7121
0 1 420
0 105 160
0 105 4729
0 105 7967
0 105 7193
0 10 1353
0 105 6449
0 105 3656
0 2 1379
0 10 586
0 105 75
0 43 305
0 2 1527
0 18 271
0 105 5676
0 2 1749
0 105 7865
0 105 7927
0 105 4028
0 105 3653
0 14 850
0 2 342
0 105 5736
0 17 2715
0 82 260
0 1 525
0 105 5545
0 1 2955
0 18 2190
0 105 5670
0 105 6942
0 105 5227
0 105 4281
0 79 540
0 105 6314
0 105 7413
0 6 2090
0 105 6810
0 105 3898
0 82 2127
0 105 5637
0 23 1190
0 23 382
0 105 3503
0 23 2572
0 105 4094
0 79 1911
0 3 95
0 105 4446
0 23 1256
0 79 2601
0 105 3615
0 16 1012
0 105 4054
0 10 2423
0 10 797
0 79 598
0 6 600
0 8 709
0 79 946
0 0 8
0 10 948
0 105 3813
0 105 5715
0 105 1785
0 105 7659
0 79 410
0 105 4404
0 3 525
0 25 1535
0 23 1986
0 105 5315
0 2 48
0 105 3673
0 3 1607
0 2 2025
0 13 1398
0 2 3284
0 2 636
0 18 1261
0 3 2918
0 105 5367
0 10 3278
0 43 2423
0 3 55
0 105 5423
0 105 7987
0 18 2572
0 2 94
0 105 5219
0 1 3011
0 4 84
0 105 4751
0 1 227
0 25 1287
0 105 7818
0 3 6183
0 79 262
0 6 1997
0 105 6848
0 105 7373
0 6 922
0 85 422
0 0 2276
0 43 2797
0 1 2992
0 12 1959
0 1 2994
0 105 7631
0 6 1801
0 4 1734
0 85 490
0 10 125
0 82 848
0 1 2931
0 2 2360
0 2 2778
0 13 206
0 105 6076
0 0 2258
0 105 514
0 105 7481
0 105 5787
0 85 156
0 25 586
0 0 2243
0 12 140
0 13 1205
0 105 5894
0 17 1381
0 105 6769
0 17 1230
0 1 2993
0 8 878
0 105 4880
0 3 2838
0 2 2149
0 2 192
0 105 5994
0 12 1869
0 0 221
0 105 7920
0 0 4158
0 105 4184
0 105 4454
0 79 26
0 105 8016
0 105 5690
0 0 272
0 105 6638
0 105 5435
0 10 1740
0 2 727
0 12 1372
0 105 3737
0 10 3249
0 85 225
0 105 7999
0 4 3242
0 14 2067
0 18 273
0 4 3240
0 79 1319
0 10 245
0 4 608
0 105 4423
0 18 954
0 2 1194
0 13 475
0 105 5214
0 13 1014
0 105 5936
0 105 5733
0 105 5955
0 17 188
0 105 5470
0 105 7722
0 43 206
0 105 7051
0 105 6821
0 13 214
0 105 5979
0 85 408
0 2 2436
0 14 808
0 105 7602
0 43 78
0 105 4832
0 4 5
0 105 5040
0 25 339
0 43 2373
0 79 447
0 105 7879
0 1 3019
0 105 6018
0 105 7809
0 3 3170
0 25 2654
0 105 124
0 105 4938
0 43 76
0 43 145
0 105 6485
0 105 5411
0 105 6337
0 3 2915
0 105 6106
0 10 2724
0 105 6389
0 17 745
0 6 1584
0 2 2041
0 10 108
0 105 6934
0 105 3760
0 3 1150
0 18 53
0 3 8184
0 17 969
0 8 2217
0 6 109
0 105 7370
0 105 6713
0 105 4807
0 14 55
0 18 1410
0 105 6079
0 105 7376
0 17 614
0 105 8022
0 105 3538
0 105 3316
0 105 3471
0 43 2895
0 105 5976
0 82 80
0 25 0
0 17 394
0 63 607
0 105 5708
0 105 5603
0 6 1945
0 79 335
0 85 146
0 105 6892
0 6 1363
0 105 7299
0 105 5933
0 105 5528
0 105 7733
0 6 226
0 25 820
0 105 7404
0 17 120
0 105 7841
0 105 7431
0 3 2524
0 8 110
0 10 2037
0 4 97
0 105 7608
0 105 3726
0 25 46
0 3 354
0 105 5529
0 105 3680
0 105 1135
0 10 2340
0 17 2698
0 4 2026
0 10 11
0 105 7788
0 105 3790
0 10 531
0 105 6364
0 105 4794
0 105 5384
0 105 5679
0 79 1890
0 105 5539
0 6 1585
0 18 955
0 17 210
0 25 723
0 10 1043
0 105 7929
0 8 1307
0 105 5084
0 17 1125
0 105 6765
0 10 2814
0 17 353
0 25 2434
0 105 4507
0 105 3648
0 3 201
0 105 4181
0 4 849
0 105 7551
0 105 7500
0 0 1144
0 105 7458
0 79 940
0 10 269
0 105 4293
0 6 609
0 82 600
0 4 35
0 105 5724
0 2 3227
0 10 825
0 105 3822
0 3313 105
0 105 7182
0 25 886
0 105 5898
0 2 343
0 105 7540
0 105 8110
0 105 4185
0 85 539
0 105 4545
0 105 3900
0 0 1634
0 17 288
0 3 101
0 79 1921
0 105 4473
0 43 496
0 105 7496
0 105 4659
0 63 109
0 8 776
0 105 5451
0 105 3368
0 0 1170
0 16 709
0 105 6468
0 105 4470
0 105 8200
0 79 2447
0 10 1445
0 85 3179
0 105 7030
0 79 1132
0 1 616
0 10 609
0 1 48
0 17 99
0 43 90
0 2 2147
0 3 349
0 105 6881
0 16 219
0 6 1150
0 10 560
0 105 4420
0 105 7229
0 10 2223
0 82 350
0 10 859
0 105 5434
0 105 7679
0 3917 105
0 105 6353
0 105 7183
0 105 5922
0 25 453
0 17 2631
0 105 3959
0 105 4491
0 105 6930
0 18 146
0 105 3469
0 0 2888
0 2 232
0 1 247
0 82 1509
0 10 491
0 17 654
0 105 6087
0 8 2219
0 14 1621
0 16 77
0 82 188
0 105 5564
0 105 7295
0 6 538
0 105 7435
0 13 3252
0 2 188
0 79 208
0 14 1542
0 3 243
0 43 175
0 4 2878
0 4 363
0 13 2131
0 105 5035
0 105 5972
0 23 1114
0 16 1074
0 25 2618
0 105 2085
0 3 3222
0 23 147
0 105 6969
0 105 6384
0 105 3384
0 105 4765
0 6 1364
0 18 70
0 105 2134
0 105 7155
0 13 2098
0 8 846
0 3 850
0 105 6987
0 8 1795
0 105 8126
0 105 4373
0 105 7537
0 6 1858
0 0 1555
0 25 271
0 3 124
0 85 474
0 105 8169
0 13 954
0 105 4517
0 18 213
0 85 350
0 43 116
0 105 6156
0 18 194
0 43 512
0 82 84
0 2 109
0 23 302
0 105 7531
0 105 6855
0 105 6625
0 105 7392
0 105 7020
0 14 273
0 3 436
0 14 5
0 105 7748
0 79 925
0 79 2204
0 25 98
0 43 2038
0 14 709
0 105 8003
0 105 7170
0 1 3070
0 105 7613
0 8 1500
0 105 6056
0 79 2482
0 105 4947
0 2 1764
0 1 732
0 0 2893
0 3 2391
0 729 0
0 1 1097
0 105 3581
0 79 1873
0 1 3151
0 105 3309
0 105 2755
0 43 139
0 85 779
0 6 1398
0 85 1209
0 3 2817
0 79 423
0 23 230
0 105 5117
0 18 1184
0 105 5917
0 105 6236
0 18 961
0 79 53
0 105 6595
0 105 6266
0 4 531
0 14 1066
0 105 3717
0 105 6093
0 105 6946
0 105 4933
0 1 3046
0 6 645
0 105 6112
0 6 895
0 105 5987
0 2 1484
0 1 2925
0 17 1508
0 10 1070
0 17 22
0 2 336
0 13 1690
0 1 3124
0 105 7164
0 105 4557
0 6 1038
0 2 1702
0 105 4535
0 8 394
0 17 514
0 105 3539
0 105 8150
0 105 4462
0 105 4859
0 105 4102
0 85 451
0 79 972
0 105 8041
0 85 2060
0 3 570
0 0 2852
0 1 2995
0 105 6696
0 105 6586
0 17 84
0 105 3303
0 79 210
0 105 7100
0 105 6701
0 105 8095
0 79 350
0 0 1151
0 17 1870
0 13 932
0 4 2423
0 105 4128
0 8 1893
0 105 665
0 105 3796
0 105 5655
0 43 981
0 105 4634
0 23 1117
0 2 3241
0 105 6574
0 3 75
0 105 7253
0 14 2480
0 105 6907
0 14 334
0 17 648
0 105 6487
0 105 6461
0 14 2465
0 25 1744
0 13 504
0 105 4411
0 1 2696
0 10 2072
0 14 2222
0 105 5469
0 2 533
0 0 752
0 6 2262
0 3 1676
0 105 6442
0 85 435
0 4 504
0 105 7743
0 105 4247
0 6 1593
0 8 2329
0 14 1996
0 25 116
0 2 410
0 43 2820
0 105 4439
0 105 5525
0 3 1552
0 105 4956
0 105 3585
0 105 5965
0 17 5896
0 105 6999
0 728 10
0 2 558
0 3 2897
0 4 3193
0 12 211
0 10 1312
0 105 6922
0 105 4001
0 18 2227
0 8 1690
0 10 97
0 105 5701
0 2744 0
0 6 563
0 79 953
0 25 88
0 0 359
0 105 6051
0 25 194
0 18 907
0 1 3061
0 105 7285
0 105 5236
0 1 303
0 105 5634
0 12 305
0 10 3255
0 0 3274
0 79 933
0 105 4097
0 105 125
0 8 374
0 105 5418
0 105 3771
0 105 3723
0 18 563
0 85 329
0 105 5938
0 105 5416
0 105 6528
0 105 7131
0 79 1269
0 3 3225
0 18 369
0 105 5668
0 18 775
0 105 7870
0 14 1444
0 105 7245
0 79 928
0 105 3814
0 105 6617
0 18 2543
0 105 3574
0 43 2609
0 6 2013
0 105 7472
0 105 7612
0 105 4826
0 18 98
0 105 7854
0 105 7153
0 2 2599
0 25 149
0 79 510
0 105 3749
0 12 54
0 43 2359
0 105 6895
0 105 8044
0 105 6671
0 1 1985
0 16 1583
0 105 5112
0 10 132
0 16 1311
0 6 1110
0 105 6736
0 23 1613
0 105 4497
0 6 1362
0 10 2051
0 105 4602
0 43 760
0 105 6148
0 14 270
0 0 1149
0 18 972
0 105 7521
0 82 201
0 13 2030
0 13 307
0 14 2544
0 0 2580
0 105 5317
0 10 286
0 13 311
0 2 1924
0 10 584
0 10 24
0 43 1256
0 105 8131
0 1 1318
0 4 2864
0 13 450
0 2 1495
0 6 175
0 105 6945
0 63 457
0 105 4174
0 105 5903
0 105 7560
0 105 5548
0 4 270
0 105 6144
0 10 166
0 105 3835
0 1 3043
0 43 250
0 105 3530
0 105 6325
0 1 3094
0 105 6547
0 105 3625
0 105 3629
0 105 5390
0 17 594
0 17 598
0 105 6027
0 85 1388
0 85 758
0 0 2270
0 10 659
0 3 1931
0 2 1909
0 105 5661
0 43 696
0 0 1709
0 105 4327
0 4 125
0 6 827
0 10 124
0 1 3104
0 14 1754
0 1 6
0 105 4338
0 14 101
0 1 100
0 17 477
0 4 1706
0 79 1093
0 105 4860
0 79 1081
0 1 3030
0 105 4427
0 105 4935
0 105 6707
0 105 5752
0 13 161
0 43 1082
0 3 310
0 10 146
0 105 3893
0 12 1725
0 105 5641
0 14 109
0 105 4103
0 14 665
0 105 5186
0 2 2802
0 105 4303
0 17 1752
0 4 1483
0 17 2625
0 105 4352
0 14 723
0 105 6160
0 79 1972
0 105 4744
0 43 1101
0 43 2847
0 105 6182
0 4 2352
0 4 313
0 105 7953
0 105 7336
0 105 5444
0 63 396
0 3 3228
0 105 7366
0 18 1403
0 105 4191
0 18 1013
0 2 166
0 1 1923
0 105 3958
0 105 4684
0 105 6920
0 105 4244
0 25 415
0 2 800
0 16 1629
0 105 5394
0 105 5134
0 105 7195
0 43 1909
0 105 7388
0 105 7248
0 105 3960
0 105 4908
0 79 806
0 6 1246
0 10 2624
0 14 656
0 3 180
0 18 109
0 105 4155
0 1 3163
0 105 955
0 105 5352
0 1 3092
0 43 483
0 105 4482
0 105 6033
0 3 3173
0 105 4515
0 105 6568
0 105 121
0 13 1519
0 23 1105
0 2 2119
0 1 421
0 105 4353
0 2 198
0 105 3943
0 3 7278
0 105 7106
0 63 290
0 43 130
0 14 964
0 4 1410
0 105 7055
0 23 1017
0 79 563
0 79 2510
0 105 4528
0 105 7045
0 105 4819
0 8 2248
0 16 2016
0 105 6363
0 105 7469
0 105 5023
0 43 97
0 105 5725
0 105 1398
0 105 4852
0 105 5673
0 82 2332
0 2 817
0 6 144
0 105 4911
0 4075 105
0 105 3621
0 14 1619
0 105 5770
0 105 5536
0 18 600
0 2 565
0 17 1464
0 105 7231
0 10 474
0 79 1656
0 105 4516
0 3 669
0 1 614
0 17 1894
0 10 863
0 105 3422
0 105 4513
0 79 729
0 10 1409
0 18 654
0 105 7776
0 18 513
0 105 4811
0 25 657
0 79 101
0 23 1511
0 105 5187
0 105 5210
0 105 5695
0 105 7747
0 105 7492
0 105 7754
0 17 283
0 12 343
0 63 552
0 105 4358
0 43 2627
0 105 4907
0 16 514
0 12 111
0 2 590
0 105 5944
0 17 219
0 10 607
0 14 506
0 10 1419
0 105 1321
0 105 5161
0 6 1184
0 3 2914
0 16 729
0 14 1090
0 10 211
0 105 4141
0 17 814
0 105 6048
0 105 7456
0 728 13
0 18 269
0 0 1156
0 105 3704
0 105 8017
0 2 41
0 1 1876
0 105 5804
0 25 467
0 105 3874
0 13 1188
0 105 3879
0 82 736
0 105 4856
0 6 415
0 16 1721
0 105 3770
0 105 4884
0 105 5153
0 43 115
0 14 1606
0 6 197
0 105 5262
0 105 596
0 105 735
0 63 80
0 105 5145
0 105 5560
0 14 2918
0 105 8069
0 105 5221
0 105 4878
0 105 7576
0 2 1457
0 4 50
0 79 2078
0 85 987
0 14 567
0 1 1249
0 6584 105
0 2738 0
0 14 1135
0 6 1595
0 105 7945
0 6 1067
0 105 7910
0 3 7277
0 105 3719
0 105 4774
0 105 6311
0 3 140
0 105 3700
0 6 1998
0 105 6060
0 43 2383
0 105 7930
0 105 3997
0 105 3376
0 0 1645
0 4 2339
0 43 2440
0 16 350
0 10 542
0 6 607
0 105 8181
0 10 1036
0 105 6436
0 6 1039
0 69 0
0 79 1180
0 105 7539
0 105 7160
0 2 434
0 105 5693
0 4 2502
0 14 972
0 18 151
0 105 7757
0 14 644
0 2 693
0 14 77
0 17 1175
0 105 6718
0 105 3831
0 105 3295
0 12 193
0 25 234
0 17 116
0 18 2128
0 85 914
0 2 685
0 6 1313
0 105 3545
0 14 1926
0 8 134
0 105 2857
0 17 147
0 3 2053
0 85 527
0 23 133
0 105 5697
0 18 1491
0 105 6863
0 105 4408
0 1 3049
0 105 4975
0 18 1981
0 10 1063
0 105 6596
0 82 501
0 43 208
0 105 4514
0 105 4179
0 79 116
0 105 8056
0 2 1564
0 1 3052
0 105 5071
0 2 2904
0 2 2865
0 105 3456
0 10 2026
0 25 2330
0 4 7709
0 18 565
0 14 197
0 3 562
0 0 2507
0 2 576
0 0 385
0 105 4686
0 82 1222
0 23 54
0 14 1807
0 0 464
0 105 5370
0 105 5245
0 105 8052
0 105 8149
0 3 1124
0 23 1839
0 14 1502
0 105 5198
0 105 5680
0 43 162
0 18 2059
0 18 1124
0 105 108
0 105 8175
0 17 733
0 105 7829
0 105 4421
0 105 6054
0 105 8135
0 2 553
0 17 287
0 25 2336
0 6 400
0 79 731
0 105 3531
0 105 6053
0 25 558
0 105 5931
0 79 1321
0 105 6501
0 3636 105
0 105 5699
0 2 1307
0 63 412
0 10 497
0 105 5853
0 105 4585
0 43 1731
0 4 450
0 105 5110
0 6 1301
0 4 19
0 105 5861
0 105 8170
0 4 213
0 23 1962
0 105 5377
0 105 7375
0 105 7955
0 1 3017
0 85 60
0 79 75
0 79 1631
0 105 5636
0 14 410
0 1 2935
0 105 6724
0 1 533
0 105 4737
0 105 4739
0 105 7485
0 105 7296
0 105 7495
0 105 4771
0 2 419
0 12 1492
0 12 1219
0 105 4177
0 105 7190
0 105 5544
0 1 37
0 105 3784
0 105 6043
0 105 5177
0 17 335
0 105 5970
0 14 396
0 3 166
0 105 4233
0 85 629
0 43 54
0 105 5433
0 79 1322
0 105 3479
0 25 108
0 105 4344
0 25 89
0 82 1517
0 10 1437
0 105 5263
0 105 3812
0 10 481
0 5707 105
0 43 551
0 79 631
0 18 1529
0 105 7880
0 105 5246
0 2 2908
0 6 2121
0 12 125
0 105 8068
0 105 5667
0 3324 105
0 3 273
0 1 1287
0 6 207
0 4 412
0 13 323
0 23 1249
0 0 2496
0 1 2083
0 105 4953
0 105 4869
0 3 1761
0 105 3693
0 10 305
0 10 703
0 105 7357
0 12 1655
0 105 7760
0 23 1879
0 105 110
0 79 437
0 1 1893
0 8 512
0 105 7581
0 23 71
0 105 4830
0 10 426
0 0 1675
0 105 5971
0 16 878
0 0 1163
0 18 274
0 105 4386
0 3 540
0 10 1046
0 105 3801
0 8 1574
0 43 1744
0 105 8119
0 105 3300
0 18 1715
0 2 2674
0 8 2099
0 105 6676
0 105 7238
0 4 188
0 105 6800
0 105 6175
0 23 558
0 105 7398
0 10 56
0 105 805
0 10 537
0 8 1682
0 105 5248
0 2 798
0 105 6665
0 105 4623
0 105 6721
0 105 7476
0 105 4636
0 105 4752
0 8 9
0 17 1386
0 17 263
0 25 2119
0 2 1132
0 1 3105
0 105 6965
0 105 4597
0 105 6972
0 10 2643
0 85 112
0 105 4881
0 2 316
0 6 1113
0 12 546
0 18 140
0 43 2844
0 43 711
0 105 6338
0 105 6096
0 105 7849
0 6 1307
0 25 32
0 105 6245
0 105 5344
0 13 153
0 105 4695
0 105 4715
0 105 4042
0 1 1975
0 17 2150
0 4 1589
0 3 213
0 85 861
0 13 3191
0 3 3710
0 105 5555
0 105 2661
0 85 1077
0 23 942
0 2 2576
0 63 1075
0 6 837
0 105 7800
0 4 1402
0 3 96
0 0 523
0 43 1168
0 0 2495
0 4 267
0 63 709
0 13 140
0 79 1382
0 25 262
0 8 121
0 105 5550
0 105 4409
0 25 540
0 105 6809
0 12 338
0 79 1274
0 105 4285
0 0 1557
0 105 5807
0 14 898
0 16 566
0 105 4943
0 18 453
0 63 755
0 17 303
0 2 1310
0 43 2823
0 25 2400
0 0 2834
0 12 0
0 105 7961
0 6421 105
0 105 7244
0 105 7060
0 105 2530
0 17 146
0 18 1262
0 17 7717
0 105 4315
0 4 171
0 79 163
0 105 5382
0 2 1497
0 105 6874
0 105 4868
0 105 6005
0 105 3415
0 105 5454
0 105 4816
0 105 5790
0 105 5038
0 105 5630
0 79 591
0 105 6250
0 105 7466
0 1 1741
0 10 666
0 105 6700
0 23 905
0 82 1564
0 2 2779
0 105 4002
0 105 6836
0 14 1791
0 43 509
0 6 828
0 1 1308
0 105 2882
0 17 1218
0 105 3453
0 105 6842
0 105 5036
0 63 406
0 4 2804
0 105 5696
0 105 3343
0 105 5489
0 2 1935
0 2 172
0 85 114
0 43 801
0 43 1625
0 43 1423
0 17 3287
0 2 659
0 105 8153
0 17 593
0 10 259
0 85 3181
0 16 922
0 4 2125
0 18 2508
0 105 7394
0 105 7738
0 17 1229
0 16 338
0 105 7770
0 105 3924
0 0 1141
0 105 4382
0 105 5915
0 105 6212
0 43 37
0 105 3964
0 1 1316
0 1 2978
0 4 2825
0 6 145
0 0 2321
0 85 821
0 17 735
0 729 2023
0 105 5612
0 17 97
0 105 4398
0 2 526
0 79 180
0 25 19
0 1 3041
0 105 7165
0 105 3832
0 105 7669
0 105 8125
0 43 335
0 10 722
0 12 302
0 14 1467
0 79 1727
0 4 147
0 6 2015
0 2 2352
0 82 24
0 14 899
0 82 450
0 105 3643
0 105 4536
0 8 186
0 25 2874
0 105 4594
0 25 1532
0 105 6712
0 8 2236
0 18 469
0 1 3148
0 105 4356
0 105 5517
0 0 1906
0 6 466
0 2 785
0 105 4111
0 1 2928
0 105 4390
0 10 1738
0 2 606
0 82 2810
0 105 3582
0 2 1715
0 105 5683
0 17 659
0 6 574
0 4 2583
0 105 3852
0 105 6209
0 12 666
0 3 1341
0 6 2162
0 105 4810
0 43 2407
0 105 4821
0 14 240
0 2 140
0 105 6258
0 2 609
0 1 2939
0 105 4089
0 23 1332
0 105 353
0 63 710
0 105 7506
0 17 216
0 43 846
0 0 8148
0 23 1612
0 3 2458
0 4 318
0 105 7597
0 105 3650
0 79 274
0 14 1627
0 105 7946
0 23 820
0 105 5983
0 10 1944
0 105 7868
0 6 1286
0 105 8034
0 105 5222
0 14 794
0 105 7801
0 3 807
0 0 1823
0 1 3006
0 105 3746
0 105 7739
0 105 7166
0 105 5907
0 105 8066
0 105 8020
0 16 1366
0 105 4706
0 105 7135
0 25 124
0 18 186
0 105 6040
0 0 2164
0 3 99
0 105 5476
0 4 2416
0 4 32
0 1 2283
0 13 1340
0 17 1150
0 79 442
0 17 2194
0 17 2678
0 1 1330
0 14 214
0 105 400
0 6 566
0 105 3724
0 3 513
0 16 659
0 43 5945
0 17 1939
0 1 757
0 63 686
0 105 8061
0 105 4547
0 18 2241
0 14 65
0 105 6754
0 105 7611
0 13 621
0 105 4677
0 16 2174
0 105 6117
0 3 468
0 105 3496
0 1 3004
0 105 7684
0 105 3425
0 105 6808
0 3 3221
0 105 5778
0 43 1904
0 1 559
0 1 3073
0 105 3439
0 43 256
0 25 1379
0 105 7826
0 10 664
0 105 3901
0 105 7630
0 3 5
0 18 71
0 13 111
0 105 7355
0 10 129
0 43 353
0 1 1792
0 43 73
0 82 587
0 105 5549
0 12 264
0 23 410
0 85 153
0 105 5940
0 16 356
0 82 2146
0 105 4791
0 18 943
0 18 794
0 105 994
0 10 978
0 43 1757
0 3 2427
0 105 3460
0 105 4716
0 2 773
0 1 1881
0 4 3202
0 105 6680
0 105 4219
0 82 271
0 79 194
0 2 265
0 105 6767
0 82 34
0 105 7569
0 2 214
0 10 2056
0 2 375
0 18 505
0 43 1796
0 105 3925
0 105 7703
0 105 6415
0 105 3938
0 105 7781
0 85 10
0 105 6550
0 105 3373
0 105 3386
0 2 3229
0 105 6433
0 3 1561
0 25 409
0 2 1902
0 10 131
0 2 2600
0 85 334
0 6 1014
0 105 7944
0 79 922
0 2 500
0 0 3268
0 105 6476
0 105 7201
0 6 2461
0 2 2356
0 105 7322
0 16 1382
0 105 7204
0 105 7988
0 105 6185
0 14 844
0 105 4309
0 105 5675
0 105 7527
0 105 8146
0 43 249
0 105 3576
0 17 363
0 13 955
0 105 3606
0 105 4795
0 105 7690
0 105 8048
0 105 3639
0 2 715
0 16 1920
0 43 1333
0 105 4927
0 4 1715
0 105 4836
0 105 7778
0 2 409
0 2 2423
0 85 428
0 17 2902
0 105 3881
0 105 3977
0 105 6916
0 82 1280
0 105 7086
0 105 7411
0 17 1501
0 2 1414
0 105 7561
0 105 6003
0 2 1471
0 105 4867
0 105 7437
0 17 900
0 105 5950
0 105 4210
0 105 6996
0 105 8065
0 105 6239
0 8 1751
0 79 2457
0 85 865
0 105 5287
0 8 2093
0 105 3934
0 18 1574
0 105 4549
0 105 3978
0 105 3452
0 105 6292
0 105 6354
0 63 1379
0 0 2293
0 105 7933
0 105 7446
0 85 306
0 85 160
0 10 2609
0 14 755
0 105 6477
0 85 161
0 105 3789
0 105 4926
0 105 3616
0 10 1093
0 105 4426
0 105 6446
0 105 4060
0 105 5614
0 105 5906
0 105 7714
0 63 1216
0 4 191
0 105 6991
0 105 4372
0 105 4036
0 105 3817
0 17 436
0 3 224
0 13 557
0 13 350
0 105 7184
0 6 1047
0 105 3928
0 105 3681
0 6 60
0 6 1598
0 0 1173
0 105 3830
0 6 904
0 2 2800
0 105 6069
0 105 8019
0 105 6171
0 85 218
0 82 598
0 79 2146
0 85 193
0 18 1843
0 43 2883
0 105 7572
0 2 933
0 6 1530
0 4 155
0 105 5243
0 85 1751
0 10 2811
0 17 540
0 13 61
0 105 6055
0 2 7318
0 17 226
0 105 7550
0 14 2121
0 2 230
0 79 927
0 3 1997
0 105 3404
0 105 5108
0 1 3158
0 105 6762
0 105 6785
0 10 590
0 105 5662
0 105 4722
0 82 468
0 105 5389
0 0 742
0 3 408
0 105 5857
0 105 4736
0 2 1016
0 2 932
0 105 5380
0 105 8073
0 13 329
0 105 6179
0 14 1712
0 1 1765
0 105 3524
0 43 1565
0 105 6479
0 1 259
0 105 3298
0 105 3412
0 2 1735
0 1 79
0 105 4863
0 105 3738
0 63 24
0 105 4760
0 79 665
0 4159 105
0 17 64
0 105 4731
0 10 600
0 4 73
0 4 352
0 10 711
0 105 5537
0 3 149
0 17 474
0 105 4559
0 105 4600
0 18 1011
0 105 3858
0 3712 105
0 25 233
0 13 549
0 105 7840
0 105 4967
0 105 3795
0 3 536
0 105 5721
0 85 2449
0 105 112
0 4 7277
0 105 7971
0 105 6650
0 79 1874
0 105 3419
0 105 5626
0 17 930
0 1 3162
0 18 239
0 23 374
0 105 4357
0 1 657
0 10 2376
0 105 4449
0 8 1169
0 105 7012
0 105 6275
0 105 8211
0 3 382
0 105 8212
0 6 1812
0 105 7548
0 105 6749
0 105 4660
0 3 569
0 105 4048
0 10 2379
0 105 4618
0 10 835
0 105 7976
0 2 2670
0 105 425
0 85 504
0 105 6450
0 4 550
0 63 65
0 105 7022
0 105 7264
0 105 3372
0 4 54
0 17 233
0 25 2113
0 0 1978
0 79 1472
0 0 2287
0 13 2720
0 79 823
0 4 2793
0 1 1344
0 105 4624
0 105 1074
0 105 4084
0 0 2300
0 105 8018
0 8 908
0 10 644
0 105 6614
0 105 5192
0 2 505
0 105 4970
0 8202 105
0 43 474
0 3 1219
0 82 197
0 79 993
0 43 1550
0 105 5272
0 4 90
0 6 1269
0 17 2665
0 23 17
0 1 2758
0 18 116
0 43 2636
0 1 3025
0 105 5142
0 85 314
0 105 3475
0 105 7306
0 3 830
0 43 2381
0 105 3550
0 14 2486
0 3 214
0 1 625
0 105 5961
0 18 963
0 25 345
0 14 1973
0 3 24
0 3 271
0 105 5650
0 105 6925
0 17 762
0 105 7804
0 105 7172
0 82 1180
0 25 1367
0 6 1300
0 105 7220
0 17 1893
0 17 1335
0 25 56
0 3 1220
0 3 1279
0 85 683
0 25 67
0 43 153
0 3 151
0 105 5102
0 105 7725
0 105 4854
0 8 1974
0 82 409
0 105 4051
0 105 5999
0 105 7640
0 105 4498
0 13 584
0 105 3894
0 105 4654
0 18 2222
0 14 94
0 105 6772
0 105 4979
0 105 3886
0 105 3947
0 17 121
0 105 7853
0 25 305
0 18 97
0 105 5330
0 105 4152
0 105 826
0 1 3161
0 105 6019
0 17 1552
0 105 6157
0 105 3399
0 3 1385
0 105 6683
0 6 2141
0 105 4773
0 43 48
0 3 2374
0 2 398
0 105 5646
0 17 709
0 105 1641
0 105 7931
0 18 667
0 10 822
0 1 3085
0 105 5173
0 105 5563
0 4 1667
0 17 1497
0 43 298
0 2 2836
0 105 6571
0 2 2390
0 4 1888
0 14 1321
0 0 2170
0 105 7599
0 105 687
0 105 7071
0 105 3390
0 4 540
0 14 1790
0 105 6224
0 8 1447
0 6 1772
0 105 291
0 6 1995
0 105 3684
0 105 6089
0 105 5339
0 85 788
0 6 1032
0 105 8063
0 105 5461
0 43 2625
0 105 3765
0 2 1438
0 105 4283
0 105 4874
0 105 4113
0 105 5632
0 43 148
0 63 1305
0 13 182
0 16 2202
0 63 1749
0 17 2457
0 10 224
0 105 3733
0 25 5897
0 105 1169
0 23 3165
0 79 1950
0 1 3125
0 63 1422
0 105 3668
0 63 2033
0 8 176
0 105 7533
0 105 6216
0 2 104
0 85 709
0 82 1498
0 43 916
0 2 696
0 85 20
0 105 6851
0 105 7173
0 14 1351
0 79 991
0 63 1183
0 105 4679
0 105 6921
0 105 3697
0 105 505
0 105 3417
0 3 188
0 105 4204
0 105 5257
0 0 3272
0 105 196
0 105 5741
0 105 4339
0 0 2309
0 105 5487
0 105 5062
0 13 370
0 85 335
0 25 2605
0 18 595
0 14 2045
0 1 3064
0 6 871
0 105 3367
0 4 52
0 82 1210
0 105 7083
0 18 1497
0 6 1048
0 79 41
0 105 3494
0 105 7761
0 105 3895
0 105 4397
0 85 768
0 105 4269
0 63 510
0 1 3059
0 105 4894
0 1 3087
0 105 6894
0 105 7105
0 2 631
0 23 1025
0 105 1431
0 63 2865
0 105 1150
0 7344 105
0 8 1549
0 6 1355
0 105 5395
0 10 3184
0 14 1169
0 1 669
0 4 353
0 0 1267
0 105 5969
0 2 244
0 79 37
0 43 232
0 2 164
0 7811 105
0 79 2504
0 18 312
0 85 394
0 6 356
0 17 1563
0 105 6116
0 6 147
0 2 124
0 105 6599
0 6 1017
0 23 201
0 105 7003
0 43 219
0 10 80
0 82 2651
0 17 309
0 17 3190
0 13 444
0 6 1579
0 105 6682
0 105 6204
0 4 99
0 10 802
0 4 586
0 105 8185
0 105 4438
0 1 2966
0 105 5968
0 105 5611
0 105 5746
0 82 2629
0 105 4893
0 105 4888
0 63 567
0 105 7289
0 3325 105
0 16 911
0 12 112
0 105 8089
0 4 153
0 18 430
0 18 64
0 105 6283
0 2 2668
0 105 7822
0 3 1662
0 2742 0
0 4 96
0 1 1435
0 105 7744
0 43 559
0 105 5126
0 18 1967
0 0 471
0 105 7557
0 25 2386
0 105 5067
0 105 4571
0 82 729
0 13 343
0 2 2127
0 105 3440
0 13 1333
0 17 133
0 0 1154
0 105 7333
0 23 436
0 105 4599
0 105 5526
0 12 335
0 105 4662
0 105 3843
0 6 1453
0 4520 105
0 105 5869
0 105 211
0 79 505
0 105 4553
0 105 5345
0 105 6861
0 6 283
0 25 2767
0 6 308
0 105 3849
0 43 75
0 6 301
0 18 889
0 13 2179
0 105 7132
0 105 5238
0 105 546
0 4 343
0 105 4574
0 13 64
0 79 253
0 105 4489
0 25 1180
0 13 2049
0 105 7982
0 79 2135
0 16 52
0 43 2026
0 105 922
0 105 4430
0 4 33
0 85 214
0 105 5340
0 105 7487
0 1 1647
0 105 7491
0 105 5775
0 10 2147
0 105 5301
0 105 6379
0 1 1329
0 105 5738
0 105 4588
0 79 808
0 10 407
0 105 5808
0 105 5414
0 105 4797
0 105 6541
0 105 7832
0 13 721
0 10 2424
0 105 3781
0 105 7768
0 105 5910
0 8 2331
0 105 7742
0 0 1636
0 10 373
0 12 3165
0 105 8210
0 105 567
0 1 3033
0 1 2942
0 105 6315
0 2 694
0 105 6383
0 17 112
0 85 463
0 105 6434
0 6 113
0 105 4632
0 105 6490
0 2 726
0 0 740
0 6213 105
0 105 5066
0 105 6342
0 4 710
0 105 6956
0 85 1912
0 105 4735
0 105 4110
0 105 658
0 82 0
0 1 1361
0 105 6418
0 105 6929
0 105 4273
0 105 5874
0 105 7859
0 105 6174
0 105 3308
0 17 328
0 105 8199
0 1 2020
0 105 3690
0 79 2564
0 2 349
0 1 2990
0 1 3023
0 105 6608
0 16 999
0 105 4243
0 105 8165
0 105 7636
0 2 191
0 105 6684
0 63 3251
0 17 2647
0 2 2428
0 4 5322
0 43 1720
0 105 3627
0 17 181
0 105 3504
0 105 5570
0 4 2084
0 4 815
0 43 320
0 25 2212
0 105 7032
0 105 6834
0 14 92
0 10 1175
0 25 700
0 105 7319
0 10 2899
0 6 180
0 2 7683
0 85 115
0 63 723
0 105 8006
0 6 1293
0 14 450
0 13 908
0 6 67
0 85 767
0 23 644
0 105 5157
0 105 4318
0 0 1155
0 0 1161
0 25 2604
0 17 104
0 43 129
0 6 270
0 105 3825
0 1 327
0 63 735
0 17 2673
0 105 7002
0 3 3259
0 1 808
0 105 7197
0 105 3915
0 63 1413
0 1 1386
0 105 3841
0 105 6202
0 105 3906
0 105 4412
0 25 3226
0 3 88
0 85 586
0 10 117
0 2 497
0 105 5090
0 8 2092
0 2 886
0 43 1993
0 105 5342
0 79 2147
0 6 90
0 1 1588
0 3 108
0 3 1724
0 105 7516
0 8 788
0 105 4153
0 17 2579
0 105 4322
0 79 2001
0 0 295
0 14 1082
0 43 1779
0 1 35
0 105 5875
0 6 101
0 17 196
0 2 151
0 105 6094
0 105 7018
0 0 137
0 16 1405
0 79 937
0 105 7697
0 4 206
0 105 5578
0 10 442
0 105 8038
0 105 7046
0 10 726
0 2 1187
0 17 197
0 105 7559
0 105 4257
0 3 533
0 3197 4
0 105 4518
0 1 1603
0 105 4118
0 16 155
0 105 3909
0 2 672
0 10 1321
0 105 3721
0 105 5669
0 105 8025
0 16 701
0 105 6839
0 8 567
0 105 8102
0 1 2954
0 105 7242
0 43 2561
0 3 1790
0 1 2948
0 10 1379
0 105 5569
0 105 6235
0 105 7099
0 105 4902
0 25 1418
0 43 2077
0 105 5876
0 12 909
0 105 8037
0 43 2028
0 17 350
0 17 36
0 105 7332
0 17 2641
0 12 1922
0 23 1024
0 105 7119
0 3265 3
0 105 7310
0 2 592
0 10 5350
0 3 199
0 79 1970
0 3314 105
0 3 2396
0 105 7275
0 43 482
0 105 4809
0 105 4808
0 6 901
0 105 7440
0 10 1601
0 4 459
0 105 4224
0 79 108
0 1 3101
0 105 8059
0 105 5286
0 105 6496
0 105 8139
0 105 6957
0 6 1654
0 105 3382
0 105 3392
0 105 6396
0 4 1315
0 43 1014
0 2 268
0 16 264
0 105 4070
0 10 120
0 25 2266
0 105 4464
0 17 1396
0 105 5294
0 105 4842
0 105 7363
0 6 153
0 2 1421
0 105 6046
0 2 286
0 105 5982
0 6 1599
0 85 80
0 17 1224
0 43 100
0 105 1947
0 105 6726
0 105 4657
0 105 7897
0 105 6429
0 17 153
0 43 1703
0 82 644
0 43 72
0 105 6990
0 14 2479
0 105 7227
0 17 437
0 63 1754
0 1 497
0 1 412
0 105 7808
0 105 6187
0 105 7038
0 105 6491
0 105 4306
0 79 1356
0 105 4775
0 105 5774
0 105 856
0 4 2589
0 17 1715
0 105 3975
0 105 4834
0 23 1115
0 0 2255
0 105 7889
0 105 8088
0 105 5329
0 2 2415
0 6 882
0 79 1150
0 105 6609
0 85 2900
0 105 7556
0 85 248
0 2 474
0 105 7236
0 105 6792
0 105 6238
0 105 5698
0 4 83
0 18 1207
0 6 1303
0 105 4873
0 105 4889
0 105 6411
0 105 6540
0 79 2148
0 2 2839
0 105 6199
0 105 3528
0 105 6820
0 4 255
0 1 1367
0 18 1280
0 105 4814
0 17 1839
0 105 6760
0 4 261
0 105 3497
0 105 3820
0 43 157
0 105 5691
0 2 100
0 18 373
0 1 1946
0 105 4479
0 105 4195
0 105 6410
0 4 383
0 6 973
0 1 3146
0 4 2586
0 105 5714
0 12 1717
0 105 8083
0 105 8060
0 79 156
0 2 2781
0 43 1765
0 105 7335
0 105 8152
0 3 889
0 105 5829
0 105 7544
0 105 7249
0 105 6706
0 17 3289
0 6 2008
0 105 6661
0 23 983
0 0 1637
0 2 1552
0 43 159
0 2737 0
0 105 4685
0 105 6062
0 2 1210
0 105 7428
0 105 3995
0 6 794
0 13 474
0 63 1134
0 4 928
0 105 7078
0 5554 105
0 16 1079
0 105 5767
0 105 3409
0 105 4555
0 105 5029
0 1 3014
0 105 4451
0 105 2128
0 1 1383
0 105 7330
0 43 911
0 105 6803
0 105 5985
0 105 7509
0 25 107
0 105 5520
0 1 2947
0 85 34
0 6367 105
0 10 2841
0 17 410
0 43 3260
0 14 288
0 105 3853
0 105 7677
0 14 801
0 4 734
0 0 1153
0 4 2775
0 105 8062
0 1 91
0 105 7014
0 6 1581
0 105 3903
0 10 2397
0 23 353
0 18 920
0 105 6399
0 63 675
0 43 71
0 105 8127
0 10 265
0 79 1168
0 17 2282
0 105 4569
0 105 6084
0 10 1892
0 105 4139
0 105 6598
0 2733 0
0 4 3282
0 85 497
0 17 3217
0 105 6583
0 12 1601
0 4 21
0 105 6531
0 105 5956
0 17 600
0 105 6333
0 2 1492
0 1 644
0 85 158
0 105 8132
0 0 3266
0 13 681
0 8 88
0 105 5375
0 105 5918
0 105 8206
0 105 5028
0 6 614
0 2 1198
0 1 802
0 3 848
0 3 2421
0 18 956
0 105 6955
0 105 3739
0 43 109
0 105 6877
0 3 1851
0 2 2660
0 6 96
0 105 4861
0 2 720
0 0 4123
0 1 3159
0 79 1126
0 79 2466
0 105 7582
0 18 160
0 105 2753
0 105 5060
0 8 1400
0 16 60
0 105 5341
0 0 333
0 105 5702
0 6 2814
0 63 1672
0 105 3632
0 105 4088
0 105 7146
0 1 481
0 105 4825
0 10 860
0 0 1905
0 0 242
0 105 3423
0 79 1730
0 6 1220
0 105 3622
0 82 660
0 105 8054
0 43 2769
0 105 2624
0 105 7214
0 8 877
0 2 1577
0 1 3112
0 8 430
0 105 7122
0 0 2271
0 2 2685
0 105 7471
0 4 3186
0 105 7580
0 18 337
0 79 2548
0 23 976
0 1 1559
0 1 2980
0 105 4499
0 18 99
0 63 484
0 2 1069
0 105 4387
0 43 673
0 2 1417
0 105 3782
0 17 902
0 105 4949
0 12 1198
0 79 54
0 1 3028
0 4 427
0 1 1385
0 13 928
0 2 1708
0 105 7603
0 105 3600
0 79 607
0 63 224
0 5356 0
0 105 4068
0 105 4556
0 17 1101
0 1 3032
0 25 1754
0 105 6910
0 105 7820
0 25 805
0 63 214
0 6 408
0 105 5942
0 105 7720
0 0 704
0 12 1718
0 18 1858
0 105 6494
0 105 7797
0 105 7479
0 10 1852
0 25 2905
0 4 2115
0 105 3833
0 105 686
0 105 5326
0 105 5364
0 105 5742
0 105 6083
0 10 354
0 18 390
0 3 311
0 10 1858
0 105 3361
0 105 3598
0 10 1333
0 2740 0
0 43 2813
0 2 2395
0 23 2763
0 105 5021
0 6 954
0 105 2002
0 6 1302
0 17 124
0 18 374
0 105 37
0 105 5589
0 25 2682
0 105 6077
0 43 773
0 105 7081
0 105 4845
0 105 7209
0 105 4772
0 105 6660
0 105 4290
0 105 4424
0 8158 105
0 105 3732
0 1 1481
0 105 5336
0 105 4022
0 105 6524
0 10 479
0 105 7057
0 105 3562
0 2 718
0 85 454
0 105 4713
0 43 625
0 85 670
0 105 3608
0 18 481
0 105 5712
0 8 37
0 14 2146
0 43 286
0 79 261
0 14 702
0 105 4237
0 105 5178
0 79 361
0 105 6865
0 105 4196
0 105 1874
0 105 5939
0 10 111
0 1 2988
0 105 6950
0 105 4813
0 105 4698
0 10 2907
0 2 608
0 8 559
0 105 6191
0 25 607
0 17 559
0 17 5
0 105 6261
0 3 934
0 105 3937
0 105 6441
0 63 1707
0 1 807
0 10 349
0 105 5926
0 105 7835
0 105 3612
0 105 5250
0 2 996
0 2 2417
0 105 5633
0 79 565
0 17 9
0 105 3555
0 63 408
0 3 3200
0 8 644
0 105 8162
0 1 1930
0 105 7958
0 105 6269
0 16 336
0 23 1611
0 105 5665
0 105 3457
0 105 6899
0 43 209
0 6 430
0 105 6690
0 105 4197
0 10 538
0 105 6717
0 105 6478
0 63 815
0 105 4905
0 105 6080
0 43 194
0 105 5754
0 105 7410
0 105 3708
0 43 1281
0 6 2584
0 17 2048
0 1 109
0 12 586
0 1 3152
0 105 7815
0 105 7113
0 63 622
0 4 466
0 18 2546
0 0 1392
0 2 6
0 18 37
0 105 6225
0 10 1552
0 43 2798
0 105 7019
0 85 453
0 105 4015
0 17 3216
0 2 227
0 2 511
0 105 5085
0 105 3954
0 105 5930
0 105 5114
0 105 7425
0 14 42
0 6 1583
0 105 6104
0 105 7806
0 16 1885
0 17 2181
0 10 2280
0 14 2703
0 13 2723
0 105 5966
0 105 4753
0 105 3490
0 17 2679
0 1 1694
0 105 8015
0 5604 105
0 82 2865
0 17 843
0 105 5181
0 105 7211
0 43 2116
0 79 621
0 105 6440
0 23 57
0 105 7137
0 79 196
0 105 4468
0 1 110
0 2 1120
0 79 1865
0 105 6630
0 105 4524
0 105 3593
0 4 2143
0 8 479
0 2 645
0 105 5734
0 0 2263
0 25 70
0 3 1878
0 105 4126
0 63 734
0 10 1420
0 105 5963
0 105 5425
0 17 1219
0 17 160
0 105 6786
0 105 7680
0 6 1491
0 10 498
0 105 8010
0 105 3756
0 0 178
0 6 505
0 0 741
0 105 7291
0 6 558
0 10 757
0 105 5810
0 63 488
0 105 5420
0 6 1529
0 105 4280
0 105 1896
0 8 645
0 2 1436
0 6 194
0 4 1188
0 3 210
0 2 1920
0 10 263
0 10 961
0 25 598
0 105 5573
0 14 1624
0 43 369
0 105 6102
0 105 4544
0 105 7698
0 2 856
0 105 263
0 10 536
0 105 5422
0 105 6101
0 3 133
0 63 196
0 43 2031
0 105 4799
0 43 1442
0 12 22
0 13 479
0 43 1508
0 25 68
0 8 61
0 14 1379
0 85 109
0 2 206
0 23 2398
0 10 1038
0 2 2456
0 1 1948
0 105 5116
0 14 1282
0 3 7315
0 105 6949
0 1 3066
0 105 7290
0 105 5991
0 1 1953
0 105 3396
0 105 6589
0 82 1504
0 10 502
0 1 3021
0 105 6366
0 3766 105
0 0 2251
0 43 1713
0 17 2640
0 1 823
0 105 6520
0 105 350
0 79 509
0 105 5916
0 43 371
0 105 5404
0 10 325
0 25 498
0 105 4876
0 43 1941
0 2 310
0 105 4010
0 105 5338
0 10 2694
0 105 6719
0 17 1222
0 6 634
0 1 2145
0 105 5213
0 85 2862
0 105 5376
0 105 8071
0 105 8133
0 12 287
0 6 865
0 105 6047
0 14 2463
0 105 6130
0 14 1607
0 43 213
0 105 1115
0 17 1283
0 105 7823
0 17 53
0 8 873
0 2 851
0 105 6805
0 13 659
0 2 108
0 105 6131
0 13 97
0 16 2142
0 105 7771
0 82 73
0 85 9
0 105 7439
0 105 6091
0 2 2228
0 105 5093
0 25 1511
0 105 24
0 85 429
0 105 4100
0 105 6882
0 17 2203
0 8 36
0 85 338
0 2 611
0 79 667
0 3 102
0 105 6298
0 16 1705
0 105 7871
0 105 4107
0 23 1799
0 43 2709
0 6 228
0 43 9
0 16 669
0 17 417
0 105 5354
0 43 2818
0 3 613
0 105 3654
0 16 388
0 105 7562
0 1 3079
0 18 468
0 25 2490
0 8042 105
0 105 7647
0 1 1255
0 105 5795
0 105 4565
0 82 77
0 105 4904
0 85 604
0 3 998
0 105 6728
0 105 5732
0 79 1193
0 105 7956
0 105 7508
0 105 5105
0 105 4977
0 105 3962
0 105 5768
0 105 4595
0 105 6092
0 10 3224
0 13 1220
0 105 4234
0 1 1133
0 1 3007
0 79 283
0 43 533
0 13 302
0 122 0
0 105 6200
0 105 4221
0 8 2347
0 82 847
0 12 987
0 105 5980
0 105 5005
0 79 130
0 1 709
0 79 1982
0 8 633
0 10 67
0 105 5995
0 14 1766
0 14 774
0 10 801
0 10 1074
0 105 3414
0 105 4590
0 105 5167
0 105 6560
0 17 774
0 105 7792
0 105 7116
0 18 94
0 12 1955
0 25 2518
0 18 442
0 105 3383
0 105 6105
0 1 90
0 105 4137
0 85 948
0 105 4598
0 3 2896
0 105 6049
0 105 5621
0 0 2891
0 8 1767
0 25 643
0 105 7962
0 105 8198
0 6 841
0 105 5771
0 105 3416
0 79 1254
0 14 111
0 1 2537
0 25 335
0 105 7790
0 0 2242
0 17 1780
0 105 7794
0 10 449
0 17 794
0 105 336
0 2 7717
0 105 7109
0 10 1395
0 3 2887
0 105 7708
0 16 2158
0 1 679
0 43 1447
0 105 5270
0 0 2498
0 1 3100
0 18 1010
0 2 2126
0 105 5417
0 1 5
0 82 552
0 105 5784
0 105 6635
0 105 7996
0 105 5596
0 0 809
0 25 37
0 105 7350
0 105 5582
0 2 804
0 105 3587
0 105 6567
0 105 6538
0 43 1066
0 105 3850
0 105 6155
0 25 307
0 0 2333
0 105 5473
0 105 5459
0 63 245
0 2 2760
0 4 3247
0 105 4700
0 14 307
0 10 75
0 2 435
0 13 223
0 105 6693
0 63 630
0 8 274
0 6 863
0 17 805
0 79 339
0 105 6998
0 25 1519
0 63 70
0 4 972
0 79 5
0 14 1529
0 14 1210
0 105 5378
0 105 6132
0 105 7302
0 10 1418
0 105 7168
0 2 2757
0 79 896
0 18 944
0 2 532
0 79 1252
0 105 7381
0 10 921
0 105 5276
0 105 3407
0 79 675
0 2 210
0 3 467
0 105 5493
0 18 2338
0 2 2872
0 105 7385
0 43 1048
0 105 3657
0 105 1379
0 18 938
0 105 4183
0 105 4349
0 25 1761
0 105 7331
0 8 307
0 23 1271
0 10 143
0 0 2581
0 25 1951
0 105 5797
0 105 5494
0 3 538
0 105 6186
0 17 642
0 105 3698
0 105 7734
0 85 909
0 79 533
0 18 2471
0 10 689
0 105 3599
0 105 6519
0 105 6052
0 105 4696
0 10 2143
0 105 4548
0 105 5041
0 10 2420
0 2 3199
0 0 1897
0 105 6114
0 43 2406
0 105 6594
0 105 3435
0 2 531
0 23 479
0 105 7780
0 25 120
0 105 5576
0 43 20
0 18 55
0 105 4644
0 105 7401
0 105 5890
0 43 2029
0 105 4304
0 43 571
0 105 5880
0 105 7524
0 105 1175
0 106 0
0 105 6302
0 105 4593
0 63 211
0 105 5241
0 4 1434
0 105 7418
0 8 944
0 25 160
0 4 100
0 6 53
0 105 5553
0 105 6119
0 79 1485
0 13 654
0 2 1994
0 105 4403
0 12 498
0 105 7649
0 105 5430
0 105 4511
0 79 2468
0 2 75
0 3 1425
0 25 852
0 105 7861
0 3 1218
0 6 702
0 4 644
0 4 1677
0 17 241
0 79 35
0 23 1062
0 10 394
0 43 1901
0 105 4392
0 105 4745
0 105 8167
0 13 1928
0 105 8186
0 17 156
0 16 436
0 16 848
0 14 336
0 105 6502
0 0 1642
0 105 5928
0 43 2117
0 6 363
0 3 1891
0 105 5271
0 105 7793
0 3919 105
0 105 5144
0 2 654
0 105 2124
0 2 2766
0 105 6409
0 2734 0
0 105 4625
0 14 883
0 16 1711
0 105 5268
0 105 6031
0 82 110
0 105 4999
0 2 657
0 43 1618
0 4 66
0 105 5921
0 10 416
0 25 2569
0 14 53
0 3 1479
0 43 569
0 105 3421
0 85 1175
0 1 3031
0 105 6977
0 10 1349
0 6 78
0 0 2205
0 105 4450
0 3 435
0 105 3936
0 105 3863
0 105 7513
0 17 948
0 105 5011
0 105 5830
0 105 6358
0 25 377
0 105 6556
0 25 2443
0 6 152
0 18 1625
0 105 4389
0 82 230
0 105 7846
0 4 1676
0 729 2024
0 2 267
0 105 4678
0 105 4764
0 105 4540
0 63 667
0 105 5242
0 105 4216
0 105 6115
0 2 2572
0 63 2827
0 105 6562
0 105 3956
0 18 280
0 105 3554
0 1 3013
0 3 1550
0 4 288
0 82 310
0 105 3649
0 105 4441
0 79 996
0 105 3379
0 63 535
0 105 4377
0 105 4351
0 43 1832
0 1 3077
0 3 174
0 25 1124
0 105 3455
0 14 1350
0 4 298
0 105 4228
0 43 2146
0 105 4180
0 105 6675
0 105 3312
0 13 413
0 17 2210
0 105 6783
0 16 861
0 1 2996
0 63 197
0 10 510
0 2 284
0 2 502
0 3 247
0 105 6015
0 2 1837
0 105 4850
0 10 593
0 105 3955
0 1 3144
0 25 9
0 105 6504
0 105 3972
0 1 3153
0 105 5761
0 105 5025
0 105 7777
0 105 8112
0 105 3864
0 105 3445
0 2 1573
0 105 3740
0 2 335
0 63 326
0 10 1581
0 43 1751
0 4 1848
0 105 5803
0 2 442
0 79 1089
0 2 1114
0 105 5973
0 105 6470
0 105 4127
0 105 5568
0 105 6768
0 17 3288
0 105 8171
0 105 6059
0 43 562
0 10 2726
0 105 5934
0 6 2027
0 0 1139
0 3 170
0 10 58
0 0 28
0 105 6437
0 4 9
0 105 5889
0 105 7935
0 13 583
0 25 474
0 1 141
0 25 1518
0 4 1886
0 14 1912
0 25 1816
0 105 6416
0 4081 105
0 105 4284
0 378 0
0 2515 79
0 43 278
0 2 1186
0 105 7755
0 10 1719
0 105 4246
0 105 7980
0 23 280
0 105 4866
0 1 111
0 14 2295
0 2 623
0 63 239
0 105 4710
0 105 4997
0 105 4370
0 105 7666
0 85 807
0 0 2322
0 85 130
0 105 8160
0 105 4365
0 105 6158
0 105 6445
0 14 2292
0 1 923
0 6 1177
0 105 4847
0 13 547
0 2 426
0 3265 105
0 25 921
0 1 2916
0 105 6513
0 25 2445
0 105 3551
0 105 6904
0 105 5831
0 105 7623
0 105 5124
0 105 4288
0 2 562
0 43 1742
0 10 2362
0 16 59
0 25 1912
0 105 6313
0 105 4692
0 85 1219
0 105 6243
0 12 75
0 4 37
0 105 7775
0 10 362
0 3 219
0 105 7191
0 105 7343
0 105 6211
0 105 7598
0 1 2007
0 105 6145
0 105 3987
0 1 3047
0 25 374
0 17 2368
0 105 5990
0 17 536
0 2 80
0 105 7074
0 16 913
0 6 5
0 105 7181
0 105 6028
0 105 5019
0 105 3767
0 105 4586
0 105 7050
0 6 112
0 2 3257
0 105 7993
0 18 2525
0 82 164
0 79 1348
0 105 7876
0 105 6218
0 6 1716
0 1 844
0 105 8188
0 105 5580
0 105 4481
0 23 985
0 105 3465
0 105 4748
0 18 1852
0 10 159
0 43 491
0 14 48
0 63 41
0 17 2363
0 105 4998
0 10 204
0 10 1367
0 105 8076
0 43 766
0 105 8090
0 17 2280
0 79 174
0 105 5127
0 25 3239
0 1 903
0 105 6299
0 105 5176
0 17 356
0 79 2125
0 17 2903
0 16 415
0 17 1278
0 105 608
0 10 620
0 18 6
0 1 3127
0 105 7005
0 105 7199
0 105 4341
0 16 1055
0 17 590
0 8 546
0 3 253
0 105 7077
0 16 305
0 25 66
0 1 3050
0 63 369
0 0 128
0 13 373
0 82 1017
0 105 4337
0 4 109
0 105 4828
0 105 7665
0 2 67
0 4 241
0 105 3859
0 82 311
0 17 662
0 3 160
0 105 4596
0 105 6725
0 105 7676
0 105 6570
0 13 2026
0 10 219
0 105 6791
0 105 7970
0 105 5284
0 16 2102
0 3 514
0 18 376
0 23 174
0 25 1651
0 17 2656
0 105 6958
0 0 2325
0 2 489
0 105 7919
0 23 1462
0 43 6223
0 13 2421
0 105 5825
0 16 317
0 2 133
0 1 2973
0 25 2234
0 105 3776
0 79 1956
0 105 4163
0 105 8137
0 105 4018
0 105 3890
0 105 5020
0 105 3961
0 105 4016
0 1 805
0 4 2244
0 105 625
0 105 8134
0 2 170
0 105 7206
0 105 7662
0 17 686
0 63 322
0 13 318
0 105 7120
0 105 6911
0 79 846
0 105 5996
0 105 5850
0 43 319
0 105 5618
0 105 7554
0 3921 105
0 13 108
0 1 2936
0 8 352
0 17 1526
0 10 723
0 1 2930
0 105 4992
0 17 152
0 2 701
0 3 2423
0 17 848
0 82 2208
0 2 972
0 105 5762
0 105 6377
0 105 7488
0 105 3676
0 105 7624
0 85 1049
0 3 143
0 43 57
0 13 425
0 3322 105
0 105 6740
0 2 37
0 105 4143
0 105 6430
0 105 7024
0 14 1129
0 105 7847
0 10 837
0 10 369
0 105 7237
0 63 66
0 1176 10
0 105 7266
0 105 6566
0 105 5485
0 2 1031
0 23 1103
0 4 5350
0 85 2901
0 3 64
0 105 6385
0 3331 105
0 105 5045
0 17 68
0 1 2953
0 105 4912
0 10 2433
0 23 274
0 1 2960
0 105 5492
0 10 5
0 105 6825
0 43 81
0 2 2421
0 0 2261
0 14 129
0 105 6774
0 105 6386
0 105 4428
0 63 286
0 105 7570
0 105 929
0 14 2420
0 10 1209
0 6 9
0 1 2976
0 0 2809
0 105 4076
0 105 3666
0 17 558
0 85 1169
0 14 37
0 6 723
0 43 824
0 0 1977
0 105 597
0 6 643
0 105 4580
0 105 6066
0 105 4261
0 17 2637
0 79 250
0 2 2451
0 79 1208
0 105 4682
0 3 1112
0 4 1772
0 82 2483
0 105 7914
0 43 0
0 105 7210
0 105 5069
0 105 5533
0 105 329
0 82 695
0 8 109
0 6 48
0 105 3454
0 18 2387
0 2 1670
0 105 715
0 10 2629
0 3 1819
0 105 7108
0 17 1279
0 105 5051
0 16 490
0 105 7455
0 6 377
0 105 6356
0 105 5217
0 105 6878
0 8 250
0 0 3209
0 105 5073
0 105 6730
0 10 695
0 105 5595
0 4 1226
0 4064 105
0 105 5878
0 17 213
0 79 1460
0 105 6374
0 105 3644
0 43 1652
0 2 373
0 105 3594
0 1 1074
0 8 437
0 82 64
0 2 2426
0 4 156
0 2 399
0 105 3695
0 2 125
0 1 3027
0 105 7212
0 14 478
0 4 498
0 6 1866
0 105 4112
0 10 2835
0 1 1119
0 105 8116
0 10 467
0 105 4496
0 105 7989
0 105 5439
0 12 194
0 23 995
0 105 5328
0 3 2535
0 105 7090
0 79 2532
0 10 421
0 105 7571
0 105 7536
0 85 1326
0 105 5379
0 2 612
0 43 735
0 3 294
0 105 7691
0 6 955
0 105 7799
0 82 349
0 105 6944
0 105 239
0 43 163
0 105 6523
0 105 7711
0 105 4333
0 79 2522
0 105 5226
0 6 1059
0 105 4803
0 105 4747
0 14 2421
0 105 4211
0 105 6512
0 105 3799
0 63 287
0 105 5077
0 105 4131
0 105 6177
0 2 196
0 105 4776
0 43 114
0 4 1053
0 2 1683
0 43 414
0 25 7305
0 105 4537
0 3 1125
0 105 6372
0 18 611
0 105 5032
0 43 362
0 63 1745
0 105 7072
0 85 93
0 6 1627
0 79 2073
0 85 244
0 43 365
0 1 3137
0 2 2840
0 105 5785
0 1 3123
0 105 5388
0 17 42
0 6 273
0 105 4761
0 82 1904
0 85 467
0 0 4793
0 85 1748
0 1 3040
0 3 505
0 105 6763
0 105 4178
0 1 2991
0 0 1158
0 105 3478
0 43 2622
0 105 5657
0 79 644
0 79 2476
0 43 354
0 3 801
0 105 5834
0 79 153
0 105 3434
0 105 4379
0 82 2177
0 17 1506
0 23 1199
0 105 4292
0 105 6375
0 105 6178
0 105 3631
0 63 148
0 6 897
0 105 3534
0 105 7715
0 3 1886
0 18 110
0 105 5318
0 105 7094
0 0 3270
0 105 8157
0 105 5309
0 85 57
0 105 7494
0 105 6378
0 4 390
0 105 7089
0 105 6610
0 10 2704
0 105 3442
0 105 5125
0 10 214
0 25 2621
0 105 9
0 1 3150
0 0 2327
0 105 3994
0 43 808
0 43 4023
0 105 7726
0 105 3564
0 105 7523
0 43 2617
0 1 2945
0 105 5208
0 105 7607
0 4057 105
0 82 633
0 105 5647
0 105 6532
0 105 4215
0 2 778
0 10 602
0 1 1315
0 13 1993
0 105 6678
0 1 147
0 2 2651
0 43 317
0 1 824
0 1 3051
0 105 4105
0 82 1931
0 105 5512
0 1 3072
0 18 201
0 2 3194
0 105 7451
0 105 6244
0 105 4704
0 14 1658
0 82 935
0 25 686
0 3979 105
0 85 237
0 105 5751
0 105 2494
0 8 2348
0 105 3845
0 79 197
0 1 434
0 5686 105
0 82 533
0 13 712
0 105 7243
0 105 7628
0 105 7843
0 105 5577
0 105 3727
0 6 1347
0 82 1220
0 17 625
0 105 6474
0 18 1472
0 23 1228
0 16 838
0 105 6038
0 1 2958
0 6 805
0 105 6735
0 105 3623
0 3 2420
0 105 6304
0 105 7101
0 1 124
0 105 6227
0 10 882
0 105 6226
0 105 5593
0 105 337
0 4056 105
0 6 2075
0 1 2694
0 6 124
0 3 109
0 105 8145
0 105 3793
0 0 2319
0 105 6640
0 105 3602
0 105 6798
0 43 695
0 105 4833
0 105 5171
0 16 47
0 1 735
0 105 6983
0 105 7964
0 105 5319
0 105 6931
0 25 97
0 105 6107
0 105 7578
0 79 1014
0 10 15
0 43 1129
0 25 2447
0 105 7230
0 18 263
0 105 6407
0 105 5275
0 79 2025
0 63 142
0 12 1187
0 16 26
0 105 4474
0 23 1407
0 105 6123
0 105 3669
0 2 390
0 105 5279
0 10 756
0 6 2017
0 1 1795
0 2 392
0 0 1167
0 1 445
0 105 3991
0 25 2394
0 8 2193
0 105 7096
0 105 52
0 18 1278
0 4 2109
0 105 7025
0 105 5952
0 105 4755
0 23 1323
0 105 3896
0 79 886
0 82 246
0 105 6812
0 105 7779
0 1 1012
0 4 1681
0 105 6420
0 18 2470
0 105 6564
0 4 133
0 4 7279
0 105 7901
0 2 2782
0 18 669
0 10 544
0 105 5839
0 3 880
0 14 2527
0 105 3603
0 85 175
0 23 453
0 105 4171
0 105 7159
0 0 3273
0 105 4034
0 25 2010
0 14 2478
0 79 1926
0 4864 105
0 105 4613
0 25 2393
0 105 954
0 79 48
0 10 307
0 105 1745
0 43 47
0 6482 105
0 6 1223
0 10 678
0 105 4690
0 25 197
0 14 337
0 105 6499
0 105 6572
0 105 7830
0 23 888
0 105 7765
0 43 2054
0 105 8040
0 105 5684
0 18 1900
0 43 263
0 4 848
0 105 4229
0 17 3285
0 12 908
0 105 2477
0 105 5361
0 85 603
0 3 36
0 4 1185
0 43 1682
0 6 1552
0 10 353
0 105 7573
0 6 856
0 105 3508
0 3609 105
0 23 1334
0 105 7345
0 8 47
0 3 37
0 79 1914
0 105 7267
0 105 6249
0 105 6723
0 18 723
0 79 814
0 2 2703
0 105 7689
0 85 2001
0 4 3285
0 85 1064
0 10 334
0 0 1142
0 85 696
0 25 460
0 63 334
0 82 314
0 105 7396
0 85 1150
0 14 610
0 105 4461
0 79 317
0 105 7834
0 6 840
0 17 458
0 43 2420
0 105 4914
0 105 3481
0 6 1720
0 105 5419
0 105 7763
0 6 613
0 10 827
0 105 6306
0 105 4820
0 105 4457
0 10 49
0 6 1909
0 18 497
0 1 980
0 105 4643
0 105 8115
0 105 5371
0 79 551
0 105 3778
0 2 2780
0 105 6776
0 105 6042
0 1 843
0 105 4726
0 10 1457
0 18 962
0 4 776
0 105 497
0 82 125
0 105 6413
0 105 4619
0 43 566
0 105 6370
0 105 3533
0 16 1057
0 82 1169
0 14 2702
0 2 436
0 6 2918
0 6 1591
0 105 3807
0 105 6909
0 8 311
0 10 1246
0 105 8154
0 6 2492
0 6 2128
0 12 1269
0 18 1074
0 17 2660
0 43 2000
0 0 651
0 105 7358
0 10 68
0 3 47
0 13 32
0 105 6943
0 16 856
0 105 4200
0 82 1858
0 105 7293
0 3 211
0 63 776
0 105 5078
0 105 4476
0 1 3037
0 17 2033
0 105 6915
0 25 1834
0 18 760
0 82 2167
0 105 7648
0 105 5055
0 105 6339
0 2 2146
0 79 1097
0 3 248
0 13 420
0 13 2027
0 63 591
0 82 2163
0 3 150
0 105 4805
0 85 347
0 105 6886
0 79 15
0 2 3262
0 105 5407
0 105 3788
0 18 1096
0 105 4901
0 4 621
0 6 1192
0 105 6704
0 79 1371
0 25 1545
0 105 5373
0 4 2569
0 105 5705
0 16 450
0 85 440
0 105 4702
0 63 350
0 85 921
0 105 3558
0 105 6471
0 105 5431
0 105 5677
0 4 394
0 2 7284
0 105 3945
0 4 2683
0 105 4606
0 105 4161
0 79 1689
0 0 2519
0 8 2244
0 105 4750
0 4 2453
0 105 6024
0 10 2790
0 105 6753
0 18 1129
0 105 7796
0 105 5561
0 18 948
0 1 2594
0 105 4727
0 2 810
0 105 5128
0 105 7035
0 105 5179
0 105 5129
0 8 2247
0 14 354
0 3 531
0 105 4039
0 79 65
0 85 131
0 8 286
0 105 5658
0 10 410
0 105 7756
0 105 4831
0 8 263
0 105 5230
0 105 8004
0 43 212
0 3 314
0 2 1760
0 23 349
0 105 4145
0 1 3139
0 105 6771
0 105 7263
0 85 113
0 105 3761
0 16 536
0 105 2056
0 79 949
0 16 1713
0 63 394
0 3 1564
0 18 1575
0 105 6025
0 63 172
0 105 5557
0 105 7208
0 1 1292
0 105 5981
0 105 3517
0 23 55
0 105 3910
0 6 3175
0 12 35
0 3 645
0 85 1915
0 0 2306
0 105 7791
0 2 153
0 3 2033
0 0 1710
0 1 912
0 105 5479
0 105 7719
0 105 7641
0 3 2570
0 43 343
0 1 3126
0 2 379
0 105 6229
0 105 6180
0 105 5052
0 0 2307
0 8 2214
0 6 972
0 105 6173
0 2 1684
0 43 2133
0 63 1670
0 6 1185
0 4 1758
0 105 8049
0 105 3634
0 1 1924
0 105 5799
0 17 247
0 0 3
0 79 1031
0 6 1602
0 13 47
0 82 2079
0 25 1187
0 79 1918
0 43 775
0 0 1639
0 23 1002
0 1 3036
0 105 3856
0 105 6867
0 105 5232
0 3321 105
0 0 2497
0 13 194
0 82 397
0 10 264
0 105 5231
0 3353 105
0 105 6967
0 105 7915
0 105 7224
0 105 7633
0 6 1429
0 6 735
0 14 625
0 4 516
0 6 354
0 85 661
0 3176 0
0 105 4558
0 10 193
0 105 4364
0 18 598
0 105 5003
0 2 974
0 2 999
0 105 3870
0 13 54
0 43 52
0 0 724
0 105 3638
0 10 665
0 23 587
0 105 3617
0 105 4148
0 63 283
0 25 55
0 105 7542
0 105 3405
0 105 5728
0 25 490
0 105 6135
0 3 490
0 43 104
0 105 3626
0 105 3501
0 105 4218
0 105 6602
0 1 1909
0 105 4452
0 18 1277
0 105 6167
0 2 661
0 10 965
0 105 3911
0 43 565
0 79 1600
0 63 195
0 105 3748
0 2 2010
0 10 823
0 105 3418
0 10 60
0 4 1281
0 17 1541
0 105 7395
0 3 125
0 2 141
0 17 2859
0 105 5846
0 105 8197
0 105 3722
0 85 185
0 105 3990
0 17 661
0 105 7671
0 105 5312
0 23 369
0 82 1578
0 105 7151
0 105 6164
0 105 5513
0 105 6935
0 82 9
0 105 5058
0 79 146
0 17 531
0 17 569
0 8 565
0 105 5565
0 0 4124
0 17 2112
0 105 3742
0 43 922
0 79 481
0 25 286
0 10 1676
0 105 4053
0 105 4385
0 10 846
0 1 3095
0 105 5225
0 10 244
0 105 7831
0 105 5562
0 10 239
0 13 1281
0 17 1410
0 18 412
0 1 2927
0 4 3237
0 6 648
0 82 701
0 2 2786
0 105 7566
0 79 715
0 13 2699
0 105 1209
0 4 2828
0 105 4918
0 105 4762
0 10 716
0 105 6159
0 13 58
0 105 4395
0 105 4855
0 105 8058
0 105 3743
0 3 616
0 43 3280
0 12 701
0 105 5656
0 79 175
0 105 7138
0 105 4987
0 105 7941
0 43 98
0 4 560
0 13 687
0 105 3597
0 105 8172
0 25 621
0 4 2487
0 13 2721
0 6 1033
0 17 175
0 105 450
0 23 125
0 105 5729
0 2 559
0 105 5581
0 4 3195
0 105 3640
0 105 6274
0 105 3772
0 0 63
0 105 8002
0 105 6184
0 2 1222
0 105 5449
0 43 1446
0 4 2234
0 105 3775
0 0 222
0 2 262
0 105 6737
0 14 2123
0 14 2423
0 2 1813
0 105 4190
0 10 2025
0 23 701
0 12 83
0 1 2959
0 105 7043
0 105 7374
0 14 1688
0 23 396
0 105 3752
0 43 467
0 105 4923
0 82 802
0 2 646
0 8 2009
0 23 848
0 105 6669
0 1 3196
0 105 7803
0 79 111
0 14 159
0 105 4768
0 43 495
0 16 131
0 10 1488
0 105 3362
0 85 1630
0 105 5504
0 105 7553
0 8 585
0 105 4958
0 105 4506
0 4 194
0 105 7297
0 0 521
0 105 3846
0 63 36
0 105 116
0 105 5109
0 10 1135
0 79 182
0 3 1140
0 105 3889
0 4 1263
0 82 1127
0 18 844
0 0 2675
0 43 276
0 6 1994
0 1 3108
0 105 6469
0 105 6862
0 105 6766
0 14 889
0 105 4169
0 14 417
0 105 5273
0 3 52
0 8 92
0 25 356
0 10 270
0 25 2066
0 105 5402
0 6 445
0 2 2801
0 1 3035
0 2 2365
0 105 6822
0 105 7783
0 5478 105
0 105 4940
0 6 1949
0 105 5089
0 63 2712
0 105 6428
0 105 6924
0 12 954
0 6 1871
0 105 6984
0 2 1375
0 10 2359
0 82 318
0 105 6151
0 105 6908
0 82 133
0 6 278
0 105 7093
0 82 2670
0 105 5716
0 8 354
0 1 1250
0 105 7862
0 105 7157
0 6 362
0 105 5409
0 105 3438
0 105 5844
0 3 491
0 14 666
0 18 1337
0 14 498
0 10 1115
0 0 433
0 105 4312
0 1 2732
0 105 7882
0 85 587
0 82 109
0 13 421
0 105 6926
0 23 502
0 105 6064
0 3337 105
0 3 806
0 8 1077
0 12 911
0 4063 105
0 43 77
0 1 2006
0 79 1107
0 105 4798
0 105 7420
0 105 4320
0 23 997
0 10 1755
0 25 1558
0 16 1400
0 105 4336
0 105 6165
0 105 5744
0 8 223
0 105 6827
0 82 173
0 105 6197
0 105 7247
0 105 3729
0 43 1660
0 17 770
0 105 5826
0 14 41
0 105 6036
0 0 989
0 23 546
0 105 7979
0 18 262
0 18 1477
0 23 965
0 43 171
0 3 679
0 85 1293
0 105 7142
0 0 2254
0 4 905
0 10 172
0 105 5277
0 0 2503
0 23 196
0 1 3076
0 16 613
0 105 2144
0 25 77
0 85 390
0 3265 43
0 6 130
0 17 373
0 105 4691
0 16 887
0 6 1451
0 105 2752
0 105 3506
0 105 2823
0 105 5591
0 2 54
0 79 1227
0 16 644
0 6 1071
0 43 2040
0 85 711
0 14 2000
0 79 2138
0 85 83
0 16 1399
0 2 731
0 105 6495
0 85 187
0 82 1712
0 16 0
0 85 546
0 105 7010
0 105 5827
0 2 3238
0 105 5362
0 105 8009
0 8 2422
0 43 852
0 17 641
0 8 481
0 105 7255
0 17 1560
0 25 166
0 105 5682
0 105 7400
0 1 2951
0 4 1583
0 105 7338
0 105 3645
0 17 2617
0 105 7675
0 105 7470
0 6 675
0 14 1150
0 82 914
0 105 4645
0 105 6322
0 105 6651
0 18 1248
0 10 886
0 1 2008
0 85 373
0 82 124
0 105 4493
0 18 475
0 79 1257
0 2 448
0 105 8173
0 3 3292
0 10 1378
0 43 1331
0 82 759
0 105 4608
0 6 2014
0 105 5671
0 105 7274
0 105 7397
0 63 1566
0 18 133
0 63 1492
0 105 4561
0 2 431
0 43 349
0 105 6397
0 4 1847
0 3 329
0 105 939
0 82 1607
0 105 7041
0 105 5674
0 1 1562
0 105 6606
0 23 97
0 16 1462
0 105 8100
0 3 1101
0 105 7213
0 105 4841
0 0 2272
0 105 5870
0 105 5832
0 43 650
0 105 5977
0 25 595
0 17 506
0 63 706
0 12 1932
0 105 7340
0 105 7704
0 43 1922
0 105 4092
0 0 1700
0 82 2224
0 105 7884
0 6 695
0 43 805
0 105 7087
0 7529 105
0 82 794
0 4 1089
0 2 2645
0 85 125
0 17 425
0 10 390
0 43 1278
0 6 1270
0 105 6616
0 105 5267
0 105 7062
0 43 513
0 2 2359
0 105 6348
0 105 4046
0 1 678
0 13 304
0 105 4522
0 79 2201
0 105 6938
0 2 586
0 82 213
0 105 7985
0 17 678
0 105 7639
0 14 2472
0 17 1527
0 10 675
0 85 47
0 0 31
0 6 1073
0 14 1000
0 43 44
0 16 1017
0 17 67
0 23 1610
0 105 6352
0 105 513
0 105 6147
0 16 726
0 105 6871
0 18 859
0 105 6205
0 1 1345
0 85 355
0 8 1222
0 105 774
0 43 782
0 2 2120
0 82 665
0 105 5806
0 18 933
0 105 3449
0 85 1266
0 43 166
0 105 6082
0 0 561
0 10 418
0 105 7258
0 23 466
0 25 2304
0 105 6246
0 10 2611
0 105 4355
0 23 90
0 23 1007
0 10 1359
0 12 928
0 105 7269
0 17 2231
0 105 5331
0 14 892
0 14 124
0 0 776
0 17 1415
0 13 587
0 6 289
0 1 3008
0 17 497
0 10 679
0 79 889
0 17 2067
0 105 4472
0 18 790
0 17 311
0 105 7918
0 105 6947
0 6 1029
0 105 3397
0 82 1428
0 10 906
0 43 391
0 105 5499
0 105 3885
0 105 4616
0 105 5427
0 18 1966
0 3355 105
0 105 6324
0 17 34
0 4 603
0 105 5639
0 1 817
0 43 118
0 8 336
0 25 1567
0 82 375
0 105 5113
0 105 7769
0 105 3569
0 4 216
0 82 141
0 105 7216
0 79 2517
0 18 51
0 105 4734
0 14 474
0 1 3121
0 43 124
0 0 404
0 105 7232
0 105 5441
0 3 479
0 43 1559
0 1 1633
0 105 5986
0 105 4533
0 4 2867
0 105 591
0 2 1720
0 105 8191
0 105 5254
0 63 381
0 105 5053
0 79 311
0 105 6511
0 13 101
0 25 787
0 14 1889
0 105 2003
0 105 8147
0 105 4065
0 2 2229
0 105 5895
0 105 6508
0 43 1933
0 105 6438
0 105 7450
0 6 1315
0 18 2538
0 105 6852
0 105 7660
0 105 3548
0 10 419
0 18 2485
0 105 3299
0 105 7892
0 10 101
0 63 1325
0 79 375
0 105 6770
0 105 4647
0 18 108
0 105 4154
0 105 4067
0 105 5953
0 105 6189
0 105 8087
0 18 1345
0 1 1883
0 105 3741
0 17 2230
0 105 4265
0 105 3728
0 105 6880
0 105 7347
0 105 4410
0 105 5224
0 105 7762
0 105 4680
0 105 7922
0 1 3056
0 79 1963
0 105 6232
0 105 5428
0 3351 105
0 105 7251
0 14 1175
0 105 7866
0 105 5538
0 63 83
0 105 6263
0 105 4483
0 10 2706
0 43 2566
0 105 5685
0 105 4225
0 4 335
0 12 84
0 25 3311
0 105 1755
0 3 909
0 105 6561
0 0 2277
0 105 6111
0 43 107
0 105 4332
0 105 7049
0 43 233
0 105 6387
0 10 987
0 105 5524
0 1 3042
0 105 4882
0 2 368
0 4005 105
0 17 2691
0 2 253
0 43 2421
0 105 4319
0 105 7589
0 105 4543
0 105 6733
0 1 1260
0 79 1491
0 10 336
0 13 75
0 1 1296
0 105 4672
0 79 586
0 105 5809
0 43 380
0 85 140
0 1 586
0 0 2284
0 2 115
0 2 224
0 17 911
0 10 970
0 85 419
0 3 2304
0 10 2610
0 105 8118
0 43 733
0 105 7772
0 105 6621
0 2 2590
0 79 947
0 85 625
0 10 151
0 10 59
0 105 5821
0 18 356
0 105 6954
0 6 825
0 327 0
0 23 1368
0 105 6029
0 3 1703
0 3 267
0 1 3097
0 10 233
0 16 149
0 105 4256
0 105 7663
0 105 7149
0 105 4239
0 3 1222
0 105 5843
0 105 6932
0 6 426
0 10 2608
0 105 6631
0 25 2588
0 105 3914
0 4 1884
0 0 2291
0 105 3387
0 18 400
0 17 268
0 8 564
0 8 52
0 105 8039
0 105 4683
0 105 4009
0 105 7169
0 14 52
0 105 4782
0 105 4919
0 3 779
0 105 4217
0 63 692
0 0 750
0 105 7563
0 8 338
0 105 7261
0 23 1003
0 43 96
0 105 3310
0 105 5503
0 105 4576
0 105 5147
0 105 7558
0 0 3276
0 105 6962
0 105 6463
0 2 1601
0 14 1500
0 105 194
0 105 3375
0 105 5103
0 105 7937
0 85 64
0 18 562
0 8 1521
0 105 3514
0 79 271
0 0 135
0 105 7904
0 105 3953
0 82 97
0 8 2260
0 105 3931
0 8 259
0 4061 105
0 105 5305
0 43 2815
0 14 542
0 105 7301
0 105 4201
0 79 2475
0 2 1345
0 105 7736
0 18 1210
0 43 2410
0 6 536
0 105 4993
0 105 5764
0 105 3583
0 25 1523
0 43 430
0 1 3002
0 105 4299
0 1 3010
0 1 3063
0 105 4640
0 105 4661
0 0 2253
0 18 80
0 5357 105
0 0 1146
0 4 1849
0 105 4707
0 105 3868
0 17 1997
0 105 5160
0 105 6846
0 0 4120
0 105 7486
0 105 5207
0 105 7351
0 105 5700
0 105 4817
0 105 3838
0 105 1870
0 105 3844
0 6 223
0 105 6369
0 105 7798
0 105 3427
0 105 7454
0 3 3279
0 105 7574
0 79 263
0 17 2672
0 105 5450
0 4 496
0 82 396
0 82 607
0 17 1372
0 17 2575
0 79 2121
0 3 1670
0 6075 105
0 105 5255
0 105 2423
0 14 100
0 0 2264
0 105 7682
0 79 1794
0 105 6072
0 105 7484
0 105 4287
0 12 805
0 17 2676
0 2 1938
0 25 1544
0 25 600
0 43 5334
0 6 2459
0 4 715
0 1 3164
0 25 1402
0 105 3927
0 105 7308
0 8 93
0 105 6857
0 13 20
0 3265 82
0 63 175
0 63 548
0 105 3769
0 82 654
0 2 689
0 3340 105
0 85 230
0 105 3473
0 6 1916
0 105 4369
0 3328 105
0 14 919
0 25 525
0 14 1256
0 105 6536
0 17 140
0 23 1952
0 25 631
0 25 1663
0 105 6169
0 105 7908
0 18 532
0 17 183
0 105 7329
0 105 193
0 4 120
0 43 64
0 10 1362
0 105 6023
0 79 64
0 4 3245
0 105 5541
0 23 37
0 25 2716
0 105 5644
0 105 5033
0 13 59
0 105 3892
0 105 5061
0 105 3946
0 1 1168
0 3 2118
0 10 475
0 1 1736
0 10 1365
0 105 6575
0 105 6278
0 105 4025
0 3 97
0 2 294
0 18 1031
0 105 4709
0 105 5859
0 105 6219
0 43 797
0 43 2352
0 3 2814
0 2 2768
0 79 1357
0 13 481
0 105 6887
0 105 4687
0 14 193
0 105 8161
0 105 8086
0 1 842
0 105 6190
0 23 852
0 1 1401
0 85 211
0 6 163
0 105 1452
0 63 447
0 16 562
0 13 7984
0 1 726
0 82 844
0 43 2106
0 105 6732
0 105 4728
0 2 181
0 105 860
0 105 6012
0 105 2593
0 25 1513
0 1 3111
0 105 7412
0 105 3791
0 105 5713
0 17 145
0 0 1290
0 105 7276
0 105 7706
0 17 435
0 43 1198
0 105 5265
0 1 2334
0 10 1358
0 82 83
0 105 8093
0 105 3364
0 82 1321
0 1 3003
0 105 7307
0 79 1493
0 105 5793
0 105 6979
0 105 6674
0 25 2012
0 79 1022
0 14 1380
0 105 7198
0 10 532
0 105 3805
0 82 214
0 43 67
0 8 1936
0 105 6823
0 79 2128
0 105 6230
0 3 1951
0 3 9
0 14 1781
0 6 312
0 4 159
0 105 4879
0 6 1228
0 6 667
0 13 480
0 105 4251
0 3 263
0 7457 105
0 85 421
0 105 3486
0 25 5924
0 105 4973
0 2 353
0 23 80
0 105 6637
0 105 5239
0 105 5975
0 105 3344
0 105 5863
0 79 1988
0 105 7337
0 43 5
0 105 5711
0 43 165
0 105 6629
0 85 1347
0 6 1452
0 63 19
0 0 2853
0 105 7972
0 105 6633
0 105 5871
0 25 1704
0 79 11
0 105 3834
0 12 2267
0 4 2826
0 79 1912
0 1 12
0 1 3075
0 6 309
0 105 3502
0 105 6927
0 105 7626
0 85 528
0 3323 105
0 3 1553
0 105 6234
0 13 831
0 10 99
0 3 6350
0 3 805
0 105 3559
0 105 4286
0 25 159
0 8 183
0 10 734
0 17 2850
0 85 436
0 0 799
0 10 337
0 105 5556
0 82 111
0 105 3847
0 79 801
0 8 144
0 105 4984
0 1 2934
0 8 1519
0 105 4995
0 17 1528
0 79 1242
0 1 516
0 10 1332
0 1 1739
0 13 680
0 2 607
0 3 2116
0 105 6121
0 8 1064
0 3 4275
0 1 2573
0 10 2105
0 63 358
0 105 7194
0 105 4681
0 18 2200
0 2 2634
0 79 1552
0 105 7162
0 105 4523
0 17 544
0 16 247
0 79 2136
0 105 4592
0 105 5075
0 10 1574
0 6 1782
0 63 160
0 105 6057
0 10 1688
0 10 57
0 105 7196
0 105 7377
0 16 839
0 0 581
0 105 6576
0 3 2268
0 13 0
0 105 3360
0 105 6843
0 79 945
0 1 1294
0 0 424
0 2 274
0 2 807
0 105 5081
0 105 3944
0 4 59
0 105 7579
0 105 7082
0 105 5087
0 105 4477
0 105 6280
0 25 491
0 105 7588
0 105 6687
0 17 192
0 85 1767
0 105 4552
0 105 4573
0 3 516
0 105 3512
0 16 2281
0 23 194
0 82 47
0 3 114
0 4 117
0 16 563
0 79 2402
0 105 280
0 105 6858
0 1860 317
0 0 1179
0 105 6257
0 13 999
0 105 7399
0 6 1438
0 13 151
0 105 4096
0 6 2088
0 105 7926
0 1 2989
0 17 107
0 10 303
0 105 7407
0 2 5
0 12 889
0 25 259
0 105 7367
0 1 3054
0 105 7745
0 17 1186
0 17 1507
0 105 8021
0 17 2370
0 105 5594
0 105 8103
0 105 5164
0 2 2833
0 23 1472
0 13 2659
0 79 1482
0 105 6467
0 105 7590
0 105 5689
0 2 617
0 82 805
0 43 2774
0 1 590
0 43 383
0 105 7528
0 105 7645
0 10 1689
0 105 7075
0 105 7460
0 105 7940
0 10 2421
0 43 99
0 105 6518
0 14 274
0 1 675
0 17 108
0 105 5327
0 85 372
0 14 2540
0 79 686
0 2 662
0 105 6090
0 105 4350
0 105 4399
0 105 5100
0 4 111
0 6 140
0 105 6795
0 43 215
0 25 1077
0 14 1120
0 0 1297
0 105 6923
0 105 4008
0 105 5813
0 12 204
0 105 3542
0 8 513
0 105 5184
0 105 7657
0 105 1933
0 105 6255
0 105 5760
0 43 658
0 105 7701
0 105 7774
0 1 1264
0 3335 105
0 16 877
0 2 2917
0 105 5509
0 105 8163
0 3 2868
0 105 3873
0 43 62
0 105 4612
0 1 102
0 79 1349
0 105 886
0 3261 0
0 105 3402
0 6 92
0 105 4800
0 105 4252
0 10 1031
0 0 751
0 23 1806
0 105 270
0 1 3044
0 12 219
0 1 3122
0 105 3521
0 105 8208
0 25 1571
0 43 783
0 1 3169
0 105 5600
0 6 902
0 4 2450
0 105 4307
0 3277 0
0 105 5941
0 43 1332
0 105 6305
0 17 77
0 23 474
0 6 869
0 105 5865
0 4 3264
0 5372 105
0 17 144
0 105 669
0 105 7389
0 3356 105
0 63 246
0 105 4129
0 18 537
0 4 2898
0 4 2645
0 105 7447
0 105 4610
0 105 6778
0 23 1722
0 3 2884
0 105 6527
0 105 5306
0 105 3398
0 63 625
0 105 4648
0 82 479
0 105 6110
0 105 4892
0 3265 17
0 105 6341
0 105 7638
0 105 6400
0 105 5015
0 13 696
0 105 7606
0 79 879
0 13 628
0 82 322
0 105 4658
0 82 2178
0 3 1398
0 105 5381
0 105 5111
0 105 3980
0 105 4259
0 6 1395
0 105 5122
0 2 1578
0 105 4688
0 105 6484
0 10 598
0 105 6070
0 3 1190
0 4 1669
0 1 2979
0 105 111
0 105 4796
0 3 1858
0 105 7205
0 85 344
0 105 6841
0 3 618
0 105 4757
0 105 3541
0 105 3804
0 2 1472
0 105 4035
0 79 2462
0 105 5960
0 105 7545
0 105 7969
0 16 24
0 105 3862
0 3 962
0 105 3557
0 105 7341
0 25 606
0 105 7511
0 105 6573
0 2 437
0 18 908
0 105 5141
0 105 6840
0 10 37
0 8 922
0 105 6818
0 105 7702
0 79 1903
0 105 4505
0 82 1530
0 0 2529
0 105 7860
0 105 4883
0 105 4266
0 6 1561
0 0 748
0 2 1692
0 105 6970
0 25 1097
0 2 338
0 105 7848
0 43 108
0 105 6948
0 10 2614
0 2 468
0 6 1222
0 3 161
0 3341 105
0 10 2842
0 23 20
0 105 3671
0 105 3884
0 105 3923
0 82 2196
0 4703 105
0 105 1222
0 82 1349
0 105 3570
0 10 1580
0 85 52
0 3319 105
0 105 5251
0 2 764
0 105 7827
0 105 7949
0 18 736
0 43 709
0 105 7147
0 1 140
0 3 1210
0 16 211
0 1 2970
0 105 7493
0 105 3492
0 105 6743
0 79 873
0 105 4093
0 105 4227
0 85 469
0 82 807
0 17 2372
0 6 872
0 4 2099
0 6 1910
0 105 6914
0 0 580
0 105 5202
0 105 4950
0 105 4583
0 23 9
0 1 3016
0 0 1411
0 17 2687
0 6 2480
0 4 64
0 105 4475
0 105 5303
0 4 625
0 43 214
0 1 2067
0 105 5678
0 63 118
0 105 5175
0 105 7234
0 25 54
0 14 287
0 105 4646
0 3 2405
0 105 7171
0 105 6552
0 3 363
0 79 1870
0 16 337
0 105 5438
0 63 846
0 105 7686
0 105 5546
0 728 3
0 105 6918
0 10 438
0 2 2121
0 79 1822
0 13 568
0 25 3250
0 105 4968
0 79 1771
0 105 5486
0 13 1862
0 105 5692
0 12 159
0 105 5500
0 105 4267
0 14 102
0 63 501
0 43 421
0 105 3940
0 105 3957
0 105 419
0 43 1275
0 43 1180
0 1 1808
0 105 6260
0 14 851
0 105 4718
0 105 4045
0 85 1908
0 105 5518
0 85 151
0 4 108
0 43 1690
0 105 3800
0 2 789
0 25 1525
0 3 2375
0 105 5521
0 105 6634
0 6 1778
0 105 381
0 63 253
0 85 236
0 14 475
0 105 36
0 105 5718
0 2 1733
0 1 3138
0 105 4117
0 18 1835
0 2 24
0 105 3586
0 17 588
0 2 905
0 3 572
0 105 4173
0 2 156
0 14 1802
0 105 2200
0 105 5280
0 105 7750
0 14 104
0 105 4033
0 105 4311
0 6 2114
0 105 7303
0 10 1391
0 105 4633
0 2 593
0 105 4415
0 105 5228
0 105 3929
0 105 7477
0 105 7349
0 79 805
0 10 2382
0 105 7287
0 85 97
0 13 640
0 79 259
0 18 2099
0 105 5490
0 105 7627
0 105 3642
0 17 1539
0 105 3675
0 105 6666
0 105 6727
0 2 1514
0 105 7789
0 85 420
0 79 746
0 105 2488
0 85 2116
0 17 609
0 43 2648
0 2 77
0 4 674
0 18 1273
0 105 3238
0 82 905
0 105 8035
0 23 1088
0 105 4165
0 105 4079
0 43 1096
0 105 5957
0 105 6548
0 6 1217
0 13 634
0 2 271
0 105 6141
0 105 6966
0 105 5385
0 17 7688
0 105 5758
0 105 6085
0 105 4711
0 43 905
0 25 507
0 105 5295
0 8 1093
0 10 326
0 10 641
0 14 6
0 105 4453
0 6 247
0 10 335
0 4 2821
