0 1
1 2
1 3
4 1
1 5
6 7
6 8
6 9
6 10
11 1
6 12
6 13
14 1
15 1
6 1
16 1
17 18
16 14
4 19
6 20
6 21
0 22
0 23
0 24
6 25
6 26
6 27
28 29
6 30
6 31
6 32
33 1
6 34
17 35
36 3
37 38
37 1
39 40
14 41
0 42
0 43
29 1
44 14
45 1
46 47
1 48
36 1
36 49
14 50
36 51
52 47
17 53
17 54
2 55
17 1
2 56
2 57
4 58
16 58
17 59
15 29
14 60
0 47
37 3
4 61
0 62
15 63
15 64
14 65
14 66
15 67
33 68
69 47
70 71
36 72
4 73
6 74
1 75
39 76
15 77
29 78
33 79
6 80
0 81
39 82
6 83
44 58
39 1
39 84
37 85
37 86
44 1
52 0
14 87
39 88
17 89
15 78
39 3
33 90
36 91
6 92
36 81
36 93
37 94
5 14
46 0
37 95
36 22
36 23
37 96
39 72
4 97
1 28
6 98
6 99
36 100
36 101
36 102
36 103
36 104
36 105
36 106
37 72
6 107
11 108
6 109
28 78
15 110
11 58
15 111
33 58
15 112
2 58
5 58
39 113
17 72
3 72
33 114
14 58
1 115
1 116
1 117
1 118
1 119
4 120
33 121
33 122
36 123
36 124
14 125
36 126
37 63
0 30
37 127
39 128
36 129
37 130
0 131
69 0
6 132
4 133
39 134
39 135
39 136
33 137
37 138
37 139
0 140
14 141
14 19
0 126
17 142
4 5
3 143
37 27
37 144
3 145
36 24
14 146
3 27
15 147
3 148
17 102
17 149
17 150
14 151
0 152
6 153
36 154
4 155
0 156
6 157
6 158
0 159
6 160
6 161
14 162
14 110
17 25
14 112
14 163
4 164
4 165
17 166
17 167
14 111
33 168
33 169
33 170
3 171
6 121
15 172
4 173
4 106
4 174
17 26
17 3
11 14
15 22
15 62
15 24
33 175
0 176
6 177
4 178
29 179
4 180
0 181
0 182
6 183
0 184
14 185
2 14
29 186
29 187
14 188
14 189
14 190
6 191
14 192
6 193
33 160
6 194
36 195
33 14
17 196
17 197
1 52
16 198
37 199
37 200
39 201
39 202
39 203
6 204
6 205
6 206
1 69
17 207
14 208
14 209
4 210
6 127
6 211
6 78
14 144
14 204
14 212
4 213
0 214
14 121
14 215
14 216
17 217
69 218
69 219
69 154
69 220
0 221
28 64
14 67
14 222
4 223
4 224
17 100
17 225
17 226
17 227
17 228
17 229
4 123
69 124
14 230
14 231
14 232
14 233
37 234
37 235
37 236
36 237
37 238
69 123
1 239
33 240
6 241
6 242
6 243
6 244
1 245
6 246
6 247
14 248
36 249
6 250
14 251
33 252
14 253
14 254
14 255
14 256
14 257
14 258
4 259
28 186
28 187
36 174
37 260
33 261
33 262
14 263
0 264
16 265
4 266
14 267
36 268
14 269
14 270
14 271
14 272
14 26
14 273
14 274
14 275
14 276
14 277
14 278
14 279
14 280
33 281
14 282
14 283
6 284
6 285
6 286
36 287
36 288
36 26
36 289
17 20
17 290
1 291
1 292
6 293
14 294
69 295
69 296
6 297
298 1
0 299
4 300
15 59
0 301
69 302
69 303
14 304
4 305
69 306
14 307
14 308
14 309
69 102
28 30
28 310
6 311
69 312
28 313
28 38
69 314
28 315
69 98
69 316
69 259
0 317
0 318
6 131
14 319
17 184
17 320
14 321
36 322
6 323
6 200
44 324
69 225
69 101
69 325
16 326
15 327
17 328
17 99
17 281
17 329
14 330
15 331
6 332
6 333
14 334
15 113
37 335
33 336
1 337
0 338
16 339
37 340
4 341
33 288
33 342
33 26
33 289
33 27
69 343
69 344
69 340
69 100
17 345
17 346
4 347
4 348
4 349
69 350
6 351
6 352
37 353
37 354
33 355
33 113
4 356
16 113
33 206
69 357
0 27
14 358
37 359
37 360
36 361
16 362
4 363
69 364
69 365
69 366
14 367
14 368
33 56
17 369
15 370
16 371
44 372
17 165
33 373
33 374
1 375
1 376
69 297
6 377
69 285
17 378
4 379
44 380
17 381
17 382
33 383
4 384
44 121
14 385
6 386
69 387
6 388
4 389
4 390
69 391
6 392
6 393
69 394
6 395
14 396
14 397
4 101
15 314
69 398
17 243
69 281
69 399
6 400
14 401
69 184
69 402
39 403
6 404
39 405
39 406
6 407
14 408
14 409
4 142
14 410
6 225
33 411
6 412
36 413
36 414
4 105
4 415
1 416
4 417
39 418
4 419
6 420
1 421
1 422
36 423
37 424
14 425
14 426
14 427
14 428
16 429
4 430
17 237
69 133
33 431
37 350
69 432
14 433
14 434
69 435
14 436
28 31
17 223
17 437
0 438
6 439
6 440
37 441
4 442
37 443
11 64
4 444
4 445
446 1
6 447
69 448
4 449
37 450
4 451
15 146
0 452
36 453
33 454
0 455
0 456
28 457
28 108
0 458
36 307
4 102
4 459
6 460
1 46
3 25
28 20
4 237
28 461
14 147
14 462
16 463
0 464
4 184
4 465
15 192
37 297
44 281
0 466
4 467
0 468
6 469
1 470
1 471
1 472
1 473
14 474
14 457
36 475
17 465
28 314
0 476
0 281
69 450
4 477
14 98
14 478
14 184
69 479
69 480
69 213
4 481
15 482
15 343
69 483
15 222
1 484
15 377
69 485
69 223
69 486
69 487
6 488
4 489
69 490
6 491
69 492
33 493
37 494
33 495
14 496
14 497
0 498
499 1
69 370
4 500
6 501
69 31
69 30
69 408
37 502
36 418
6 503
6 504
1 505
1 506
0 507
1 508
1 509
1 510
28 511
6 512
28 513
44 514
11 313
44 515
0 204
6 84
14 392
69 516
14 517
14 518
4 144
4 225
4 519
15 388
69 520
33 521
14 522
4 523
6 524
14 243
14 289
28 363
69 513
69 511
33 525
33 526
69 165
17 527
69 132
0 361
69 528
4 529
14 27
15 530
4 434
4 26
14 531
15 474
15 141
4 176
4 532
39 533
15 325
15 99
15 478
4 464
6 534
14 314
14 535
14 536
15 537
4 538
6 138
14 539
0 540
15 225
0 541
39 542
6 543
69 131
6 544
14 20
28 41
6 344
6 545
37 546
37 547
4 548
1 294
1 549
1 550
1 551
1 552
14 553
4 554
28 60
4 555
15 556
15 557
6 558
0 559
15 560
15 561
69 562
69 563
0 564
4 486
15 565
69 566
14 567
15 355
36 568
69 569
16 570
69 310
69 103
6 571
0 572
14 573
14 574
14 575
14 414
37 113
69 576
6 577
1 578
1 579
69 142
0 580
14 581
6 582
0 583
17 572
69 584
69 585
69 586
37 101
37 30
37 587
37 588
37 589
14 99
14 590
37 26
37 591
0 592
14 593
28 184
0 594
0 595
28 65
4 596
14 597
28 598
4 93
6 599
1 600
1 601
1 602
4 603
4 20
4 604
4 121
36 605
4 606
4 607
14 608
14 609
14 610
69 105
69 174
39 611
39 612
39 613
14 614
4 289
14 615
0 467
33 616
4 27
37 617
0 511
618 0
0 619
0 513
36 620
4 227
0 415
0 621
0 523
0 622
0 500
28 25
28 289
4 22
4 62
4 81
17 98
69 623
16 172
16 624
4 181
69 625
69 626
69 590
69 627
4 628
69 555
69 629
39 630
4 167
6 604
6 281
17 631
33 513
14 632
14 633
634 33
33 511
69 635
69 636
4 637
14 638
37 639
14 153
14 640
641 1
14 642
33 625
37 643
28 644
36 324
33 645
17 646
36 483
14 647
14 648
14 649
28 87
17 650
16 620
44 651
4 388
16 652
17 653
6 654
6 655
4 324
28 656
33 657
33 658
14 659
17 660
17 106
17 661
36 113
14 662
14 663
69 356
14 664
33 665
14 666
4 667
14 668
14 482
15 512
14 669
17 670
15 671
6 672
673 1
17 27
69 674
673 75
4 675
0 676
69 99
1 677
1 678
1 679
69 650
16 680
37 681
36 281
36 372
14 682
0 683
4 684
15 685
28 686
69 687
4 688
1 689
1 690
1 691
1 692
69 693
14 694
0 243
15 162
4 695
36 696
36 651
16 697
28 144
28 698
69 699
17 398
17 554
4 700
6 701
6 702
69 703
28 704
4 369
69 705
69 706
39 707
16 708
39 709
0 710
17 711
16 268
69 38
1 712
6 713
36 714
37 625
6 715
17 244
4 468
4 24
28 716
6 717
17 718
17 105
17 719
33 720
4 721
28 722
4 723
14 724
6 725
6 726
6 727
14 198
4 728
14 729
28 500
4 730
14 339
14 731
14 463
6 732
6 733
28 204
16 288
17 734
16 342
69 26
16 25
16 289
16 27
69 735
17 204
6 736
6 737
0 637
0 738
6 739
14 740
4 23
6 741
15 742
15 743
6 744
6 162
6 111
14 745
14 281
14 746
14 25
4 747
17 748
15 703
4 749
14 750
1 751
1 752
753 1
6 546
69 742
1 754
1 755
1 756
4 757
28 758
39 759
36 345
36 433
6 482
1 760
1 761
4 252
4 57
4 56
28 762
14 324
69 763
14 764
4 765
15 633
15 632
4 766
14 767
6 768
16 769
14 770
0 771
0 234
14 772
14 773
14 774
15 775
39 776
36 777
16 287
16 184
16 26
4 778
6 779
4 780
0 430
0 212
36 781
36 25
69 782
69 783
37 323
15 284
4 281
14 362
15 522
28 784
785 1
15 392
4 599
4 786
14 556
37 787
37 788
14 557
14 789
15 344
4 790
6 791
28 284
69 792
4 127
4 779
6 793
4 794
17 795
6 796
17 797
15 12
4 798
4 799
6 800
801 1
17 802
4 140
6 803
6 804
6 805
6 806
6 595
6 807
69 808
4 809
6 810
33 811
69 812
36 142
1 813
17 814
17 815
69 196
4 816
28 817
6 818
39 176
36 644
36 486
6 819
6 820
39 181
17 413
39 221
69 452
39 821
6 310
4 822
4 823
6 199
69 144
69 824
6 792
0 825
33 218
33 219
39 826
39 597
17 818
17 827
17 828
33 55
33 124
33 123
4 829
0 830
14 831
6 429
4 832
28 350
4 833
37 704
37 834
16 835
4 372
69 836
17 837
28 252
28 57
28 56
4 838
17 839
6 840
33 154
39 841
39 842
17 843
37 73
33 220
17 844
17 845
17 846
16 7
16 702
37 61
69 847
16 715
69 848
69 849
37 155
16 850
16 726
16 727
4 851
4 852
17 853
4 854
15 98
15 805
15 855
4 153
17 284
14 856
14 857
39 858
37 737
36 859
36 20
69 204
16 34
16 860
37 120
33 861
28 194
28 862
28 863
17 64
6 864
16 865
0 866
69 42
16 867
0 241
28 192
6 144
6 363
37 162
37 110
37 112
36 670
0 868
6 869
36 767
37 111
16 870
69 871
69 872
6 873
16 323
16 874
16 144
0 875
0 815
0 876
6 877
36 878
28 67
6 879
69 54
69 787
69 880
4 881
28 55
28 222
69 882
39 532
6 212
16 204
16 20
4 883
1 884
1 885
37 886
16 887
17 888
69 889
69 890
14 891
0 892
3 893
6 886
16 192
17 894
4 895
15 101
15 896
69 897
37 331
14 713
16 898
16 899
6 900
15 901
15 500
4 902
16 67
16 222
4 903
44 532
15 904
28 905
15 906
44 221
69 907
14 908
28 637
28 909
15 910
14 911
44 912
4 913
0 914
15 350
14 910
69 915
11 418
69 916
14 741
33 917
69 918
37 327
33 57
6 919
2 514
15 920
15 921
3 922
39 923
3 924
3 289
3 925
3 926
3 26
14 927
14 928
14 929
3 121
5 514
6 930
44 176
15 438
15 30
0 166
4 344
14 30
14 131
14 113
4 931
0 932
16 933
17 934
69 935
14 936
11 937
14 938
4 939
14 259
4 109
36 266
69 940
17 201
17 40
17 405
17 202
17 941
17 157
3 109
17 942
14 943
36 923
4 944
11 514
17 121
14 945
14 946
14 947
28 948
4 949
6 950
69 951
69 788
69 200
6 59
33 952
33 953
6 101
6 954
6 955
14 956
6 928
6 957
14 958
6 959
33 960
33 939
14 961
6 962
33 963
14 560
37 964
37 965
6 966
6 967
6 968
6 969
69 970
69 535
16 38
17 611
4 971
33 972
17 613
69 973
69 25
17 974
39 975
15 181
69 976
39 266
4 977
17 978
6 259
14 979
14 980
15 221
981 1
69 982
0 314
0 179
28 983
36 204
36 984
69 438
36 98
6 985
6 441
17 892
69 986
69 987
69 988
16 512
69 388
15 176
37 989
39 990
39 991
14 992
17 993
28 994
17 995
17 996
16 997
28 113
4 998
36 190
69 289
6 646
69 171
69 999
15 340
69 1000
6 1001
6 914
69 1002
69 1003
69 1004
17 683
0 1005
1 1006
4 1007
0 1008
4 1009
14 1010
14 1011
69 1012
4 1013
1 1014
16 1015
0 113
15 123
15 1011
36 1016
36 27
36 895
69 1017
17 637
16 79
0 711
17 259
4 197
69 1018
69 1019
69 1020
69 1021
16 1022
4 201
17 1023
4 40
4 405
4 203
16 908
4 406
17 596
6 1024
69 1025
0 901
0 1026
4 207
4 847
6 1027
6 1028
4 1029
69 43
4 1030
15 1026
4 1031
4 1032
14 303
14 1033
39 1034
69 63
33 862
33 1035
6 1036
16 252
17 805
17 806
17 1037
36 1038
0 249
28 1039
4 1040
69 1041
69 20
69 1042
0 530
14 1043
69 1044
17 737
14 1045
17 123
15 905
33 1046
14 1047
6 1007
6 142
69 1048
69 1049
0 1050
33 1051
33 864
33 1052
37 1053
17 739
4 1054
14 101
17 249
14 1055
14 1056
6 223
6 106
6 1057
69 1058
69 1059
39 1060
33 450
4 1061
33 155
16 781
6 1062
15 806
15 1063
16 134
17 1064
16 1065
36 1066
14 1067
17 1068
14 1069
14 7
14 8
36 282
16 1070
14 1071
1 1072
1 1073
1 1074
14 715
36 1075
14 725
14 726
14 727
6 1076
6 1077
6 857
16 1078
4 1079
28 438
28 101
69 155
37 1080
69 159
16 1081
14 84
17 1082
16 1083
36 99
33 314
4 1084
36 121
6 1085
15 1086
6 1087
6 1088
6 1089
4 1090
14 1091
14 32
36 779
14 1092
17 392
6 340
6 1093
14 1094
6 171
1 1095
14 1096
37 1085
4 1097
36 1058
36 646
36 269
16 1098
14 1099
6 295
6 93
16 1100
15 1101
17 393
17 1102
4 1103
17 901
17 395
6 102
6 1104
6 113
69 299
15 1010
15 1105
6 1106
16 1107
4 381
4 1108
17 241
16 1109
6 1110
6 1111
3 392
3 1112
17 1113
4 653
3 418
14 1114
4 1115
3 774
17 1116
17 1117
33 1118
3 1119
3 144
4 1120
4 1121
4 995
69 482
69 739
3 195
3 194
3 331
4 1122
33 1123
33 1124
11 864
44 493
44 495
44 1125
44 1126
69 129
3 1127
6 1128
6 1129
3 1130
3 1131
3 1132
6 1092
6 1133
3 1134
3 1135
44 468
44 62
3 1136
44 24
69 1137
3 1138
11 1139
44 22
3 1140
44 1141
11 1142
44 512
44 616
44 1143
11 979
44 1144
44 1145
17 1146
11 604
11 121
11 980
3 314
44 1147
3 1148
44 140
3 1149
44 23
11 1150
3 905
3 1151
3 1152
3 1153
44 625
11 1154
6 1155
3 1036
44 19
15 1156
3 1157
44 1158
3 1159
44 99
3 281
1 1160
4 1161
11 30
11 438
44 861
44 1162
16 1163
4 1164
3 773
3 1165
3 1166
44 126
11 629
11 465
3 1167
11 184
44 881
44 98
3 1168
44 192
3 1169
44 331
17 1010
11 897
11 113
3 206
3 1170
3 327
17 855
39 1171
44 1172
39 941
33 1173
11 310
11 580
16 1174
39 1175
3 614
11 1176
3 1055
39 1177
11 1178
3 1179
6 1029
69 593
3 731
69 1180
44 903
44 905
6 1181
3 63
3 652
16 1182
14 1183
16 336
3 1184
36 139
3 604
37 314
44 1185
4 1186
16 1187
16 1188
3 1189
39 184
15 1190
37 1191
33 1192
37 1193
37 284
15 27
14 1194
36 1022
15 204
33 1195
33 1196
33 1197
37 1198
36 1199
3 1200
36 1201
36 1202
6 1203
33 1204
33 1205
39 1206
39 1207
3 380
44 113
36 171
33 628
37 1208
36 1209
39 22
33 300
17 595
69 1210
36 1211
17 344
33 700
6 217
39 62
17 1212
6 1213
6 487
36 515
3 1214
3 746
39 24
39 694
0 737
33 1215
33 133
36 109
36 1216
36 340
36 30
11 1217
39 20
39 1218
36 1219
37 1220
37 184
39 1221
33 1222
39 1223
37 19
39 1224
33 25
33 330
37 380
44 847
39 1225
36 1226
39 1227
33 20
14 1228
33 144
37 1229
1 1230
33 194
36 1231
33 1232
36 1233
36 380
11 1234
28 1235
4 514
33 1236
6 1237
37 1238
11 513
37 1239
37 440
33 1240
39 1241
36 1186
36 1242
36 1059
17 1220
11 511
16 1243
37 166
1244 1
1 1245
36 671
39 340
3 881
39 344
3 580
44 67
3 1246
1 1247
1 1248
33 1249
39 655
37 1250
33 1251
1 1252
1 1253
1 1254
1 1255
1 1256
33 1257
37 285
39 1258
36 912
36 1259
39 370
39 65
44 866
36 1260
37 176
36 1261
44 222
39 676
39 185
36 1262
36 370
39 1027
39 1028
1 1263
37 683
36 1264
39 1039
37 1265
33 410
11 866
37 532
39 737
33 215
16 1266
33 845
33 846
39 126
33 843
16 1267
33 844
16 1268
44 1269
39 1270
39 1271
33 1272
36 1273
33 461
33 1274
33 1275
33 1276
37 1277
39 482
15 1278
44 162
36 1279
33 1280
37 1281
37 1282
36 1283
37 1284
37 65
33 1285
1 1286
37 241
36 1287
39 1288
44 327
33 1289
3 1290
3 1291
36 570
44 112
36 1292
3 1293
3 1294
36 1295
3 1296
37 682
33 1297
37 1298
33 1299
37 221
6 1300
36 482
39 1301
39 1302
37 724
36 739
3 1303
3 474
39 259
39 140
39 23
37 492
6 1304
37 818
33 1305
37 394
33 1306
39 1307
39 1308
4 1039
3 287
39 1309
37 1310
3 512
44 110
39 681
33 1186
3 764
39 1311
37 1312
3 1313
44 111
39 1314
3 585
3 1315
33 1316
37 993
3 1220
3 213
3 20
37 289
33 216
3 336
37 828
6 19
16 1317
37 1318
37 1319
37 1314
39 1055
69 1320
33 255
3 439
69 864
3 440
33 212
33 728
33 1321
36 1322
37 1323
33 1324
36 1325
33 253
36 1326
33 434
36 1327
37 1328
37 204
6 1329
69 1330
3 342
36 1015
36 733
1 1331
1 1332
36 1333
39 289
39 1163
39 1334
1 1335
37 439
33 1336
37 1337
37 1139
33 1338
37 1339
36 1340
33 1341
3 1342
33 1343
39 739
37 1344
37 1345
33 388
37 1022
37 1346
36 534
17 144
33 341
36 1347
4 1348
3 223
33 1349
17 367
33 1350
37 892
36 1351
3 1032
3 1352
3 1353
3 1354
33 176
39 1355
37 1356
37 1065
16 681
36 1150
36 1083
36 1357
33 532
37 951
39 951
39 317
36 1358
37 959
37 1359
33 830
37 702
36 1360
37 620
39 1361
17 1278
39 837
4 1362
37 1363
37 324
36 1039
36 1364
39 1365
37 493
37 671
39 1150
33 101
36 1366
36 275
37 495
37 1367
33 1368
33 1369
3 1370
1 1371
1 1372
37 1373
33 248
37 1374
37 821
1 1375
6 1376
36 737
1 1377
1 1378
37 1379
4 1380
3 829
33 1381
37 25
1 1382
1 1383
1 1384
33 274
37 1107
37 243
1 1385
1 1386
1 1387
1 1388
1 1389
1 1390
1 1391
1 1392
39 1393
15 126
37 274
1 1394
1 1395
39 1396
1 1397
1 1398
1 1399
1 1400
1 1401
3 1402
36 1403
3 1404
1 1405
1 1406
1 1407
37 1408
37 1409
37 1410
33 1411
37 212
36 1412
37 1413
33 670
1 1414
37 1415
36 628
33 77
39 1234
39 273
36 1416
36 368
36 629
1 1417
1 1418
37 135
39 27
33 1419
36 1420
39 42
39 318
37 136
39 1421
33 1271
33 221
36 1422
37 1202
33 1423
36 1424
3 1425
39 281
39 1426
37 1427
33 497
33 1428
33 648
33 1429
33 1430
37 64
36 1431
16 1432
3 237
33 344
37 370
36 512
37 1433
39 1434
37 1435
33 468
36 1265
36 847
39 301
17 896
33 62
1 1436
37 1437
1 1438
1 1439
1 1440
1 1441
1 1442
1 1443
1 1444
36 1445
33 1446
14 186
36 1117
37 1447
36 1234
33 899
6 1448
3 434
33 24
3 1449
36 881
3 1450
33 1451
37 781
33 1452
36 500
3 1453
37 1454
1 1455
1 1456
37 1457
3 1458
33 204
1 1459
1 1460
3 1461
39 843
39 363
3 1462
33 1463
37 1464
36 511
3 1465
634 36
0 162
33 1466
1 1467
3 1468
3 1029
3 1139
3 379
3 998
3 415
0 110
36 513
36 1469
3 1470
39 1471
33 22
14 828
3 538
1 1472
1 1473
3 486
39 1474
39 1475
0 112
36 1476
33 1180
33 1233
33 1477
0 111
39 839
37 1478
1 1479
36 1217
36 899
69 1333
1 1480
1 1481
3 856
1 1482
1 1483
3 748
3 370
3 1484
44 301
1 1485
3 315
33 1042
33 1486
3 1487
37 1488
37 1489
39 846
36 1490
39 844
33 1475
33 1474
33 1491
37 196
15 1492
37 1493
36 1494
3 737
37 1495
1 1496
36 1497
3 102
1 1498
3 150
3 841
33 1314
39 1217
39 1499
39 1432
39 1500
37 1501
36 1502
3 295
4 1503
15 301
4 1504
36 652
36 1505
33 541
17 531
33 249
14 1506
14 93
33 1507
36 388
17 1011
3 1508
3 1509
37 1510
39 323
15 241
39 1511
37 466
3 1039
3 1512
3 1513
3 482
3 84
3 106
3 739
15 1514
14 102
6 1515
14 486
39 498
3 1516
3 879
37 570
37 1259
15 409
15 828
39 1058
33 1517
3 1518
33 581
3 1519
39 204
37 1520
17 1521
3 1522
16 1117
39 1523
14 1264
14 1524
37 1525
36 1526
33 225
33 99
36 1527
36 1528
33 590
44 435
33 284
37 1529
16 1454
36 41
33 126
3 1530
44 1531
3 1125
36 1298
11 176
6 314
11 77
44 448
4 1532
33 1533
33 340
33 1534
11 31
37 1535
33 1536
44 1537
33 1058
44 553
39 1538
3 728
33 1539
33 408
36 60
3 129
37 1540
33 140
33 453
37 1541
33 23
0 1137
44 940
39 710
39 198
17 1229
4 1542
14 1543
28 604
11 1522
28 281
44 295
44 217
44 1544
1 1545
1 1546
44 998
1 1547
44 474
44 392
17 1548
33 254
1 1549
1 1550
44 132
44 1551
39 30
39 438
14 1552
15 1553
1 1554
44 681
39 1555
44 101
44 344
11 655
44 1556
44 147
33 1557
44 1029
69 1326
33 1558
44 142
11 830
16 531
17 1559
33 301
44 637
11 728
6 1560
44 248
33 1561
33 553
44 534
37 134
44 450
11 1562
11 1563
11 1564
14 171
37 847
37 1565
69 1061
1566 69
44 1567
37 1568
44 667
37 1569
11 1570
36 530
33 1571
17 1572
16 1202
44 1573
39 314
44 102
39 234
44 198
33 1574
37 1141
37 1575
39 1070
14 1576
44 254
36 1125
6 1577
33 1578
44 486
44 339
33 666
36 904
11 541
44 559
11 1251
11 1579
11 370
44 1580
11 567
44 696
44 780
39 25
44 1581
39 144
37 1582
33 1583
33 1584
37 1585
37 1586
39 1587
36 1158
39 497
39 1588
37 1589
44 1568
36 1590
6 1591
44 1592
44 1593
17 101
0 165
4 1594
39 1595
37 1596
16 10
14 996
44 1597
44 1598
44 265
44 1314
44 362
44 1599
44 1600
1 1601
44 1602
44 388
37 1603
11 500
39 374
11 1604
37 1605
44 152
70 1606
44 1607
0 295
37 914
37 850
0 223
44 1022
44 225
37 726
36 908
44 1608
0 1040
0 1609
70 212
0 106
16 1610
44 1215
44 1369
44 26
44 1611
6 1612
37 1613
44 1065
4 559
44 133
44 1116
39 19
37 1614
44 620
0 1615
37 1616
37 1617
4 1592
0 1618
44 25
36 284
37 1619
33 1620
14 1621
44 811
37 1622
44 144
37 1623
44 1117
33 1624
33 134
37 548
70 1
0 1592
37 1625
11 1626
36 1185
44 289
17 315
44 155
11 1061
37 1627
37 1628
44 340
69 49
11 1540
39 85
44 624
44 1562
33 1422
44 779
44 249
44 1629
28 1234
1 1630
11 1631
44 196
44 1565
15 218
39 339
39 430
15 219
44 413
44 1632
39 1633
37 580
15 154
44 1634
36 1565
44 1635
36 1568
39 559
37 1636
3 255
11 196
15 124
44 1637
15 1638
44 1639
14 1640
37 1559
37 1641
39 1592
37 1642
44 1643
33 767
33 1644
37 938
37 1645
37 1646
33 1647
44 737
36 1648
36 38
17 1432
11 314
33 863
39 547
33 1649
44 1650
37 1651
37 1083
4 41
44 1427
36 1172
44 837
37 917
39 362
39 463
39 1652
36 1653
1 1654
17 1655
15 254
44 1656
39 1657
6 164
37 1658
37 1659
6 555
37 77
37 1660
33 1661
37 1662
33 1663
33 1664
37 1665
36 1666
37 432
33 273
36 1659
36 1660
36 903
36 979
33 409
33 184
37 435
33 1667
36 1668
36 1551
37 1669
36 1670
1 1671
36 1672
36 980
33 1673
36 1674
33 1059
37 830
36 1675
44 541
11 162
36 393
15 243
4 60
11 112
44 1676
15 1677
11 1678
44 41
39 1679
44 844
44 294
33 7
33 702
44 1680
44 38
44 917
44 845
1 1681
33 1682
36 395
33 1683
37 1684
44 1685
37 448
6 1686
33 744
33 715
37 1687
37 881
44 1688
11 110
52 1137
44 1689
36 1690
6 917
36 1691
37 1101
11 1692
33 1693
44 60
33 1129
11 324
33 726
14 1694
11 111
44 201
14 1695
1 1696
33 1697
37 544
33 727
3 1653
1 1698
1 1699
1 1700
1 1701
44 1702
46 1137
3 1668
69 1703
4 1704
44 843
44 40
14 1705
4 458
44 1706
44 269
44 405
16 1707
44 202
39 129
15 220
39 130
44 406
44 839
36 1540
11 527
44 1708
1 1709
15 346
4 439
4 440
39 866
37 1710
3 1711
33 1351
37 1712
4 1713
37 1714
36 547
37 1715
44 1475
17 1238
37 1716
37 903
37 1100
37 388
37 1537
69 197
36 363
14 195
44 530
39 1717
6 379
6 139
44 1718
36 1719
37 1720
4 1721
37 1722
1 1723
36 1724
1 1725
33 736
39 1726
37 1727
36 1728
69 207
44 57
33 1729
44 56
6 381
44 79
6 184
16 1730
16 1731
69 1732
39 864
39 1733
52 671
39 435
52 1734
46 1735
52 1736
52 1737
52 249
46 1590
46 1738
46 519
46 1739
46 916
46 655
52 1740
33 534
46 1741
46 1742
46 1259
46 1743
46 605
46 1744
52 593
69 212
52 1745
46 1746
46 1747
44 326
52 1748
46 1749
46 1750
52 1181
52 1751
52 1565
46 1752
46 1753
46 1754
46 1755
46 1756
52 1568
52 1757
37 1758
46 1759
52 1116
52 315
46 908
39 1760
46 1761
46 547
52 1762
52 1763
6 1764
4 1765
46 1766
46 1767
46 1768
46 1769
39 448
33 1770
46 1771
36 897
37 164
33 132
29 1139
37 1772
29 697
46 620
29 512
52 1773
37 1774
29 314
52 527
29 1775
29 432
29 159
29 710
5 458
29 64
29 1590
46 1776
46 26
46 482
46 1777
29 195
29 1674
29 435
29 234
29 547
37 1778
33 881
29 1779
29 324
29 197
33 1780
37 1781
2 114
29 176
36 1454
29 1752
46 133
17 1782
29 392
46 281
2 1783
17 1784
29 1785
5 285
2 160
29 1786
29 331
36 184
2 709
29 457
17 336
36 1775
2 458
2 1227
46 25
39 1787
46 1788
37 1789
29 847
29 1163
29 1366
29 532
29 109
29 406
2 252
5 314
5 368
29 171
5 297
29 1567
5 1790
5 581
29 1039
5 1791
2 392
29 38
37 500
5 111
33 1792
29 1793
37 223
36 1794
36 1795
29 1796
5 917
29 1797
29 134
37 1798
29 1175
29 500
29 1122
37 1799
46 1800
17 1801
29 19
29 27
2 830
2 67
29 1705
29 439
29 440
2 707
29 1802
52 835
29 1191
29 1803
15 1804
29 1805
46 121
46 1806
2 204
52 1807
5 439
5 440
37 895
29 773
29 20
29 1808
46 1809
29 1810
36 1811
5 367
37 1150
33 277
52 1812
2 1813
29 26
52 1094
52 1814
29 774
14 847
2 84
2 281
29 368
52 1815
5 737
29 1816
5 1817
5 1818
5 739
29 1819
36 604
29 273
5 1820
5 323
5 84
29 448
29 59
2 1206
2 1821
5 99
5 1822
5 144
29 941
29 1823
29 184
5 590
52 1824
52 1825
17 1826
29 144
29 1827
29 1631
29 1828
29 1829
2 1299
29 1830
29 202
29 1831
52 1832
52 1023
52 535
2 1265
52 1833
1 1834
1 1835
46 1061
1566 46
11 372
29 330
2 862
1 1836
29 145
52 204
2 315
44 864
2 1305
2 1837
29 216
2 99
29 254
29 253
39 7
29 1838
2 192
39 8
29 221
29 1839
29 1697
2 198
29 372
29 121
29 255
29 1840
5 512
29 410
29 925
2 1841
39 968
29 1842
29 1843
0 903
29 1844
29 1845
52 268
44 1846
44 1847
52 1435
29 926
29 1119
29 1848
46 1849
33 1234
29 1850
37 272
39 159
29 1851
39 715
52 98
52 99
29 1852
2 1853
29 1061
1 1854
29 513
1566 29
29 1855
1 1856
29 511
39 725
11 380
39 726
37 1775
39 1567
11 1058
11 281
37 1857
39 727
2 289
36 64
36 593
52 1117
36 1858
0 1859
0 164
36 1860
46 184
29 1861
69 396
46 1862
46 1863
36 1864
46 1865
46 1866
2 121
46 1867
52 1868
37 1869
37 655
69 1870
37 1871
36 835
46 1872
36 1873
46 1874
6 438
29 212
46 1875
37 1876
37 1877
52 25
52 289
39 1830
29 498
46 1878
46 1879
46 1880
37 1881
15 899
46 1882
36 1883
69 1884
36 1885
46 155
46 1886
17 1514
52 1065
4 1887
37 20
39 1553
1 1888
1 1889
36 1890
36 1145
37 1891
69 121
37 121
36 1468
29 515
37 1892
29 1522
37 56
52 466
5 162
37 57
14 157
37 252
29 266
36 1893
36 1894
37 418
0 487
69 1895
36 1896
33 1897
29 880
29 1898
36 992
46 1039
6 1899
36 1900
2 1901
29 327
29 1902
33 1903
29 1904
2 934
2 1905
29 1906
29 1907
5 110
29 1908
36 50
37 1909
37 1910
52 1911
2 1234
29 1912
29 1913
5 63
5 112
33 251
29 1914
52 1915
29 1916
11 26
17 1917
29 808
2 1719
2 1591
14 1918
33 615
52 1919
39 845
33 1537
46 1170
11 204
69 1920
37 1217
29 62
29 1604
29 142
29 23
36 1484
29 1921
29 688
29 1537
29 1922
29 388
46 1923
29 1924
46 1925
29 1926
6 927
44 1927
6 452
14 59
2 222
29 1928
29 1929
1 1930
52 676
29 1931
29 22
29 1932
2 1933
14 580
29 1934
29 1935
29 1936
46 1775
11 315
5 268
16 1229
29 1937
29 1938
1 1939
29 1940
46 1184
52 413
46 1941
29 102
52 1942
29 1943
29 852
29 140
52 1081
6 1944
11 1565
29 24
29 1945
29 150
2 1934
44 1946
2 176
2 77
46 144
46 1947
44 1948
29 1579
15 81
44 934
29 1949
17 1950
11 1568
29 1150
44 1039
29 1029
29 1007
44 195
39 1634
39 49
52 1951
39 457
29 1952
46 1953
29 1954
5 288
5 342
29 1853
44 1272
39 1955
5 25
5 184
5 26
52 1956
5 64
2 1957
29 1958
46 1366
5 1432
5 73
16 1959
44 1960
44 1653
44 181
52 26
29 281
52 346
16 63
46 1017
5 61
39 1961
36 1100
37 1962
33 971
44 1668
29 1963
29 1964
29 468
29 1353
44 1965
29 106
29 584
36 1966
29 81
16 1967
44 1968
46 1969
5 1511
44 591
37 777
36 1970
46 1232
37 1971
14 683
5 133
5 19
37 1972
2 547
52 580
52 244
52 1973
0 310
2 737
33 847
29 1974
6 1975
5 1976
5 1977
36 1978
5 1979
4 773
28 131
4 1980
4 774
44 1775
2 1221
2 79
33 1981
36 1982
6 253
36 1983
36 1984
36 1985
37 1986
0 1987
36 1988
14 637
36 259
33 1989
29 1251
46 1990
4 64
0 217
46 1991
0 379
29 1992
16 904
1566 11
46 171
46 1993
52 614
29 299
46 109
4 1994
2 1995
5 59
5 1996
52 1997
46 1998
15 23
44 440
46 1839
29 1999
46 1921
46 2000
44 2001
44 1808
46 2002
44 1810
33 2003
69 441
29 284
46 1325
46 570
0 1054
5 580
46 262
17 2004
52 2005
1 2006
46 1326
29 1565
52 57
1 2007
1 2008
29 1568
29 2009
5 356
5 2010
2 454
2 22
11 20
4 108
5 393
2 62
52 2011
29 1217
52 252
29 2012
29 2013
5 2014
2 24
46 2015
39 934
29 2016
2 90
46 150
29 2017
46 2018
46 2019
37 2020
29 63
2 620
29 2021
46 486
46 2022
36 2023
52 345
5 395
17 198
29 2024
29 2025
44 2026
44 466
46 97
46 2027
29 2028
52 1083
46 2029
46 1828
44 2030
5 120
36 2031
46 2032
6 2033
52 646
29 2034
5 30
5 310
46 979
46 2035
6 418
46 327
4 2036
52 370
1 2037
52 2038
46 2039
69 2040
36 2041
36 479
36 2042
46 331
29 837
33 197
37 195
39 100
46 2043
46 980
39 299
33 2044
46 2045
36 1973
11 27
36 285
36 397
33 315
37 132
39 2046
39 248
39 101
37 2047
33 2048
46 2049
37 2050
69 2051
33 1955
36 1849
37 908
29 113
37 1828
46 781
36 2052
39 2053
36 2054
39 1791
36 2055
29 198
46 565
52 94
33 1122
29 2056
52 2057
29 1617
29 1659
29 1023
29 1660
36 225
33 850
36 1007
36 2058
29 2059
36 1107
3 534
36 1535
3 1775
69 2060
36 598
46 2061
46 367
14 166
29 2062
4 59
36 747
29 377
29 1265
36 87
29 839
39 91
4 2063
5 541
29 1575
46 2064
29 1727
36 722
2 113
36 2065
39 1822
39 979
2 98
69 1604
39 541
46 1191
44 1340
69 1163
46 454
69 2066
2 681
36 325
36 1093
37 1262
17 567
52 323
16 514
29 2067
44 1357
52 200
39 980
69 1631
2 140
29 1475
29 843
16 101
29 1474
16 344
29 846
11 2068
52 2069
37 629
4 2070
46 2071
2 2072
2 184
33 1599
36 2073
33 1600
33 2074
33 1602
39 380
33 2075
37 773
33 2076
33 2077
6 97
36 2078
52 830
5 192
6 581
2 1047
37 2079
36 2080
5 131
4 1775
69 27
36 704
15 2081
37 774
14 1808
16 2082
14 1810
4 2083
37 1165
6 2084
46 2085
6 2086
5 1093
1 2087
36 63
52 2088
29 2089
33 1607
3 38
4 392
1 2090
5 2091
11 652
36 2092
14 909
46 2093
6 451
6 237
2 2094
4 2095
44 1828
37 84
14 728
17 2096
14 1102
52 976
17 1153
46 2097
17 339
16 897
17 710
36 2098
0 474
0 555
17 866
2 2099
0 284
0 392
33 1569
36 2100
29 2101
17 113
0 342
36 2102
69 1912
6 493
16 2103
6 2104
15 683
69 355
33 2105
52 2106
6 590
36 2107
69 1579
6 495
5 697
17 288
52 129
3 53
0 2080
6 2108
3 2109
2 344
3 2110
17 73
36 172
3 1609
3 2111
4 2112
52 670
36 2113
16 2114
16 340
16 30
1 2115
4 2116
2 1150
16 2117
4 2118
37 2119
14 165
46 787
1 2120
6 951
16 1027
29 2121
1 2122
1 2123
1 2124
1 2125
1 2126
1 2127
29 580
2 23
29 2128
1 2129
6 2130
44 334
11 134
16 1028
1 2131
15 1037
1 2132
16 2133
2 2134
0 147
2 268
0 2135
1 2136
1 2137
1 2138
1 2139
1 2140
1 2141
69 1902
0 336
52 225
15 2142
1 2143
1 2144
1 2145
0 728
6 2146
4 2147
16 2148
17 2149
15 637
16 2150
36 297
0 288
14 697
16 2151
14 892
14 241
1 2152
1 2153
1 2154
1 2155
1 2156
1 2157
17 2158
46 1166
6 356
4 1093
1 2159
1 2160
69 2161
17 1266
16 121
16 2162
14 2163
69 546
14 2164
16 2165
14 1607
2 2166
52 27
16 777
29 2167
4 1840
14 818
69 2168
4 30
33 2169
15 917
16 1535
14 2170
17 2171
5 2172
4 438
6 2173
33 968
4 274
4 2174
29 2175
17 2176
44 30
6 541
37 2177
14 2178
29 2179
3 196
69 134
36 1232
44 310
17 155
17 1587
14 2180
36 2181
37 2182
5 113
0 150
6 616
17 289
6 2183
0 141
17 61
16 1093
6 289
14 223
14 993
69 367
0 1572
4 2135
11 1674
1 2184
6 486
46 1535
6 150
37 923
11 1973
14 1829
0 146
69 1615
11 2185
3 655
36 205
36 2186
15 1787
44 2187
44 2188
2 2189
69 2190
11 198
2 2191
6 2192
1 2193
1 2194
1 2195
1 2196
1 2197
1 2198
6 196
17 2199
1 2200
1 2201
1 2202
1 2203
17 265
1 2204
46 1314
2 26
0 25
1 2205
36 2206
1 2207
0 142
0 1007
2 261
14 1615
1 2208
44 1150
44 2209
14 978
1 2210
1 2211
1 2212
1 2213
3 2214
0 26
28 1061
16 580
29 2215
52 2216
3 547
6 2217
11 1759
69 2218
17 497
1 2219
52 2220
14 722
1 2221
3 181
14 688
5 530
1 2222
1 2223
1 2224
44 1139
5 2225
0 2134
16 2226
1 2227
1 2228
36 762
1 2229
52 344
3 432
3 54
14 2230
16 2231
1 2232
1 2233
1 2234
28 652
1 2235
3 435
11 439
52 626
11 440
1 2236
1 2237
1 2238
46 356
52 123
1 2239
1 2240
1 2241
3 2242
5 67
1 2243
14 2244
46 2174
46 2245
1 2246
52 1621
46 285
1 2247
1 2248
1 2249
1 2250
52 66
52 368
0 2251
3 2252
3 2253
1 2254
1 2255
1 2256
1 2257
3 2258
46 2259
0 486
16 635
5 222
4 2260
17 2261
17 1098
2 363
16 748
29 934
1 2262
29 2263
29 2264
36 1215
15 140
6 2265
11 2266
4 2267
69 2268
6 688
29 864
52 114
52 73
29 2269
3 880
14 538
14 150
14 106
1 2270
52 343
0 1262
3 2271
3 671
1 2272
1 2273
1 2274
1 2275
3 448
3 221
69 2276
36 2277
36 2278
36 2279
36 2280
3 2281
6 625
29 2282
46 737
3 1713
52 418
3 2283
3 2284
5 430
0 2285
36 2286
6 1232
5 185
15 1061
46 739
17 314
17 2287
14 1987
3 212
16 98
16 99
17 1346
1 2288
17 457
1 2289
1 2290
1 2291
0 2292
2 266
46 2293
3 414
1 2294
15 597
46 2266
0 1231
11 547
39 1125
17 466
0 910
11 1806
4 313
0 93
0 632
17 2295
14 2296
17 1656
6 2285
0 633
17 132
1 2297
4 1924
16 2298
46 310
3 2299
17 350
46 30
46 965
6 467
3 468
69 429
17 120
0 2300
17 1543
3 24
3 62
3 2301
69 2302
46 2303
2 2304
11 200
6 2305
17 671
1 2306
5 418
16 2307
17 2308
0 102
69 7
44 284
29 2309
17 2310
16 367
69 8
6 2311
1 2312
16 2313
29 370
11 195
3 2161
0 100
11 682
69 2314
2 7
2 8
0 628
3 184
69 2315
69 715
17 41
1 2316
52 101
0 479
6 2317
0 1029
69 2318
33 2319
4 2320
17 2161
16 2321
15 903
4 737
2 715
46 964
6 1163
17 530
39 773
44 1403
16 1031
14 393
0 1562
15 2322
6 479
2 2323
14 2014
14 377
16 1325
3 2324
4 897
6 2325
69 2326
69 1129
14 2327
16 1587
28 430
2 2315
37 2328
17 2329
52 97
16 273
69 2330
0 340
1 2331
2 1217
17 2332
11 323
14 451
6 1859
11 593
17 2333
69 531
3 2334
6 2335
69 726
2 1129
17 547
2 1209
15 41
15 2336
4 285
6 155
17 2337
6 1215
29 2338
6 374
0 2339
69 2340
16 2341
17 60
17 2342
6 2343
6 2344
46 2345
17 2346
14 388
14 2347
69 727
2 726
17 769
0 835
4 2348
0 101
14 2349
11 737
29 482
17 581
29 2350
6 932
11 482
16 830
29 2351
4 1268
0 2352
46 837
46 2353
52 2354
11 94
2 727
46 2355
44 314
15 60
6 324
46 368
16 1326
6 274
17 274
69 2356
14 1065
36 125
69 2357
0 2358
14 1629
17 2359
39 26
44 1217
4 1468
14 395
4 2360
6 2361
14 284
39 774
44 343
0 99
0 98
3 465
3 2362
5 363
69 176
14 2363
14 1468
3 2285
3 2364
3 838
3 2365
3 2366
15 2367
0 2368
69 2369
0 289
17 31
69 181
17 30
0 1010
6 2370
69 410
46 845
4 2371
1 2372
29 739
0 778
0 780
6 318
2 739
14 2373
1 2374
6 490
46 843
14 1265
52 567
1 2375
69 2358
29 2191
3 176
46 1475
0 949
3 140
3 2376
15 455
3 996
5 2377
69 21
0 225
4 310
3 1271
2 2378
0 1573
14 2379
6 2380
0 1278
14 1113
0 2381
14 2382
2 101
0 478
0 2383
17 340
1 2384
1 2385
0 237
17 590
1 2386
1 2387
1 2388
16 1234
16 676
1 2389
16 2113
0 2325
1 63
1 2390
1 2391
1 2392
1 2393
14 1093
6 1425
15 2394
5 676
3 59
4 2110
36 2395
1 2396
17 2397
69 702
14 2358
1 2398
1 2399
1 2400
1 2401
1 2402
4 2403
1 2404
16 274
52 120
16 636
1 2405
1 2406
1 2407
1 2408
1 2409
52 2410
69 1955
46 297
3 1537
69 2411
3 23
14 2301
52 2412
1 2413
1 2414
14 1084
1 2415
1 2416
4 2417
14 2418
69 221
4 2419
29 2420
2 262
29 2421
46 2422
46 1599
69 2423
29 2424
16 648
0 688
29 2425
46 1600
29 94
5 636
5 1599
5 635
2 2426
5 1600
29 2427
46 1602
5 1602
1 2428
29 2429
4 2430
6 794
17 2431
1 2432
1 2433
46 2434
1 2435
0 2094
15 595
17 794
3 1829
1 2436
11 429
29 2437
1 2438
16 199
29 2439
29 2440
1 2441
1 2442
1 2443
1 2444
0 198
4 1435
29 2445
6 254
6 2446
6 2447
15 171
1 2448
1 2449
2 2450
3 903
16 629
2 1251
17 2451
3 2452
3 644
29 2453
16 343
6 1212
17 486
29 2454
29 2455
1 2456
1 2457
1 2458
1 2459
3 2460
3 818
29 2461
5 2462
29 2463
1 2464
1 2465
1 2466
1 2467
69 758
1 2468
1 2469
6 2301
29 2470
1 2471
2 2472
15 133
1 2473
1 2474
1 2475
1 2476
1 2477
1 2478
46 2479
3 498
4 1057
3 794
5 1128
0 2480
37 901
6 861
4 1354
3 22
3 2481
5 98
52 1345
3 2482
1 2483
29 2484
5 2485
29 2486
36 2487
29 1022
28 580
17 297
52 2488
28 737
16 1178
37 595
16 1976
16 2489
37 123
16 1979
1 2490
14 461
6 811
16 64
15 31
15 374
4 2491
4 480
29 2492
1 2493
16 2494
29 908
52 2495
3 2496
1 2497
0 323
39 503
3 2498
39 2499
2 126
52 396
1 2500
6 398
69 2501
29 2502
44 2134
3 172
29 2358
29 25
36 1178
46 2503
29 2504
2 2505
52 2506
29 2507
15 2508
15 2509
46 2510
17 1271
0 805
46 1497
4 2511
0 388
4 418
39 1831
46 2512
46 2513
4 2514
2 905
46 153
17 903
6 2515
3 2516
29 259
0 2517
3 2518
6 808
14 2519
29 289
29 681
29 1625
1 2520
17 2521
1 2522
1 2523
1 2524
1 2525
1 2526
1 2527
3 2528
15 2134
15 214
3 309
2 2529
634 29
29 7
29 41
46 2530
36 358
1 2531
1 2532
1 2533
29 702
1 2534
1 2535
1 2536
1 2537
3 1264
46 1474
46 846
46 288
4 297
1 2538
1 2539
14 2540
52 155
3 596
29 2541
29 715
3 126
2 343
5 56
52 500
5 201
52 2542
29 620
3 2543
3 2544
1 2545
1 2546
1 2547
14 2548
5 40
52 340
29 60
2 468
5 405
15 182
3 2549
3 2550
5 203
14 1314
29 850
29 2551
29 1131
29 2151
5 259
5 2552
46 336
11 350
5 2553
29 726
5 57
29 129
5 206
5 2554
1 2555
1 2556
1 2557
14 346
5 406
5 2558
0 1425
5 388
44 73
11 1259
52 2559
44 1735
11 1808
46 287
11 1810
1 2560
1 2561
29 727
11 66
11 2562
3 2113
11 2563
69 2564
1 2565
1 2566
11 396
29 1994
1 2567
29 363
2 2356
5 2276
16 1262
46 839
3 2119
3 716
11 835
5 626
3 2568
15 361
17 429
3 417
14 2569
28 2570
6 2571
14 2572
17 2573
5 1829
6 213
17 2574
16 1782
4 2575
0 897
17 2576
5 101
16 2577
5 2578
6 41
3 361
3 2579
29 844
2 2506
0 2580
17 2581
0 2582
29 845
5 963
69 2583
14 1059
16 907
16 2584
16 2585
11 620
11 739
0 567
11 2586
14 2587
5 20
52 356
11 216
69 2588
5 2589
5 281
5 2590
17 1607
0 2591
36 580
46 289
29 99
0 2592
29 98
69 466
46 2593
11 1651
33 580
3 2594
5 204
46 2595
14 399
11 2573
6 856
46 2596
28 195
11 2574
69 83
6 2597
16 2598
4 1142
69 1150
16 195
3 254
11 25
44 97
0 2599
11 2600
3 2601
17 2602
1 2603
46 458
17 371
29 959
4 185
29 249
29 655
52 134
4 2604
52 688
17 323
69 959
14 541
44 253
17 2026
46 2605
0 2606
0 2607
15 109
69 2608
1 2609
6 2610
28 1150
0 199
1 2611
17 847
16 2612
16 1215
3 388
29 2613
17 1866
3 2614
69 2615
14 2616
14 555
69 728
14 2617
44 131
5 2618
16 212
11 1238
6 1231
69 1463
3 798
4 2619
3 2620
69 2541
6 901
6 2621
6 1084
3 2622
11 99
0 2623
29 2624
17 2625
11 22
6 60
4 1799
6 2626
6 123
16 496
6 2271
69 2627
4 2178
3 282
5 2628
4 2629
69 331
17 2630
2 345
11 62
17 1829
44 1265
3 433
6 532
5 1607
0 727
0 463
3 2631
11 24
2 2632
4 547
1 2633
2 2634
17 2635
5 2636
5 1175
3 2637
6 596
2 2638
6 1823
2 710
46 438
16 2639
17 1823
4 2640
15 483
16 1538
15 2641
6 554
6 159
0 2642
52 255
52 2573
5 2424
5 2643
0 121
1 2644
1 2645
0 2646
1 2647
14 2648
15 184
1 2649
14 512
6 1271
17 1791
46 1139
5 261
0 2650
6 521
14 2651
69 2652
52 411
4 487
17 2014
0 371
69 2653
16 2654
3 113
15 694
28 979
3 2655
0 285
3 2656
0 2657
3 2658
3 2659
4 31
17 998
1 2660
1 2661
1 2662
6 2339
17 362
17 2663
0 1522
6 2664
6 992
6 1047
1 2665
6 979
6 496
6 228
52 102
0 2666
15 363
2 2667
17 979
0 1108
28 980
3 659
6 221
6 2668
3 280
1 2669
5 289
2 2670
6 980
3 453
29 8
17 2671
4 2452
15 569
17 980
1 2672
1 2673
6 648
0 2674
46 2675
16 590
15 2676
16 2677
6 2678
1 2679
6 163
44 361
69 1229
69 468
3 559
16 2680
69 62
3 2681
28 728
52 150
14 739
14 976
69 24
14 1512
16 2563
1 2682
3 2683
5 1590
69 2684
6 2685
17 728
17 287
29 652
28 1217
28 1823
17 1537
0 413
5 274
6 2686
17 2687
46 440
5 1749
6 176
4 2688
0 2689
16 535
28 1810
0 2690
28 1808
1 2691
1 2692
29 21
6 2693
14 63
1 2694
1 2326
1 2695
17 192
15 1590
17 388
69 2696
6 2697
1 2698
1 2699
1 2700
1 2701
1 2702
1 2357
1 2703
1 2704
6 2687
5 1866
1 2705
44 1823
3 864
1 2706
1 2707
1 2708
4 1912
46 2709
15 2453
44 184
4 1674
16 197
29 1133
1 2710
69 19
44 61
17 1047
1 2711
1 2712
15 1973
3 1592
4 255
29 992
16 2713
3 1299
15 2714
69 2715
5 2716
29 32
6 2102
11 2717
1 2718
4 253
11 297
17 254
3 862
44 120
6 399
3 1197
16 767
2 172
1 2719
44 1865
15 1749
1 2720
16 2721
17 2722
4 2723
0 2724
0 828
0 370
3 134
16 1784
1 2725
3 1823
4 2726
17 487
46 2727
0 2728
5 2729
0 194
11 2730
16 1808
16 2731
1 2732
11 2733
0 2734
46 2735
14 1811
3 94
1 2736
1 2737
1 2738
69 2739
0 2740
0 1600
11 2741
0 1602
16 2742
69 2743
2 2744
16 1810
5 2745
69 2746
69 271
44 680
17 2747
6 468
0 1599
16 2748
16 1122
16 438
6 62
4 580
6 126
17 1893
6 24
0 2749
3 398
4 2750
6 2751
29 241
46 268
14 370
17 2752
4 2753
29 2517
69 1258
0 2754
11 2282
4 63
3 487
1 2755
1 2756
1 2757
15 2758
0 959
29 1735
1 2759
1 2760
5 2038
0 8
0 79
52 113
15 2761
1 2762
1 2763
46 342
5 411
28 937
3 2764
14 73
11 126
29 34
0 362
17 172
69 2765
28 1047
46 1510
69 1217
1 2766
0 32
0 346
3 2134
16 2767
5 2768
0 715
17 648
5 132
4 2769
1 2770
5 2771
5 114
1 2772
5 620
6 2773
6 2774
69 2775
2 336
11 1705
14 917
6 1572
16 2776
16 2777
16 2778
5 2779
15 2780
4 1131
5 2781
3 114
6 2782
2 303
2 234
0 2418
0 725
15 2783
5 262
28 77
29 937
28 614
5 435
14 2784
69 2785
69 2786
29 1865
14 2787
17 2788
52 61
0 2789
0 726
6 978
4 857
46 2790
69 361
17 553
14 129
15 2300
29 408
3 166
16 2791
0 268
3 2792
6 22
3 2793
2 361
0 978
3 1314
0 20
14 133
2 153
69 23
5 448
0 235
2 320
6 2794
3 275
0 324
2 637
5 1259
69 327
4 114
3 917
29 87
5 2795
5 320
16 2368
16 2796
69 2797
2 20
1 2798
1 2799
52 429
1 2800
5 2801
1 2802
1 2803
1 2804
1 2805
17 1039
15 2461
4 2806
14 61
0 343
3 1607
5 121
17 7
6 788
3 274
46 2807
17 715
3 2808
17 702
44 356
0 2809
4 100
5 940
5 55
3 1552
4 340
17 2810
4 2811
14 2812
29 2813
16 2814
17 2541
3 1081
1 2815
1 2816
17 2615
15 216
5 2817
1 2818
46 439
46 503
52 486
17 2819
0 429
0 482
46 504
17 1129
15 580
17 248
17 2820
3 1655
0 2573
29 598
14 671
14 2821
2 2822
29 2615
17 222
0 2574
6 2267
6 2823
16 2824
0 297
17 2494
11 301
4 284
0 2825
17 1735
2 1293
4 905
16 1735
2 259
17 726
16 2826
69 2827
1 2828
1 2829
16 254
0 739
14 197
4 2830
4 2831
3 320
17 2505
52 100
5 1366
69 2832
3 1945
4 1314
4 2833
17 2834
17 727
1 2835
29 1274
16 2836
4 824
0 702
4 926
17 2837
29 1708
0 7
46 101
17 10
4 67
0 2838
2 2839
0 2541
29 2840
0 2841
52 320
0 2842
17 1812
46 985
46 441
6 559
0 2615
46 200
28 176
44 2843
17 67
5 109
29 2844
16 313
5 171
3 767
4 553
14 97
16 2845
4 2142
14 2491
0 2846
0 2847
0 2848
69 126
4 196
4 192
14 2849
2 2850
4 2851
14 207
16 1265
28 324
4 2852
3 787
17 21
3 1193
17 2853
16 2854
44 2855
15 1082
16 2717
16 94
5 255
6 667
3 325
3 190
69 2856
16 2857
52 902
17 55
4 25
0 21
0 2858
11 2859
4 1119
17 2840
14 1778
0 320
0 2860
6 100
1 2861
17 2862
44 218
6 2863
46 363
28 917
1 2864
1 2865
46 2397
17 261
4 2573
29 65
29 270
29 300
6 174
6 2866
6 320
2 2867
5 243
44 569
2 2868
2 2869
5 1193
29 736
44 124
17 2870
46 143
69 2871
1 2872
14 1912
11 172
6 1314
29 817
17 57
0 1232
14 120
52 184
16 320
44 154
0 2873
5 496
0 2874
69 839
16 200
69 837
69 140
39 331
14 340
46 2875
46 84
4 400
0 2876
29 276
15 453
15 38
5 327
4 597
11 212
17 56
0 34
52 1358
3 2823
3 2877
29 2878
16 1047
3 2879
5 331
46 2880
0 2104
3 2881
6 266
29 2356
5 1567
15 629
28 266
14 355
52 2882
44 2883
11 570
17 1209
52 1572
1 2884
1 2885
1 2886
5 1039
0 1113
3 521
3 1590
3 1749
29 2887
46 1604
44 320
37 1047
46 2888
44 20
1 2889
1 2890
1 2891
44 123
16 1537
69 1474
1 2892
1 2893
69 845
69 846
36 1251
29 215
46 2894
69 844
46 2895
2 2896
3 581
11 98
52 2897
29 1749
46 1631
14 1122
5 252
29 307
29 466
1 2898
1 2899
37 2900
0 272
37 963
14 2901
28 22
28 62
29 114
28 24
1 2902
1 2903
1 2904
29 767
29 2905
3 683
3 2163
15 2358
46 106
16 1829
11 2472
0 174
0 670
14 1717
2 738
29 274
3 1648
44 178
14 514
17 454
1 2906
4 2907
29 208
1 2908
1 2909
29 2910
37 225
1 2911
2 213
4 2912
1 2913
52 2574
1 2914
1 2915
1 2916
1 2917
1 2918
3 99
3 590
46 2040
5 197
46 676
2 1626
11 330
15 255
29 2919
17 2472
3 243
46 2920
1 2921
1 2922
1 2923
3 1629
3 2924
29 1234
46 2590
4 222
14 903
17 1865
11 2925
4 249
4 2926
17 2927
11 2928
3 2929
3 837
11 2513
16 1865
4 2930
5 2931
0 2932
2 212
5 207
0 2933
2 223
2 541
17 262
4 706
3 231
17 2934
46 2935
3 2936
2 2937
44 2938
29 2939
29 2940
6 301
3 839
0 2941
16 314
0 2942
17 1905
5 521
11 1314
52 324
4 2394
46 2943
15 2944
3 845
3 844
3 1656
1 2945
3 1475
3 843
29 2946
5 565
14 196
4 198
1 2947
1 2948
1 2949
17 210
29 341
4 1117
44 220
11 1768
4 916
29 626
46 2950
14 2951
29 590
3 2952
16 453
46 1369
29 280
17 2953
4 735
15 212
39 327
6 299
44 465
0 172
3 1831
5 2954
29 2955
1 2956
3 2347
3 1946
17 2957
6 2327
46 2958
5 2959
3 2960
36 1023
6 338
29 1092
2 2961
16 388
3 2962
46 1265
16 788
29 95
3 530
11 140
3 410
3 1708
29 283
6 2963
29 2964
11 23
29 453
46 1540
46 2965
46 1135
4 2966
11 410
3 2967
52 1463
29 130
15 847
6 2962
52 1061
5 1191
5 2968
4 2969
5 2970
5 2971
29 1447
46 2972
5 2973
5 2974
5 2975
29 85
5 324
5 315
52 2976
29 2977
29 2978
2 2979
5 1251
11 253
6 2980
46 2981
15 264
3 901
15 253
5 655
29 986
5 284
29 1065
5 1577
5 2982
3 1011
5 2983
16 1238
6 2984
2 197
11 144
3 676
5 2985
46 2986
52 215
5 2987
5 2988
5 2989
5 27
1 2990
29 206
46 2472
5 2991
0 2992
1 2993
5 2994
2 2995
2 243
1 2996
46 2279
5 2997
15 2998
2 1537
5 2999
69 773
2 207
6 1351
29 3000
69 774
11 1752
29 1719
11 847
4 3001
52 2540
4 3002
46 2573
0 3003
46 2574
46 429
2 2540
29 86
5 438
29 204
69 113
52 144
4 2328
5 1512
5 372
1 3004
5 3005
5 487
5 106
1 3006
3 2244
3 2185
3 2178
46 976
2 530
4 3007
52 384
29 1259
3 934
52 106
3 3008
3 532
15 276
2 670
16 397
3 384
0 653
15 410
16 466
15 270
52 3009
17 268
3 1010
3 591
3 2322
69 2284
46 1873
3 464
52 655
46 3010
3 3011
29 1260
29 3012
1 3013
15 310
29 3014
5 1022
46 132
29 3015
5 3016
0 3011
5 1083
29 1284
6 489
14 3017
29 1435
6 81
29 1427
29 1724
29 1289
6 3018
6 1503
5 1912
2 650
14 2261
29 1336
15 282
2 362
52 228
2 3019
5 527
2 314
5 3020
28 126
15 275
16 546
29 570
3021 3
3 3022
29 3023
14 737
29 828
14 3024
29 203
29 1415
29 748
5 31
3 3025
52 905
2 2559
15 208
5 3026
2 3027
29 3028
15 3029
15 540
29 637
52 3030
2 722
2 3031
5 1435
46 113
5 3032
5 3033
29 101
69 3034
29 344
29 3035
46 3036
2 3037
28 540
5 1232
3 3038
3 153
2 388
15 144
14 1537
29 683
29 1279
2 144
3 493
3 495
29 521
5 3039
29 3040
46 3041
15 3042
46 1141
3043 127
29 79
29 3044
29 820
29 411
29 2423
29 1209
2 3045
28 81
2 81
29 3046
5 3047
2 174
15 464
46 100
1 3048
3 123
5 513
46 408
29 1955
46 344
29 3049
3 3050
52 223
5 457
5 511
3 3051
5 1522
29 2992
3 3052
4 1116
5 1735
46 27
5 1562
4 3053
29 2178
29 3054
4 3055
11 340
2 1128
3 923
29 1157
2 3056
52 3057
3 3058
2 1314
5 300
29 996
29 815
15 280
6 3059
5 384
5 710
4 368
5 398
29 604
11 626
11 590
52 1590
29 1957
3 805
3 3060
2 1912
46 697
6 3061
5 629
3 3062
29 671
3 920
5 123
15 3062
6 3063
6 3053
29 272
5 287
4 1751
4 1812
46 604
6 3064
4 3065
5 1923
28 15
5 1767
5 2345
5 1427
5 554
5 614
15 283
6 592
29 1281
29 3066
5 3067
16 3068
46 3069
29 3070
15 190
29 3071
29 3072
16 3073
2 3074
29 3075
29 3076
16 281
5 3077
29 1520
29 3078
4 3079
2 133
29 1271
29 968
5 3080
3 846
6 3081
6 3082
4 3083
52 1749
46 1522
5 77
5 155
46 779
4 724
39 195
2 2220
5 847
4 536
5 370
29 3084
5 1823
15 1463
4 397
29 3085
2 3086
2 3087
5 3088
5 176
29 717
4 2054
6 3089
5 3090
5 102
14 3091
52 284
36 3092
4 593
29 3093
14 3094
36 681
33 3095
33 671
33 2837
4 1858
4 3096
37 3097
4 3098
46 3099
46 3100
4 314
36 3101
2 384
37 3102
33 1150
37 2505
5 159
29 454
4 2777
4 1821
5 150
36 3103
33 73
6 3104
29 3105
5 3106
4 3107
5 3108
2 1415
36 1047
36 1626
5 225
5 181
4 3109
5 340
4 2780
5 3110
5 100
4 3111
29 496
4 2713
29 398
46 3112
4 3113
36 3114
17 1751
37 707
4 3115
37 709
4 3116
4 3117
37 3118
11 3119
5 3120
2 3121
4 3122
37 3123
37 98
29 892
37 3124
37 3125
36 3126
6 3127
36 1692
5 1865
33 61
5 1047
2 350
33 97
3 1562
5 2765
15 3128
5 221
3 64
4 3129
4 3130
3 294
2 511
3 1543
44 3131
2 513
3 3132
5 341
3 708
46 348
14 344
11 215
11 3133
4 3134
4 3135
29 2315
17 1379
2 3136
11 1152
11 289
29 1351
15 3137
69 917
52 1101
5 1771
15 380
14 806
3 3138
69 604
11 3139
1 3140
3 1804
3 367
14 123
14 1804
3 2834
36 77
4 3141
52 3142
46 3143
4 2061
33 1061
5 899
5 343
52 2723
16 3144
17 3145
29 3146
3147 5
5 410
4 3148
4 3149
3 43
3 394
4 307
4 3150
5 547
4 3151
4 3152
4 3153
29 3154
4 3155
39 565
4 282
4 3156
4 3157
29 3158
2 171
4 3159
4 3160
4 3161
52 2851
39 2030
46 580
46 847
4 3162
2 921
4 3163
2 3164
29 1316
1 3165
4 2113
39 1599
4 3166
4 3167
39 1600
11 1673
39 1602
3 1474
5 532
4 3168
4 190
1 3169
1 3170
1 3171
4 3172
2 2335
4 3173
4 3174
36 567
33 1217
5 3175
2 1915
11 656
36 314
37 458
4 3176
3 886
2 1919
36 834
33 120
4 3177
4 3178
33 1265
33 3179
4 3180
4 3181
14 1026
2 310
2 30
4 3182
29 3183
33 2934
52 372
4 3184
4 3185
29 3186
36 374
39 192
52 281
4 1536
36 3187
6 897
14 3188
4 3189
15 819
11 356
5 3190
11 344
44 2293
4 3191
4 3192
37 2462
15 737
37 3193
4 3194
2 297
17 1234
4 3195
39 3196
4 1369
39 59
4 280
3 3197
15 84
6 3198
4 3199
4 3200
4 3201
4 3202
39 1808
39 1810
33 178
4 2576
4 3203
36 1212
4 3204
11 1153
4 1264
4 3205
4 3206
36 176
4 3207
4 3208
4 3209
4 3210
4 331
4 1173
33 2843
4 3211
4 3212
3 127
4 3213
4 3214
37 368
4 3215
4 3216
4 3217
36 3218
36 503
4 3219
4 3220
4 3221
4 3222
4 3223
4 3224
69 926
29 3225
46 314
52 1007
33 3008
36 837
46 1251
46 3226
69 1119
52 1562
4 98
4 99
39 3227
37 1234
46 3228
52 3229
29 2284
29 979
33 2347
46 3230
33 100
36 3231
52 3232
33 192
3 1107
14 3233
39 67
29 980
29 3234
17 923
29 744
39 222
37 512
0 287
36 839
46 3235
36 346
52 1084
4 2104
69 3236
16 3237
46 3238
2 2276
2 450
46 3239
52 3240
2 3241
2 3242
46 3243
5 3244
3 3245
36 846
36 844
36 845
3 1826
36 843
5 194
37 1567
3 1105
29 207
29 3246
5 2734
3 204
3 1651
3 108
5 1626
3 3247
3 1731
3 1784
3 324
2 1520
5 3248
2 1107
6 3249
44 3250
36 3251
17 3252
4 3253
11 458
2 3254
2 3255
5 486
5 3256
2 216
69 290
2 3257
28 23
5 344
46 10
5 468
5 408
2 103
11 581
5 62
46 2494
3 2752
17 3258
5 24
5 299
3 313
3 10
5 22
3 3193
2 3259
46 3260
39 284
3 497
3 1918
3 155
3 2494
14 225
3 3261
4 3262
46 65
2 3263
2 3264
46 324
5 103
2 794
5 3265
29 2793
2 825
44 461
5 1692
33 514
2 221
1 3266
5 234
5 1710
52 218
5 2061
2 655
46 3267
46 3268
5 1775
5 2299
52 515
2 3269
16 434
46 3270
2 1494
44 87
52 3271
3 806
2 3272
3 1229
3 288
3 745
2 253
36 3273
4 327
29 868
5 3274
52 124
52 3275
33 3276
37 3277
33 162
5 862
5 3095
33 67
5 3278
37 3279
69 925
33 112
2 3280
69 924
2 927
2 152
1 3281
33 222
2 928
5 3282
2 559
33 110
46 2663
5 140
11 1271
5 23
33 438
33 111
3 3283
0 2687
46 527
0 1353
2 410
16 3284
2 340
0 3285
0 3286
1 3287
52 3288
29 3289
46 3290
29 903
4 729
29 343
52 3291
46 3292
14 1105
2 255
28 1768
5 482
2 3293
2 1592
3 1917
2 254
5 97
6 787
52 1047
0 917
2 25
5 670
0 398
6 3294
5 3295
0 2681
1 3296
16 3297
1 3298
28 181
2 625
17 3299
3 301
3300 1
4 194
6 653
0 1128
52 569
5 454
5 1215
16 331
17 3301
16 3302
5 1369
17 218
17 1520
16 3303
4 370
16 866
4 295
1 3304
17 93
4 3305
17 219
2 1264
1 3306
1 3307
16 3308
16 1778
69 3309
1 3310
28 655
6 2292
17 1029
5 1669
4 1191
6 38
4 55
28 285
4 1771
6 1537
4 2734
4 3311
0 3312
0 905
69 3313
6 331
29 3314
4 393
17 154
14 897
6 166
4 2014
6 35
4 1215
17 124
6 18
6 2134
29 3315
4 205
3 779
4 3316
6 1829
69 97
69 3317
17 3318
16 1932
4 806
16 500
4 395
69 995
29 914
69 363
14 3319
16 3320
0 259
17 216
4 3321
5 3322
0 1823
28 361
14 3323
69 3324
4 2809
5 3325
6 995
14 743
5 345
16 3326
3 3327
4 2758
4 586
4 3328
4 1010
17 3329
6 3330
0 3331
46 3332
14 629
6 3333
15 1251
4 3334
17 1243
6 1115
52 1314
6 2164
16 3335
4 3336
4 595
15 995
15 165
52 154
0 3337
16 3338
15 20
14 1415
2 3339
17 1122
29 3340
39 1775
3 527
37 3341
14 3342
14 1502
6 3343
17 1078
3 3344
1 3345
1 3346
1 198
6 327
14 595
14 3347
1 3348
1 3349
1 3350
1 3351
17 3352
17 1057
1 3353
1 3354
1 3355
1 3356
16 3357
17 384
15 102
6 1568
6 1565
1566 15
2 3358
15 825
11 917
2 3359
4 396
52 1029
4 805
46 3360
28 880
14 493
14 495
6 2014
69 3361
28 482
1 3362
1 3363
16 1427
16 327
15 150
28 787
4 3364
4 3365
0 2729
16 3366
28 297
17 220
4 414
14 3367
4 3368
52 3369
15 134
69 2279
46 3370
14 413
14 904
5 217
0 3371
5 41
14 175
16 441
2 3372
2 3373
52 3374
2 1273
2 295
14 3375
2 330
2 237
52 220
2 3376
29 3377
44 159
44 593
44 397
2 215
15 1023
5 126
28 681
2 3378
15 106
5 3379
0 465
5 60
2 3380
15 1873
2 3381
2 585
3 98
15 3382
44 125
2 570
5 301
44 3383
39 121
37 1735
37 3384
29 2590
39 393
36 3385
39 264
36 194
15 1357
28 140
39 2014
36 3386
36 2261
46 530
39 395
15 2334
15 487
33 3387
36 3388
36 3389
36 3390
2 224
36 134
36 3391
2 486
15 486
4 767
14 2505
4 3392
923 1
923 3393
44 825
923 3394
923 3395
4 3396
46 512
46 835
29 3397
2 301
44 153
44 3398
17 2292
17 3399
44 237
52 3400
44 288
29 243
52 1156
44 336
5 1530
5 1125
28 3401
2 432
2 3402
5 1007
52 1787
2 435
6 3403
2 393
52 121
17 295
11 880
44 1435
39 779
16 3404
2 3405
39 899
44 287
1 3406
2 1446
29 2418
46 466
5 992
14 2960
2 3407
44 716
44 150
2 3408
16 555
5 223
28 819
44 27
2 448
2 3409
29 3410
2 3411
17 3412
29 162
17 3413
37 1865
36 3414
6 1775
17 1609
36 252
37 3415
36 3416
39 330
33 3417
36 3418
15 826
46 3419
14 1526
2 3420
16 102
2 294
44 1859
5 164
29 112
0 927
44 95
14 1527
16 607
2 275
16 486
29 3421
44 2397
52 3422
2 466
2 190
44 3088
44 85
5 205
2 1358
44 130
2 3423
2 3424
44 268
29 192
16 3425
5 1983
1 3426
2 3427
52 20
5 54
44 2642
16 1629
16 1708
5 2070
5 3428
2 2462
44 1007
2 264
46 534
44 342
69 465
44 769
2 395
17 3429
44 2070
2 656
46 830
44 86
52 880
5 3430
6 2480
15 3431
17 1369
5 880
16 3432
44 223
4 454
44 1555
15 2570
4 2668
46 18
44 1719
44 381
11 53
44 3433
46 3434
52 53
46 3435
2 1502
46 3436
44 106
46 1562
46 3437
46 3438
3 2046
46 3439
44 430
36 3440
29 67
29 222
5 53
5 3441
29 110
39 3442
29 3443
44 3444
44 185
29 111
16 2758
4 3445
4 3446
17 555
4 1082
44 1559
2 3447
5 134
52 133
17 1830
5 3448
14 1299
14 862
17 3449
14 3095
15 1178
44 2076
69 694
15 516
46 3450
46 3451
46 3073
36 2734
46 1785
5 451
44 2074
5 2397
44 2075
2 284
46 899
44 455
5 3452
52 1107
44 2509
5 769
44 459
17 1174
17 2654
44 1517
17 1730
44 710
2 847
46 3453
5 2110
5 174
5 2258
5 897
16 3454
16 3455
16 862
16 3095
4 1150
16 3456
6 1590
6 1749
16 3457
39 903
6 63
44 3458
16 3459
52 201
4 3460
16 837
69 3461
17 3462
52 213
52 3463
16 1186
46 3464
44 299
11 2540
46 541
44 1778
52 393
46 905
16 123
2 3465
46 917
46 3466
28 1142
11 512
16 839
52 395
52 40
44 3338
5 142
36 79
33 3467
44 607
5 1150
52 314
52 2311
46 3468
52 405
52 259
16 844
16 846
16 1474
16 1475
52 202
3 372
3 2599
3 492
5 459
3 1172
16 3469
0 1234
3 567
4 3470
44 580
17 174
46 1234
16 3313
3 500
3 727
3 259
52 406
11 342
3 1030
3 2098
15 3446
3 3471
11 287
5 467
52 3472
44 3473
11 336
52 3474
11 3475
16 3476
4 1217
46 3477
52 917
28 3478
17 3093
17 3479
44 1234
17 3480
69 978
5 1161
46 3481
2 773
46 63
52 174
2 774
36 1369
17 3482
16 300
11 1492
17 451
11 3483
16 341
4 315
52 1262
6 3484
6 3485
6 3486
44 583
5 348
15 297
6 262
11 3487
5 1217
17 1358
5 3488
6 3489
6 413
5 3490
52 1656
2 19
15 456
16 3491
52 377
0 105
3 3492
0 512
16 737
15 93
17 3493
52 777
0 3494
17 2550
6 461
17 1267
17 1103
3 2189
52 1514
6 3495
69 794
69 2080
3 297
3 1178
17 3496
44 773
17 1182
3 1062
3 2607
11 646
52 388
4 493
3 897
4 495
46 3497
6 3498
46 1029
46 38
11 3499
6 728
52 3500
52 3501
52 379
52 3502
4 3503
3 449
15 498
44 274
28 372
17 1425
52 1115
6 3446
4 3504
4 3505
4 3506
11 1615
4 409
44 774
6 252
6 1082
28 493
16 114
17 3507
44 739
28 495
6 3508
28 214
6 3509
4 38
52 3510
4 113
46 3511
46 294
4 521
15 594
69 3512
17 3513
2 1065
3 3514
46 102
5 379
3 3515
16 948
0 532
3 3516
69 153
44 3517
3 3518
46 487
6 3519
46 105
4 516
4 330
17 3520
6 3521
5 493
5 3269
28 121
1 3522
0 794
0 3523
28 380
17 1231
14 3524
4 3525
17 3526
5 495
28 182
44 7
44 702
3 3527
17 3528
15 3529
3 3530
4 3531
14 327
4 2929
44 715
52 832
6 3532
6 3528
5 3533
3 3534
0 2540
46 3535
14 331
52 3536
4 3537
3 3538
69 1365
44 2423
5 3539
52 3540
17 3541
15 1859
46 334
44 1129
69 2540
11 3542
11 346
5 3027
17 3543
44 726
15 3544
2 27
46 3545
0 3546
52 3547
44 2615
14 134
0 213
2 1062
3 323
6 55
3 1983
16 905
44 727
3 3548
17 723
44 226
52 3549
4 3550
14 3551
0 1492
1 3552
1 3553
5 1257
3 3554
2 461
5 1813
3 1259
0 1065
11 10
28 301
3 441
1 3555
1 3556
1 3557
1 3558
17 3559
3 200
1 3560
1 3561
1 3562
4 3563
11 2494
46 3564
44 491
17 1215
17 697
28 1251
0 864
17 1731
0 3565
4 3566
11 343
6 3567
46 1425
6 3568
44 3569
6 3570
4 1232
0 1357
3 458
0 3571
28 512
17 302
2 1599
5 3572
52 3573
6 411
16 934
69 226
6 3574
17 3575
1 3576
15 223
4 3577
11 363
3 450
6 3062
28 331
2 1600
15 3578
15 2689
6 1150
3 1150
15 567
15 3051
3 3442
0 604
0 802
14 1775
28 3051
4 1682
4 3579
17 1232
46 3580
14 2102
17 1590
2 3062
0 3581
44 2452
4 3582
6 594
17 1749
16 3583
0 1314
0 3584
0 3138
17 628
4 1271
4 862
69 547
4 1197
44 1092
2 1602
3 3585
11 109
4 2895
0 3586
17 2339
6 1217
11 3587
28 1265
6 1011
14 565
11 2397
0 1083
17 2721
4 1624
4 212
17 399
2 1859
28 3062
4 254
4 1011
17 3588
17 3589
2 3590
4 96
16 206
5 336
4 367
0 1634
44 32
15 3591
6 23
69 1829
17 394
14 1191
3 1056
4 204
15 3592
14 655
44 1360
17 607
44 3593
16 57
11 171
28 1435
3 866
4 215
44 2929
52 3594
0 1435
6 3592
6 1342
3 3595
0 1811
3 2286
4 3596
3 503
1 3597
17 3598
6 3599
46 3600
2 3601
44 21
5 3602
69 1966
4 79
46 3603
17 3604
14 3605
28 3283
2 3606
1 3607
1 3608
69 1970
0 538
4 2962
17 3609
1 3610
1 3611
69 266
17 1912
0 977
69 1484
0 913
16 56
14 3612
11 3613
3 3614
3 648
17 459
1 3615
17 3616
46 3617
44 3070
2 102
3 3618
14 604
6 140
17 3591
69 597
1 3619
0 3062
2 459
3 284
3 198
52 802
1 3620
1 3621
1 3622
1 3623
1 3624
1 3625
1 3626
69 802
5 2670
1 3627
1 3628
1 3629
1 3630
3 2941
3 1427
3 620
3 3631
16 3632
1 3633
46 435
1 1590
5 3634
3 159
15 3635
11 497
28 345
4 1105
1566 44
44 1061
17 3636
5 3637
5 35
3 3638
52 1859
5 965
69 2962
69 853
0 1265
1 3639
1 3640
4 3186
3 853
0 3641
46 448
3 3642
15 2335
3 1217
52 1342
28 327
11 3643
3 264
4 3644
28 899
46 53
69 300
52 596
46 3645
1 3646
5 196
14 1178
5 3647
14 880
15 3648
17 1007
0 2843
15 3530
4 272
0 847
0 652
4 3649
4 95
69 697
46 3650
0 2855
3 1435
6 165
5 3651
5 853
16 3652
17 3653
69 3654
5 1995
4 1165
11 166
0 55
17 3655
3 152
46 54
2 3656
15 583
11 153
5 787
33 1905
4 3657
4 85
4 3658
4 130
17 2378
17 3659
5 3660
37 3661
17 3662
4 3193
4 3663
2 841
46 223
3 3664
4 594
28 3665
5 3666
17 3667
5 1966
4 648
5 3668
14 837
11 103
46 3330
16 225
28 881
69 1607
4 496
14 1022
46 851
5 215
46 174
0 344
17 3669
17 3670
6 3671
14 3672
15 450
44 458
5 3673
3 3674
46 688
69 1987
1 3675
14 1565
46 3676
17 3677
46 1415
17 949
52 620
14 1568
15 1626
0 3678
46 3679
17 1070
5 3680
17 1187
17 3249
5 845
6 3681
4 86
0 3682
0 607
6 1592
17 3683
6 825
5 837
14 3684
5 3685
11 1695
52 3686
46 3538
14 3687
5 3688
52 3689
33 3690
5 272
0 3024
17 1773
1 3691
2 457
5 735
46 41
5 839
1 3692
1 3693
4 1037
5 758
5 3694
6 3695
3 976
15 3445
3 273
5 3696
52 386
52 178
44 59
1 3697
3 350
2 2879
1 3698
1 3699
1 3700
2 3701
46 684
5 3702
46 1567
14 3703
17 3704
37 197
11 2491
44 2689
46 3705
46 60
1 3706
1 3707
11 3708
46 3472
14 3709
4 216
5 844
3 616
5 843
5 3710
5 846
1 3711
1 3712
1 3713
46 266
11 1663
44 3714
5 38
3 3715
14 839
11 1667
3 1061
1 3716
1 3717
4 1446
2 1090
4 2610
17 3718
4 3719
17 916
0 3720
4 3721
17 3277
37 344
3 3722
46 3723
4 639
69 596
69 1022
52 165
37 207
52 403
46 880
17 1651
0 1774
46 3724
4 821
0 3725
28 3726
0 3727
0 1215
28 706
14 846
3 626
14 1474
14 843
14 1475
3 1690
69 3728
0 454
16 3729
1 3730
69 341
11 84
0 3731
17 1820
69 908
5 1978
46 3732
17 3733
28 439
5 864
3 41
28 440
16 516
17 667
14 379
4 1719
0 1789
0 722
1 3734
1 3735
1 3736
1 3737
6 3738
14 620
44 1124
6 476
6 1887
3 3739
28 3740
16 461
28 837
6 3741
0 3742
4 660
4 3743
2 3744
44 3745
17 2881
17 3744
0 2668
46 3746
16 1037
17 3725
3 60
17 3747
2 925
52 198
46 1107
52 3744
3 3748
4 221
0 1369
0 1271
28 1178
28 3749
52 908
3 3750
14 3751
28 839
17 3752
17 3753
11 1039
14 3754
28 1314
11 3755
46 213
5 3756
0 2111
0 3757
29 189
5 3758
14 3759
2 145
39 152
14 1427
0 832
52 1031
0 1594
5 3760
4 3761
44 933
0 3762
14 3763
28 1475
46 3764
29 147
28 845
28 1474
28 843
52 3765
1 3766
1 3767
3 3768
1 3769
5 3770
5 1233
1 3771
44 206
5 1265
1 3772
1 3773
1 3774
14 3775
3 3776
28 735
5 3777
46 284
46 3778
17 3779
52 1425
46 379
5 3780
28 27
11 300
52 142
52 3781
11 2284
52 3782
69 320
634 28
4 325
11 341
16 1105
46 3757
52 1102
0 3783
2 3784
46 671
46 3785
1 3786
5 3787
15 625
5 1148
46 3788
44 969
46 3789
0 554
11 1262
2 2741
0 3788
44 3790
5 2723
5 3791
46 3792
4 3015
2 3793
46 2371
69 2020
44 393
29 3794
11 254
52 1421
0 3401
17 3795
5 3796
44 2462
0 3759
46 3797
46 1030
52 2026
52 2110
44 3798
44 860
11 1466
46 176
52 237
5 198
44 2347
14 3799
44 395
11 367
69 1102
46 532
44 2315
46 3755
17 2360
4 1258
46 1090
0 3800
2 861
44 3801
46 3802
2 379
44 3446
46 3803
46 3804
44 594
28 2689
46 1427
17 133
17 3534
46 3805
44 3806
3 625
5 350
46 1163
5 3807
46 521
4 159
4 90
44 682
69 1522
46 3808
0 3809
5 3810
52 3811
5 3812
52 3759
15 1314
44 3813
46 1007
29 3814
4 3095
5 362
11 255
52 2308
11 1484
11 1517
0 3193
46 221
44 3815
6 3816
5 3386
2 1799
52 555
44 1101
69 67
52 1484
46 3817
6 523
2 516
6 1963
6 437
4 3818
4 3277
0 862
2 3819
4 3820
44 3821
46 3822
0 1305
5 3823
28 1840
29 188
4 3824
5 3825
4 1265
5 3826
5 794
1 3827
0 521
46 3759
0 3816
46 3828
15 880
28 196
4 3829
11 2358
69 192
44 1011
5 461
5 190
15 1365
11 905
0 252
4 739
6 593
37 1721
17 3830
4 1466
46 3831
2 3785
6 3832
15 811
14 3833
5 2812
14 440
0 3681
3 861
52 3834
14 3835
52 939
46 393
46 22
5 94
44 3836
3 2574
2 1360
0 566
0 928
46 3837
46 3838
11 266
29 3839
15 53
44 968
44 439
29 3840
46 3841
3 2573
46 195
29 522
46 395
44 66
5 3842
52 728
46 3843
46 1150
5 153
44 3844
28 1598
46 62
46 3845
2 2322
46 24
52 1057
44 3271
46 3846
52 2808
6 527
52 1273
4 3847
6 3030
4 3848
1 3849
52 3762
6 3850
46 3851
44 3291
52 3852
69 631
4 248
44 3288
5 199
5 200
46 3853
2 3854
1 3855
44 3856
11 268
52 3857
5 1102
44 498
46 3858
5 380
6 3859
52 3860
2 3762
44 516
2 881
0 1055
44 3861
46 377
4 3862
46 20
52 176
2 1298
6 3863
52 532
52 3864
44 3865
6 3866
46 555
3 299
46 94
46 3867
44 3868
16 196
52 631
69 222
2 2104
52 3757
44 3869
46 388
44 1037
0 1197
5 3870
46 3871
11 709
5 3872
2 998
11 1206
14 439
44 34
0 1056
44 896
0 3710
5 631
5 3873
52 162
2 3743
52 112
5 3874
44 3875
46 3285
44 3876
28 3877
44 3878
15 646
5 3879
46 3880
11 781
3 429
17 3881
46 1229
17 3882
44 3883
4 410
44 3884
17 614
46 1821
44 3885
2 3757
44 3886
52 1502
2 883
46 1217
52 2793
0 3673
5 2113
5 3887
11 1141
44 3008
44 3888
0 3529
52 3889
5 2178
0 3890
52 1186
3 338
46 142
69 3891
0 3892
2 1007
5 3893
5 594
46 3894
46 474
2 1037
5 1278
52 1380
52 1517
44 3895
5 3896
11 273
44 264
44 3897
69 3898
44 3899
4 3900
46 3901
52 3604
634 69
11 384
52 2642
11 3891
1 3902
6 3759
52 221
46 3903
6 1268
69 572
4 453
5 500
6 2543
6 3755
52 1829
4 3904
0 3905
1 3906
52 1537
5 1849
52 3891
52 3755
44 3907
0 3908
52 3909
5 3910
5 3911
0 3912
0 3913
52 883
44 3914
1 3915
52 3916
52 89
46 3917
52 1494
44 3918
52 166
52 262
0 360
3 3919
15 837
52 521
69 3811
2 3759
44 3729
11 3920
52 648
52 3921
52 22
5 3922
46 3343
0 3923
0 359
14 3924
52 3788
0 3925
5 3293
6 3926
52 62
0 206
46 204
46 255
46 253
46 3761
52 3785
1 3927
0 3928
5 466
5 3929
14 3930
5 3931
4 299
46 3932
0 3933
4 3757
4 3788
14 3934
28 3935
6 778
6 780
46 614
52 110
52 1468
6 96
5 1178
52 24
52 3936
0 3785
4 3937
16 3938
28 773
28 26
28 774
15 843
46 3939
17 3940
14 3941
3942 1
14 3943
17 171
17 3602
6 3944
46 3945
14 3946
15 844
15 846
39 377
39 1186
4 3947
33 3188
16 513
46 3948
0 1028
16 511
17 3949
0 1027
0 3950
0 3951
15 845
39 216
39 212
39 410
0 3952
4 567
4 1023
36 7
36 3953
36 702
28 934
36 744
39 1446
39 496
0 2244
37 3954
39 215
39 254
39 648
36 715
17 3955
36 725
14 834
14 3956
36 726
28 3957
14 704
36 727
37 1251
4 3958
39 41
0 205
14 1365
33 3959
0 3960
52 111
37 3961
39 60
39 1191
4 1606
39 388
6 3962
39 196
37 1122
39 3963
52 452
39 3964
39 3965
33 3444
33 159
39 253
36 3966
39 3967
33 1559
33 3968
36 959
36 8
36 708
36 1771
6 3969
0 708
37 1912
0 2178
37 1994
36 969
36 1129
6 3970
28 3971
0 1152
0 1153
4 1259
4 777
37 345
37 249
15 1475
0 3972
0 2376
15 1474
4 336
6 201
6 40
15 2812
69 3973
6 405
6 203
6 406
39 1251
36 3974
37 2376
14 3975
39 1023
28 926
28 1119
36 1962
36 34
36 860
39 1428
33 1708
39 255
14 3976
36 218
39 1683
36 219
39 1673
37 59
36 1625
36 65
39 3920
4 620
15 839
36 896
15 152
39 3409
39 3411
39 671
69 489
1566 37
37 1061
39 553
37 133
36 302
36 729
16 3398
39 345
39 3977
33 1047
36 3978
11 3373
36 3979
6 294
0 2299
44 3980
44 581
37 35
69 3981
37 18
33 338
4 3982
6 3983
69 3984
11 1107
0 957
14 38
36 316
0 76
0 3985
37 1102
0 3986
44 418
17 109
44 590
0 863
33 299
36 220
14 3987
36 1427
29 1794
1 3988
1 3989
1 3990
1 3991
37 320
0 3992
69 614
14 432
14 435
33 1629
69 1509
4 3993
14 448
16 779
4 466
4 3994
69 746
4 3995
0 3996
29 3997
6 3998
29 474
37 2491
39 3999
37 4000
28 99
44 205
28 4001
4 244
1 4002
28 159
17 374
28 198
16 1347
28 4003
0 4004
0 4005
0 941
29 4006
0 1285
4 4007
29 141
4 570
0 114
16 4008
44 4009
33 4010
28 63
29 146
69 4011
4 1590
0 1590
6 1060
0 1749
4 1749
6 403
0 1125
69 166
69 4012
6 4013
28 4014
28 84
17 3320
17 3880
28 450
16 4015
4 4016
14 3530
6 481
0 4017
14 4018
4 4019
0 4020
28 4021
15 697
17 4022
2 4023
14 4024
69 4025
17 224
0 1950
14 1858
0 4026
4 4027
4 4028
4 1428
36 1317
37 1987
16 4029
14 987
28 4030
15 1272
6 4031
6 528
69 4032
4 4033
14 4034
6 1735
17 4035
15 476
17 4036
16 4037
4 3062
69 827
28 1125
28 4038
28 4039
28 429
28 636
0 160
44 4040
1 4041
4 3935
17 4042
0 4043
6 1599
14 4044
4 268
6 1600
1 4045
1 4046
1 4047
1 4048
17 4049
6 2628
4 4050
69 1251
69 676
0 339
17 1522
6 1602
1 4051
69 828
14 4052
4 646
28 4053
4 671
28 651
28 1145
28 635
15 1102
44 194
0 4054
28 620
37 67
6 535
29 4055
6 4056
16 1590
11 1446
1 4057
1 4058
17 4059
28 515
6 941
44 2734
6 4060
28 197
11 3409
28 4061
11 3411
28 344
16 4062
0 4063
0 2837
0 4064
0 837
69 731
0 4065
1 4066
1 4067
1 4068
1 4069
16 1749
4 636
4 635
0 1530
17 4070
0 4071
0 451
28 1027
28 1028
16 2189
4 4072
69 830
28 625
36 448
16 4073
6 1865
0 4074
14 3657
0 4075
69 764
37 192
37 1484
37 1830
17 4076
17 325
16 363
69 1629
4 4023
14 181
11 1065
6 4077
0 846
28 207
4 1047
4 343
11 1502
28 134
16 4078
4 497
0 68
0 4079
17 4080
0 4023
4 1285
0 1035
6 4081
0 4082
16 4083
28 98
0 380
28 4084
0 743
0 409
0 4085
69 346
4 4086
6 2472
4 206
4 171
14 4087
0 4088
6 4089
44 4090
6 4091
4 1128
69 1461
14 3133
0 4092
0 4093
6 3193
0 383
4 4094
14 4095
0 56
1 4096
14 4000
1 4097
1 4098
1 4099
1 4100
14 221
17 4101
0 4102
17 4103
1 4104
1 4105
14 350
11 3454
17 528
1 4106
1 4107
1 4108
17 4109
14 762
0 57
17 4110
11 862
1 4111
1 4112
14 547
1 4113
1 4114
1 4115
14 4116
11 4117
1 4118
14 4119
69 4120
6 4121
0 4122
1 4123
1 4124
69 243
11 73
16 4125
1 4126
6 1594
0 2697
1 4127
1 4128
1 4129
1 4130
1 4131
1 4132
1 4133
1 4134
4 4135
1 4136
28 212
14 4137
1 4138
1 4139
1 4140
14 832
17 1919
39 4141
11 1055
69 215
1 4142
1 4143
1 4144
1 4145
1 4146
1 4147
39 468
1 4148
1 4149
36 435
39 868
33 153
17 3130
39 167
14 4150
6 738
6 4023
28 1007
4 4151
11 155
17 215
17 4152
28 1025
0 1775
69 1404
11 61
4 3567
0 843
28 138
0 845
16 979
17 4153
4 4154
4 411
28 109
4 4155
4 345
17 4156
69 4157
16 980
33 3473
69 4158
33 4159
17 3841
36 1567
17 4160
37 222
11 948
14 4161
69 244
0 3095
0 844
36 1604
69 77
17 77
39 231
69 56
69 892
36 1631
0 4162
14 4163
28 4164
28 223
44 252
69 580
0 4165
6 631
16 262
39 226
37 159
39 263
6 226
17 2394
0 839
39 4166
37 1317
16 739
14 4167
17 4168
69 57
69 521
14 4169
39 830
14 4170
69 4171
4 361
17 4172
6 125
17 131
14 354
69 993
44 4173
0 262
17 4174
17 176
14 4175
0 2934
28 4176
17 4177
37 226
4 150
14 176
28 105
6 710
0 1475
16 4178
17 2680
28 3681
6 234
17 3149
36 2190
0 4179
6 235
16 132
16 4034
36 1705
16 1648
4 4180
17 2113
17 1599
28 4181
17 1600
0 3110
17 1602
4 4182
16 1607
17 2283
37 4183
39 4184
14 4073
17 4185
37 2843
69 567
14 4186
16 4187
6 156
37 596
16 4188
37 1599
0 1257
37 1600
37 1602
39 325
36 343
33 4189
4 908
14 4190
17 1719
4 1750
0 1046
0 63
37 4191
37 2855
28 1158
36 569
14 4192
6 152
69 527
4 4193
14 3096
0 4194
4 4195
39 1139
28 4196
4 4197
14 965
11 120
69 241
0 1274
28 1912
0 4198
37 398
28 4199
1 4200
0 1051
1 4201
1 4202
1 4203
1 4204
1 4205
1 4206
1 4207
6 4208
17 3865
0 265
1 4209
17 231
36 4198
15 1522
17 342
14 4210
16 614
16 2472
14 964
1 4211
1 4212
1 4213
69 2491
17 832
69 409
4 1425
36 432
11 1035
0 325
17 159
69 253
37 1163
69 1626
39 166
17 4214
36 1819
39 1193
17 4215
44 81
17 435
0 4216
14 969
0 4217
0 787
28 4218
17 4219
14 4220
17 1178
16 4221
16 1139
39 465
37 4222
17 285
14 881
14 968
0 4223
36 2345
39 225
69 637
36 379
37 41
36 787
16 4224
69 1193
36 554
36 1522
14 4225
0 196
37 2850
6 214
0 1233
28 591
33 268
36 4226
1 4227
1 4228
36 2244
39 2767
14 4229
28 2559
39 2489
16 454
14 4230
44 1474
4 3057
4 1352
14 4231
39 4232
14 4233
17 448
17 2740
17 4234
39 131
17 1621
39 408
37 1029
37 60
36 59
39 4025
28 340
17 1150
17 22
17 4235
17 62
4 4236
37 100
17 81
36 856
39 81
36 2951
14 4237
14 744
15 1139
14 4238
4 4239
6 182
28 4240
37 281
0 1058
37 2330
14 4241
14 31
37 4242
39 1264
36 2283
37 122
1 4243
17 2599
6 361
17 1859
17 1022
16 368
4 65
0 4244
16 4245
17 4246
17 3516
39 414
17 3518
36 348
16 2960
4 1181
16 983
37 4247
17 4248
28 4249
37 4250
33 903
37 4251
69 175
37 4252
6 4253
17 379
1 4254
1 4255
36 144
14 4256
0 4257
16 1150
4 2214
69 1052
17 835
6 456
0 4258
4 126
17 620
16 259
17 2607
28 1272
0 646
28 811
69 369
4 4259
17 4260
28 2574
69 157
36 318
69 683
14 787
4 4198
0 4061
14 1806
1 4261
16 4262
14 1599
14 1600
69 4263
1 4264
14 1602
17 2133
1 4265
4 4160
4 4266
16 881
0 881
69 4267
1 4268
1 4269
0 1422
0 626
1 4270
14 4271
6 455
16 3903
69 4272
14 4273
17 4198
0 590
14 863
69 1122
28 1599
69 1866
28 1600
37 3841
6 133
0 248
6 1973
14 4274
39 4275
0 4016
28 1602
16 4276
0 4277
69 1537
37 271
6 1026
14 4278
17 24
14 4279
6 1695
69 164
37 1271
14 4280
6 4281
17 4282
14 702
16 4283
44 846
39 1656
17 4284
14 4285
4 4286
14 4287
16 4288
39 3483
69 2418
33 2276
17 23
4 4289
37 4290
17 563
4 4291
14 4292
17 4293
15 1562
17 1918
16 4294
6 996
6 172
11 223
0 4295
17 1979
14 1562
16 458
17 4296
0 90
14 4297
4 4298
69 3952
17 4299
14 4300
17 1567
17 140
16 917
1566 6
17 1911
1 4301
1 4302
1 4303
17 4304
6 1061
36 2178
28 4305
17 4306
4 1520
28 4307
1 4308
28 299
14 345
6 866
6 1141
17 2368
4 4309
0 1180
17 152
4 4310
11 4311
11 459
0 553
4 1502
16 4312
17 513
17 3514
4 1776
17 438
16 207
17 2231
16 744
36 4313
17 1217
14 1500
6 1005
28 4177
0 3240
17 511
1 4314
69 418
17 255
36 4315
14 1234
4 1823
16 2347
0 1107
14 218
0 4316
6 681
14 736
17 4317
14 219
14 2721
4 676
69 1139
1 4318
15 779
14 1182
16 746
14 154
1 4319
1 4320
1 4321
1 4322
1 4323
17 212
14 268
14 418
28 4324
1 4325
1 4326
1 4327
1 4328
14 3964
0 84
39 3984
6 716
6 1512
16 2356
28 4329
17 3343
17 1427
4 4330
17 4331
28 255
28 4332
28 3696
4 4333
16 736
17 4334
14 124
16 1217
14 4335
44 255
0 4336
16 4337
69 2625
14 4338
14 4339
28 3758
14 4340
14 1818
14 896
28 616
28 4341
1 4342
1 4343
11 653
28 861
1 4344
36 4345
0 1121
69 2295
1 4346
1 4347
1 4348
1 4349
1 4350
1 4351
17 4352
28 626
1 4353
1 4354
1 4355
28 590
1 4356
1 4357
28 2573
17 4358
69 899
4 503
17 3846
17 4359
4 338
1 4360
1 4361
1 4362
37 864
1 4363
1 4364
37 4365
4 4366
4 899
69 2310
0 4367
0 459
0 2686
36 957
39 4015
69 670
4 978
17 4368
36 306
0 4369
0 1042
17 4370
0 1565
6 1506
17 4371
37 325
0 1568
17 4372
14 4373
16 1092
37 4370
17 4374
6 4375
28 388
28 4376
37 259
16 21
28 1537
37 4377
37 4378
37 461
37 653
6 652
1 4379
69 374
14 4380
4 2345
4 896
14 220
69 734
28 454
28 4381
28 1369
28 4382
28 1215
28 4160
28 225
17 1980
17 4383
28 734
36 312
39 4178
39 123
36 2081
28 3130
36 295
28 133
36 132
28 356
14 1735
28 4384
14 1522
28 325
28 2822
16 1133
17 4385
36 566
36 1065
4 4386
28 370
33 512
17 1002
17 897
36 344
33 4387
14 4388
6 77
33 1847
33 1846
17 4389
36 4390
0 244
17 570
0 4391
16 4392
17 626
37 299
0 1452
0 4393
0 4394
0 414
11 160
36 2174
17 299
39 4037
6 4395
0 4184
1 4396
1 4397
0 4398
39 343
39 132
39 63
17 3502
0 1264
36 4399
14 850
28 4400
14 4401
33 530
33 196
33 63
39 4062
14 4402
14 1865
14 4403
4 4404
0 2362
39 825
4 950
16 8
16 1555
14 155
14 3883
0 4405
16 968
28 172
28 4406
15 1430
17 1055
17 1056
28 4407
36 808
28 4408
39 4409
28 4410
16 201
17 681
4 683
0 4411
0 144
17 4412
14 4413
16 40
16 405
16 202
16 941
33 697
16 764
6 4414
36 650
17 4415
17 3428
36 466
6 2681
14 34
37 1607
15 3250
39 4416
15 616
39 2837
11 4417
0 4418
14 21
6 4419
0 4042
28 185
39 1537
17 3681
6 540
17 213
39 728
16 1055
39 540
6 4420
4 655
28 51
16 1056
39 896
0 137
4 2418
4 818
39 4421
17 4422
16 1002
39 1778
29 534
36 705
36 165
69 2373
16 4423
33 1078
4 993
4 828
17 1094
33 1187
33 3845
0 4424
16 2541
33 2957
6 1176
0 4425
0 275
17 1156
0 4426
28 441
29 728
29 4427
28 866
17 4073
4 3382
15 132
17 4428
28 200
39 4429
16 1181
17 4430
14 4431
39 4432
37 1562
16 847
28 243
17 3834
15 65
39 3897
28 671
36 562
29 4433
39 1607
37 393
33 979
16 1955
39 3922
29 591
16 547
6 1965
36 42
37 2014
0 4434
16 1902
4 3433
39 99
69 3938
16 4435
39 626
39 590
39 57
16 4436
37 837
0 240
39 56
6 1055
16 406
69 4437
0 4438
11 2009
6 4439
16 203
16 1175
39 79
6 4425
6 4440
15 7
36 4441
37 395
39 3338
15 715
6 1056
11 274
16 1803
29 4442
39 2347
4 4042
15 702
17 4421
36 1425
6 4443
6 4444
16 1402
16 969
17 4445
4 1565
0 4446
6 4447
0 3893
15 725
69 3011
0 326
4 4448
6 410
17 4449
4 243
0 123
16 4450
39 862
15 726
28 739
1 4451
1 4452
14 1955
69 4453
0 4454
15 185
36 4455
6 3057
1 4456
1 4457
1 4458
0 4459
33 676
39 1035
16 1404
1 4460
1 4461
36 927
69 1512
28 3398
14 4462
69 1540
1 4463
1 4464
1 4465
37 843
4 241
36 2877
37 1031
36 2061
1 4466
1 4467
36 3446
37 1474
4 4468
37 846
17 4469
37 1475
17 4470
17 4471
36 1115
16 153
36 595
17 1280
16 731
28 253
15 727
16 1520
39 90
39 4472
69 2651
39 3935
39 2934
17 4473
69 1007
36 4421
17 636
15 969
14 356
17 4474
1 4475
1 4476
69 4477
1 4478
1 4479
1 4480
1 4481
4 482
6 454
36 394
14 138
0 4482
14 300
39 4483
0 4484
6 1966
17 4485
39 3130
14 1305
17 4288
37 377
17 580
6 1970
4 4486
37 4487
28 129
4 1617
69 1120
37 4488
4 1008
69 4042
69 1823
16 1509
39 530
0 865
1 4489
28 4490
37 3149
16 4491
33 1731
4 892
17 4173
29 4492
36 928
16 4493
14 1271
14 532
39 4494
17 4495
11 2191
37 839
14 2423
17 4496
4 3681
4 2937
17 4497
17 4498
36 516
15 153
17 4499
1 4500
14 1039
1 4501
1 4502
29 4503
1 4504
1 4505
28 1055
28 3444
14 2541
14 1133
1 4506
1 4507
28 1775
28 1056
17 4508
0 190
16 1997
4 866
33 4509
33 3352
17 3229
17 4178
28 1530
4 132
17 493
0 4510
1 4511
1 4512
1 4513
33 723
17 4514
28 1559
36 4312
17 495
16 3934
16 3536
69 856
14 464
69 4515
15 4516
37 206
16 1039
16 41
0 4181
33 620
33 4517
4 4109
4 512
16 4518
1 4519
69 3132
28 864
69 2347
4 697
69 2605
17 4520
15 2423
69 3467
16 4521
69 3008
69 2984
28 4522
4 797
14 132
14 160
16 60
17 1354
28 4523
17 4524
14 2517
17 616
4 3286
0 920
0 3445
0 269
14 1232
0 282
6 4525
16 1298
6 3893
16 4526
16 4527
6 3677
17 780
37 1115
69 273
17 778
16 1502
14 468
6 920
69 1556
14 4528
14 62
14 81
36 920
6 4529
14 1494
4 1568
15 1539
37 464
17 2658
69 1369
39 3179
69 1215
69 4530
39 818
6 580
15 850
6 880
6 1484
39 4531
14 22
1 4532
1 4533
11 1317
4 1163
16 4534
14 140
14 23
14 341
1 4535
1 4536
1 4537
1 4538
1 4539
15 1133
14 4436
1 4540
39 4541
39 2573
17 4542
16 1415
15 1092
36 703
39 4543
39 4544
39 4545
1 4546
39 453
69 22
69 81
39 2953
39 4547
28 4548
39 336
39 2932
16 243
15 1955
4 531
4 1229
33 773
4 2165
33 774
69 4549
1 4550
4 1492
39 4551
39 1773
28 4552
33 4553
16 2423
33 3903
39 3655
39 4554
36 1530
36 857
39 1868
37 934
69 3616
15 32
36 490
39 4555
39 4556
0 516
69 1708
36 311
16 1314
33 4557
0 4558
37 468
17 625
36 3445
37 22
37 62
69 4559
39 4560
39 4561
37 81
37 1592
69 4562
17 370
28 897
4 350
4 179
14 4491
36 386
17 4563
39 4564
14 455
14 456
69 4565
0 4566
39 4567
28 1232
69 1081
39 4568
16 1487
1 4569
0 779
1 4570
16 1214
39 3121
4 1790
4 1432
39 4571
39 4572
69 1811
15 860
39 4573
14 681
69 4574
16 4575
15 1055
6 4576
28 1607
39 4577
39 4578
16 3007
15 1056
14 830
69 2119
28 4579
28 4580
17 1963
17 584
16 4581
39 455
0 996
39 4582
39 2509
39 252
17 3445
16 1526
4 323
4 1822
0 4583
0 4584
16 32
14 2315
14 860
6 516
0 3446
0 591
16 3035
6 4585
0 4586
6 1121
6 4587
37 4588
15 2819
15 4589
16 1527
14 3035
36 196
33 4590
0 4591
0 842
37 3253
28 521
28 4592
28 4593
39 4594
6 4595
1 4596
15 281
37 883
1 4597
1 4598
1 4599
15 34
36 1026
39 4600
4 1499
28 79
16 598
17 129
14 4601
37 3472
37 822
37 1353
37 3428
39 190
14 4602
16 4603
28 294
0 4604
28 4605
0 350
37 523
36 4606
4 4607
28 4608
0 1259
6 4609
0 450
4 1251
6 4610
11 133
11 4191
17 861
16 704
6 350
11 123
28 1685
69 1590
69 979
36 4611
0 1181
69 1749
69 980
4 1055
11 244
4 629
36 4235
17 4388
17 594
16 4612
0 620
4 4613
4 4614
44 2960
11 777
14 194
37 4615
4 2472
37 23
14 4616
6 4617
14 2734
17 4618
17 516
6 459
6 3616
36 976
14 1369
0 200
6 1105
17 1105
37 3789
11 637
37 1013
14 4619
15 559
37 1532
16 1461
17 272
28 3007
44 897
17 1540
11 4620
0 4621
44 939
28 4622
44 4623
28 4624
28 4625
28 4626
15 1592
44 500
0 896
16 100
6 3445
6 1037
0 4576
37 2088
4 1094
11 249
0 1037
11 670
69 541
44 907
0 4627
16 834
14 55
0 625
16 4628
1 4629
37 626
11 4630
14 372
14 4631
14 4632
28 4633
36 4634
36 1055
16 1494
11 542
44 4635
28 2960
17 4636
69 591
6 79
0 655
4 4637
11 1100
69 195
69 655
4 4638
28 1629
0 432
69 3695
69 65
0 435
16 4639
0 4640
28 1163
6 4110
36 97
14 213
44 4641
15 861
69 737
6 4642
6 4643
0 4644
14 959
17 3446
0 448
6 4644
6 218
14 1298
0 2509
0 4645
69 461
14 2356
6 569
0 675
0 4646
0 4647
6 154
69 1125
0 195
17 2874
6 227
17 4648
17 1188
0 855
14 159
6 566
6 124
14 105
14 3049
6 855
39 361
36 693
0 1808
0 1810
39 4023
39 94
44 4023
0 4649
1 4650
1 4651
1 4652
36 951
28 217
36 4653
0 4654
6 896
36 995
36 594
37 4655
36 2360
36 1850
4 864
36 155
6 220
36 402
15 330
37 4023
1 4656
1 4657
69 1175
69 4658
1 4659
1 4660
1 4661
1 4662
37 140
69 2424
44 554
69 4663
36 4664
1 4665
1 4666
37 844
28 1542
28 106
28 606
0 4667
0 570
17 1026
69 4668
69 4669
28 1656
69 4670
17 458
17 153
69 4671
37 559
16 284
1 207
44 585
17 1314
37 4672
44 3528
44 105
37 4673
28 1229
28 1778
69 646
0 781
6 4584
69 190
0 433
14 652
14 4248
0 4674
69 3417
0 1474
29 73
4 4324
4 4329
4 4332
37 3343
36 4675
4676 1
28 232
28 4677
28 4678
15 94
17 874
36 2191
29 827
28 4679
6 676
4 4341
28 323
28 874
29 4680
16 4522
6 3433
0 4681
6 4682
11 1056
29 97
39 288
29 4683
29 4684
69 453
29 4685
29 61
37 126
17 3431
36 1727
11 4686
16 249
39 287
33 681
0 1150
6 3431
17 450
37 4687
69 4688
39 1815
14 1029
0 1821
28 3467
36 3431
14 4689
36 1980
36 4015
14 1837
36 274
0 453
37 310
29 57
29 56
29 120
14 603
29 567
29 4690
6 192
29 55
15 4691
17 1128
14 299
28 3417
6 67
39 769
0 650
6 222
37 540
29 4692
29 4693
37 1062
37 4404
44 363
29 4694
29 4695
0 4696
39 150
11 4697
39 106
37 4698
44 614
29 4699
0 1217
36 317
28 4700
33 1163
17 2322
17 1499
36 4388
36 2322
33 737
14 1249
16 1023
36 133
0 2895
0 18
39 268
0 723
33 458
69 1241
0 964
16 1042
33 1330
14 205
16 393
44 197
36 1486
16 2014
14 4701
36 4702
16 395
44 4521
0 1022
36 465
36 626
33 4703
33 1818
36 590
33 3318
11 2164
44 207
6 2322
0 2610
0 3578
15 4704
11 828
0 3591
15 4705
0 934
44 464
44 1404
0 3648
44 746
11 243
17 4706
15 744
44 4707
16 604
69 345
16 4708
1566 0
0 1061
28 670
0 3903
14 4709
15 736
6 1278
44 4710
44 4711
4 710
6 3673
33 4712
14 1813
3 4713
44 1430
28 4714
15 4715
69 1265
16 1209
6 370
4 3197
37 1674
69 269
44 4716
37 24
15 1150
17 830
11 683
69 911
14 1215
14 1062
28 4717
0 4718
11 1008
14 4719
28 2980
1 4720
16 1957
15 356
4 234
37 182
28 93
1 4721
44 2300
15 4462
15 199
16 2164
15 200
0 408
28 102
28 3458
44 4722
28 2656
28 1188
16 1058
17 4615
15 1217
6 4723
15 121
6 4724
69 94
28 4725
6 4726
6 4727
17 4728
14 4729
16 370
15 3865
28 4716
15 4730
6 635
6 636
6 4731
37 214
28 581
15 3485
15 3903
28 1626
0 73
14 4732
28 4733
15 393
36 255
4 4734
0 439
0 440
4 3641
28 4735
14 4736
16 253
28 4737
69 3068
14 4738
0 61
15 395
14 4739
14 1859
16 646
14 336
0 155
6 4740
4 1139
0 2020
0 273
28 4741
28 4742
0 103
28 1829
0 2505
6 129
14 3253
28 3338
14 2668
16 482
14 2147
14 174
16 4743
16 896
16 4744
14 142
28 1946
0 3035
6 4745
28 215
28 4746
69 199
69 540
69 1568
69 1565
69 4747
14 4748
14 1995
14 3027
14 100
14 644
16 410
0 31
1 4749
17 4750
17 2651
17 4751
17 4477
17 2373
17 4752
17 4753
0 4754
69 272
0 120
28 338
28 4755
0 1502
28 4756
6 1022
16 3343
28 567
6 1262
37 2452
37 4757
36 1128
4 4758
37 4759
37 4760
37 109
33 201
33 4716
33 40
33 405
33 203
6 620
36 73
69 282
33 941
16 377
37 3531
69 1094
16 1541
15 3505
37 145
14 1028
36 4761
14 1027
37 4762
36 223
36 852
37 925
15 564
36 487
36 61
28 4763
33 3398
16 4764
37 4765
16 4587
37 315
36 31
37 747
39 995
36 4487
28 541
14 4766
14 4079
33 1817
37 631
37 476
33 1820
36 4767
36 607
29 3935
29 1107
6 781
36 3130
28 3323
29 336
37 4768
37 4769
36 4770
36 120
4 77
29 910
29 342
33 4771
29 287
29 4772
0 681
3 696
3 651
15 979
39 4773
3 3959
3 3935
6 4421
0 4774
3 4775
3 4776
3 4777
15 2972
3 4080
33 1178
3 4585
3 2118
3 4778
0 356
3 4779
0 1526
0 1527
14 4780
28 4781
29 384
16 1599
16 1600
6 570
16 1602
69 4782
16 2505
17 4783
0 1209
28 683
17 1262
3 883
17 2572
17 4515
3 3547
3 4091
3 1686
36 210
3 229
16 4784
17 4785
28 631
28 4786
28 254
28 4787
14 1007
14 1425
6 4788
29 345
16 1061
6 215
6 2809
6 4042
17 541
0 547
16 1532
16 215
14 4744
28 4789
14 4790
14 459
14 2652
4 1005
14 1435
4 4791
0 410
16 4709
0 4792
69 235
17 3089
6 3020
4 4793
17 4794
28 4795
14 1349
69 835
1 4796
3 4797
69 1617
17 271
17 4798
0 2378
1 4799
3 4800
28 4801
17 84
16 4802
17 182
17 410
16 773
0 133
17 1367
28 4803
29 346
17 4804
16 1271
14 710
29 787
16 774
0 4805
69 1422
0 215
6 219
14 4806
4 2942
37 4807
28 418
0 2506
6 899
17 4808
0 274
14 719
6 1369
17 2754
14 234
14 1005
4 830
6 1202
28 4809
14 4810
16 594
15 274
14 4811
17 4812
6 1360
14 285
16 269
6 2244
14 4813
16 1082
69 255
6 629
36 356
6 1502
14 570
14 4814
15 4815
0 4816
16 541
0 1766
28 4817
0 1520
14 1933
28 4818
69 503
6 4819
69 274
17 4820
69 648
69 73
17 266
17 4821
17 674
0 4822
6 2178
69 1427
69 570
69 61
17 4823
14 4824
17 4825
6 3984
6 3035
17 4826
14 1035
15 4073
28 844
28 846
17 3440
17 214
69 3024
17 4827
6 4403
17 253
6 231
0 4828
6 747
16 493
14 467
16 495
4 4829
37 4830
16 4831
69 1039
4 4832
6 4833
4 4834
15 497
37 295
37 217
17 4835
69 4836
28 1181
16 1036
17 1325
17 4837
14 297
69 1023
37 465
37 410
37 150
69 4838
4 4839
39 4840
0 4841
0 4842
17 4289
17 4843
69 3120
0 266
28 53
17 569
69 120
16 530
16 4844
37 4845
17 4846
4 4847
17 4848
17 1027
17 1028
0 4849
4 4850
39 165
15 4773
4 4851
17 4852
17 1015
6 4853
39 102
69 903
6 4183
37 4854
37 2848
4 4855
69 315
0 494
69 512
37 4856
16 3446
16 855
16 728
0 502
17 4857
6 4288
69 4575
69 2251
0 4858
0 4859
36 497
44 4860
28 4850
28 4851
17 1393
6 4861
37 978
37 254
4 4862
37 361
33 3517
37 507
28 1191
6 302
37 3011
17 4863
17 4864
69 413
69 1492
44 1522
17 356
33 418
6 650
28 4865
69 3475
44 3417
16 650
39 4866
44 540
36 1029
37 1050
28 4862
39 155
37 171
39 978
37 4867
36 150
36 4868
37 594
37 1026
15 2895
6 3320
37 4869
6 306
37 4870
17 4871
17 4872
28 4873
6 402
6 3076
36 855
37 165
37 379
14 1259
36 1529
37 1719
14 1083
16 3935
17 181
15 4874
16 710
16 717
69 1181
17 708
17 559
17 464
6 4875
37 555
11 1163
17 564
14 295
37 3278
37 3274
44 4876
6 4877
44 2276
14 3852
15 25
0 4878
16 234
16 235
28 368
17 4879
17 4880
0 64
0 4881
16 1508
69 294
15 198
4 4882
17 126
0 4883
6 693
17 3050
16 176
69 574
4 1022
16 532
17 4884
0 671
16 1821
17 4565
0 393
69 4885
16 2833
17 97
4 162
4 3617
69 1055
69 4886
69 1056
17 108
37 619
17 4887
0 4888
0 4889
6 3938
17 408
4 841
6 1039
14 1590
14 1749
28 892
37 4890
69 4891
17 4892
28 818
69 3094
14 4893
44 652
28 3446
0 4894
4 4895
6 464
28 594
14 1312
0 395
69 4646
28 993
6 4896
39 1590
0 192
39 1749
28 1082
16 464
69 334
28 828
16 4897
16 4898
4 183
14 1231
4 528
14 2777
17 1079
28 241
16 534
17 4899
14 4900
36 1986
0 313
17 2191
16 616
6 112
6 110
14 4901
6 316
69 4902
69 368
69 4903
0 4904
14 4905
17 42
0 4906
17 4907
37 2610
16 1005
29 201
14 384
29 527
69 1695
37 451
6 4908
69 1652
1 4909
29 769
6 3598
29 1070
29 40
29 3575
29 708
16 4576
28 100
29 405
28 248
36 697
14 2292
6 4178
69 3187
44 937
29 964
29 18
16 4910
29 737
16 22
36 4911
16 62
16 81
6 483
6 1540
17 1470
15 581
14 3875
29 486
29 105
17 195
28 4912
37 1422
28 4913
17 4914
14 4382
69 4915
36 1105
39 572
28 4916
69 862
37 4917
69 1197
17 540
0 4918
0 4919
0 1540
28 4839
14 1962
16 2972
0 67
0 222
16 1011
4 110
17 519
0 4639
28 142
14 2339
6 2284
6 4606
28 393
6 435
6 4390
17 1853
28 4920
69 114
28 2014
0 4921
17 4922
4 111
4 4737
6 848
69 1035
4 112
69 4923
16 818
14 4924
16 861
69 4925
16 4926
4 837
17 2666
4 626
69 41
4 590
28 395
17 781
0 2462
4 1787
17 546
17 200
0 4612
14 1973
14 4927
17 4928
14 458
14 4929
6 448
69 60
6 3875
17 94
16 4832
69 698
69 4930
17 676
16 2895
16 155
0 497
17 4931
4 1475
4 845
6 4932
16 133
4 4933
4 3762
14 4934
29 779
28 1103
28 4681
28 1121
28 150
6 4935
14 4936
6 1567
16 625
16 1360
33 4937
33 4404
14 24
33 4938
6 1209
4 839
1 4939
1 4940
1 4941
1 4942
1 4943
1 4944
6 3729
28 4945
16 4883
16 4421
14 1510
69 992
16 23
16 24
16 1026
4 1474
4 843
4 4592
1 4946
17 301
6 4947
673 6
33 4948
4 787
17 4923
17 4949
16 4950
28 4951
33 127
14 4952
16 559
14 4953
17 4954
69 1233
36 521
16 4955
16 564
16 540
0 1957
37 592
37 1618
36 4956
39 3011
28 688
16 3445
37 2623
16 491
4 1234
28 852
28 3671
17 368
4 1849
6 1325
6 4455
39 1435
4 4957
16 126
15 3883
17 4958
33 4959
28 2460
28 977
28 174
69 252
28 4638
37 4960
6 4025
0 1415
0 4961
36 2059
0 4962
17 1115
0 4963
28 3731
28 3800
28 832
6 466
6 4964
0 1531
16 140
4 4965
16 2322
0 4966
6 4524
28 3993
33 202
33 406
6 4967
28 809
28 1484
6 850
14 951
14 452
4 4968
4 3379
37 266
14 4969
4970 1
14 4971
14 4972
14 4973
6 1107
14 1115
6 4974
6 4975
16 4976
16 356
6 4592
6 3811
6 269
6 4977
6 4978
6 4341
15 1338
4 4979
28 1695
4 1599
4 1600
4 1602
0 4980
14 4981
17 1592
15 368
16 595
4 4407
4 4408
29 2721
29 2628
36 4982
29 3329
39 172
15 4983
28 4984
0 1735
6 4985
28 1186
6 4986
0 1494
29 904
6 2972
6 3578
6 3648
6 3591
6 591
29 4563
14 266
6 4987
37 4988
15 4197
69 1468
16 1156
28 1468
16 4989
14 558
14 4443
6 1260
14 3811
4 4990
0 1865
6 1279
37 237
6 1771
6 4991
15 155
37 4992
29 4993
36 4719
14 572
29 4082
37 572
29 1181
15 26
37 102
37 1468
6 1526
6 1527
15 418
15 4994
28 4995
16 3431
36 4729
36 4996
6 4997
14 521
28 282
28 4998
0 315
0 4999
6 1064
28 3816
28 2491
6 5000
6 567
6 5001
37 5002
6 255
37 1929
36 55
28 1512
37 3339
6 2261
28 1735
37 454
6 4849
17 2984
36 1037
28 414
28 453
28 189
6 892
6 1083
0 5003
36 939
28 5004
28 5005
28 1865
36 410
36 832
36 489
28 5006
0 4823
17 5007
17 3832
28 650
16 1804
4 84
17 1804
6 1804
28 2147
28 459
6 1858
6 5008
6 2857
33 2765
15 4524
36 5009
0 2103
17 5010
15 4034
6 5011
6 5012
17 5013
6 1317
0 1117
28 4450
28 1214
15 215
6 3334
28 273
28 5014
28 5015
37 2038
6 2895
15 273
1 5016
16 4874
69 5017
17 3344
14 252
14 1163
36 5018
36 1031
36 5019
16 315
37 1105
36 830
4 2015
4 5020
4 1656
16 1514
16 920
14 4996
16 4840
28 1509
28 731
14 1950
16 4773
4 3589
28 4844
36 5021
36 5022
14 5023
6 5024
6 5025
4 5026
14 4191
6 5027
16 5028
28 696
28 733
4 5029
14 5030
17 63
6 5031
28 5032
28 2972
17 5033
6 5034
6 5035
6 5036
0 3758
4 5037
37 3264
6 5038
6 5039
16 3984
4 5040
4 5041
36 181
39 4802
6 5042
36 464
17 5043
37 459
28 4628
28 764
14 5044
37 106
36 2584
6 5045
0 904
6 908
15 710
37 1231
29 1358
29 3609
29 166
29 271
1 5046
28 4911
6 1821
14 5047
4 5048
17 574
33 1719
28 746
28 1987
29 3442
37 2339
36 2585
17 5049
14 2494
0 4222
14 1393
69 1234
33 128
4 1791
33 776
6 5050
6 835
16 4025
15 3938
28 5051
28 1811
17 5052
28 5053
6 5054
6 4340
6 1818
14 363
69 4197
4 5055
4 5056
69 5057
28 5058
28 1115
15 1047
6 4831
16 476
69 1960
6 1535
14 320
4 769
17 1997
4 2359
15 234
39 1029
28 1404
39 77
0 5059
6 4290
28 1362
1 5060
39 223
39 3681
39 4647
37 3726
33 3250
0 1787
36 688
28 546
28 2540
37 99
37 2218
36 5061
36 4609
36 468
36 62
16 1278
36 544
36 853
36 5062
69 3877
14 2453
28 4990
39 3249
39 3057
39 2550
14 2461
37 1425
4 2397
28 4521
37 479
37 896
17 310
69 4425
17 939
6 189
37 5063
33 5064
33 5065
33 5066
6 1100
6 5067
6 263
6 5068
6 216
37 1002
14 794
37 5069
14 1873
6 453
6 3936
39 295
5070 1
39 1963
39 459
39 1047
37 1811
33 2729
11 5071
28 788
6 465
6 5072
36 451
39 555
6 5073
6 330
36 710
6 282
6 5049
6 433
6 190
36 4588
39 3172
36 3286
39 282
36 5074
39 635
36 5075
36 2258
14 2489
14 1979
37 5076
39 636
37 628
33 1685
28 780
37 5077
37 5078
39 1777
37 5079
37 5080
36 234
36 5081
39 1007
39 5082
0 3676
39 1486
14 990
33 694
37 3446
37 4197
17 439
17 440
37 5083
37 5084
4 5085
36 3529
39 935
37 1512
39 486
39 3186
39 629
37 4874
4 5086
4 5087
37 487
36 3581
69 1656
37 1007
37 486
39 554
37 1804
37 5088
37 5089
36 2774
33 2758
1566 39
36 164
39 1061
33 569
36 1108
36 214
36 3018
37 181
36 236
39 3957
36 548
33 3323
37 5090
36 1548
14 631
37 1808
37 1810
39 174
39 1057
37 1615
36 1139
39 5091
36 182
33 896
33 1540
33 213
36 243
4 3020
36 167
36 555
36 5092
36 592
39 5093
36 5094
36 631
39 2912
17 1915
37 2586
39 309
37 97
37 1884
33 5095
39 824
39 433
33 5096
33 105
36 1362
28 2080
33 5097
36 596
36 1609
39 2729
36 140
6 5098
33 626
39 1863
33 30
33 310
16 5099
36 2610
36 1161
6 5099
28 199
33 384
33 555
33 5100
33 5101
33 1590
33 1749
33 4062
36 4256
4 1731
36 459
36 1950
4 1182
36 1050
6 4989
36 228
36 1765
37 5102
37 5103
33 81
33 106
37 650
36 978
39 1178
4 5104
17 2729
36 619
33 5105
39 182
36 2339
0 5106
28 5107
39 882
6 5108
6 5109
37 5110
39 2300
28 4256
1 5111
1 5112
29 244
29 350
36 5113
29 2559
15 5114
36 301
28 2974
33 5115
29 3429
29 3669
33 5116
29 1190
29 4263
17 825
17 5117
6 3505
17 5118
39 872
39 214
14 5119
6 1578
6 5120
33 451
36 213
36 2839
14 4076
33 5121
36 253
0 5122
6 1299
6 862
6 863
6 1957
6 1264
0 1202
6 553
6 5123
6 666
14 566
6 3903
28 2713
6 5124
28 2371
39 5125
0 1915
0 4820
33 554
15 5126
0 850
17 5127
17 5128
17 5129
14 1823
36 5130
33 102
37 739
36 653
15 5082
14 5131
36 5132
36 4110
39 1209
28 409
4 1767
39 1041
0 5133
0 1133
39 5134
36 2962
14 79
0 1652
16 5135
16 5136
28 5137
16 3258
0 5138
14 5139
0 1913
14 1994
4 1730
4 2654
4 1784
0 1298
36 4444
36 3800
36 5140
16 1787
17 5141
0 3070
28 2734
6 5142
28 995
39 5143
33 1425
6 450
16 4935
15 3984
6 4883
33 718
33 1503
33 150
36 778
36 780
39 5144
39 777
0 1092
39 5145
17 468
28 205
69 5146
14 287
14 288
33 3813
36 4025
14 489
14 5147
14 658
69 2754
37 218
37 219
37 124
17 5148
4 979
4 980
14 361
39 5149
36 217
11 294
0 1325
0 4455
6 5150
6 5151
37 154
37 220
33 343
0 38
0 3979
5152 1
14 342
28 3811
37 5082
33 142
14 1782
16 4388
6 4037
33 223
33 1765
33 5153
36 3731
36 1615
33 1007
14 3575
17 3542
6 790
28 2668
28 218
28 569
33 1103
33 486
6 5154
17 3587
28 124
28 896
0 59
39 5155
0 5156
33 3458
4 5157
33 164
28 4117
14 530
33 2620
29 1083
17 3643
39 5158
44 1152
29 31
29 30
44 3237
33 2292
33 5159
28 154
28 220
29 2244
29 5160
36 440
36 439
29 1169
33 5161
29 5162
33 5163
33 5164
36 5165
44 5166
33 379
39 1298
69 1029
69 336
29 5167
69 5082
33 1101
17 2681
14 126
33 902
33 5168
33 5169
39 98
39 367
14 454
37 5170
69 1773
36 2729
69 1815
69 3655
28 1373
36 5171
6 3442
37 5172
36 467
6 3877
33 459
28 206
36 1717
6 5173
28 1783
39 5174
28 433
37 5175
28 208
28 5176
15 2130
36 4488
36 3428
6 5177
36 5178
37 1806
36 3057
14 114
33 3446
33 920
29 5179
28 2161
17 5180
17 3472
14 707
14 709
28 272
37 5181
69 5182
69 5183
28 216
37 652
14 2161
69 745
69 1271
36 224
6 5184
33 93
33 5185
33 217
37 4918
37 1675
36 5186
69 628
14 264
16 1553
33 5187
33 1231
33 778
33 1963
36 3811
28 1905
28 1487
28 270
28 767
36 5188
39 1017
28 3042
28 276
28 280
28 283
17 644
17 5189
17 857
69 3386
33 487
15 5190
39 531
6 5191
36 2104
36 574
37 5156
37 5192
6 5193
28 5194
33 2339
16 5195
36 5187
28 5196
14 4440
36 4121
36 5197
6 5198
16 3130
36 2111
14 734
6 5199
14 206
0 2012
39 1003
39 1000
28 125
28 2837
6 5200
16 3149
36 4289
6 5201
28 171
14 5202
69 5203
14 5204
69 268
39 1019
28 5205
36 5206
33 780
28 2934
17 343
14 995
14 1206
4 5207
16 325
39 871
6 5208
36 5209
17 5210
28 90
28 261
0 777
39 1229
33 174
14 57
14 56
28 483
28 114
28 410
28 330
0 2215
4 5211
17 5187
28 262
17 1808
17 1810
0 1100
6 5212
1 5213
28 163
33 237
0 5214
28 5215
36 1866
37 5216
33 1037
28 5217
36 2371
33 1164
33 5218
33 838
33 4968
37 2085
17 5219
36 1859
39 4137
36 5220
36 5221
39 5222
5223 1
36 1005
33 3193
33 667
15 5219
36 5224
36 1002
39 783
37 1555
14 1509
36 3845
28 973
28 4985
28 1837
6 1259
6 5225
39 5226
14 802
29 985
29 199
29 200
37 4237
6 3247
37 5227
16 4160
36 5228
3 81
29 1058
6 5229
4 5230
17 729
6 1094
28 972
14 4450
37 5231
17 1637
4 5232
36 2292
29 1042
36 3320
36 3029
14 1402
14 1404
28 5233
6 5234
29 315
28 3598
17 234
28 970
4 5235
17 199
28 4016
33 5236
14 2962
0 2014
29 1314
36 614
36 5237
69 5238
69 5239
69 2244
36 5240
14 3542
17 2220
33 1859
14 1251
6 5241
6 823
69 2178
36 5242
37 4575
39 897
4 5243
28 5244
37 3007
14 109
44 1232
17 3463
17 1005
28 336
28 5245
28 1813
28 2670
6 5246
4 1923
14 5247
28 160
28 249
28 5248
69 896
37 4380
6 5084
33 165
39 5219
14 5249
14 465
36 5051
33 1120
16 3922
33 1353
6 816
16 73
4 5137
16 61
69 2597
28 358
17 5082
28 5250
33 198
16 843
16 845
33 653
0 5251
6 626
33 749
33 3656
36 603
6 5252
6 5253
28 3095
6 5254
16 120
14 5255
6 5256
39 3528
4 5257
36 3120
37 5049
4 4060
4 5258
17 2094
28 268
4 886
69 2130
28 1995
28 5259
39 2907
6 906
16 5260
37 940
6 5261
16 77
16 1101
14 2599
4 1953
15 287
16 5262
6 345
69 5030
28 4216
28 4258
28 4223
14 323
17 432
15 288
15 5263
29 5264
29 3530
69 2573
69 2574
29 897
14 2607
14 646
29 1422
29 4646
6 409
6 5265
17 3761
37 3936
37 2920
4 7
4 702
29 5266
44 370
6 5267
29 5268
4 715
17 5269
4 408
4 1129
4 726
4 727
17 656
44 4294
28 5270
28 5271
4 1092
4 32
6 424
69 5272
28 1035
16 5273
37 2562
28 5274
33 1342
37 4435
28 5275
28 5276
14 1214
15 3864
14 1461
15 5277
17 5278
17 5279
17 3313
17 5280
17 3869
36 3754
28 1197
17 1807
6 2379
69 5281
15 5282
15 5283
6 5284
33 5285
14 4521
36 2267
16 179
6 2939
14 4628
17 3486
17 5258
17 348
37 3120
14 244
69 5286
14 5287
69 5288
28 3272
16 864
6 5289
14 5290
14 290
6 5291
6 1683
4 5292
37 5293
36 5294
16 2652
28 659
15 2320
37 5295
17 194
17 2734
36 528
17 940
36 795
28 103
6 1428
6 5296
17 856
17 2951
36 4524
37 5297
6 2813
17 4060
6 5298
16 959
69 532
17 1241
28 2600
36 5095
28 5299
4 513
4 511
16 2315
33 8
1 5300
28 1828
33 725
36 3433
36 1828
16 732
16 544
29 374
29 5301
44 5302
17 5303
29 1059
29 1129
29 5304
29 629
6 5305
17 5306
28 1336
33 2356
33 5307
4 2279
44 3323
44 4483
14 1487
69 4719
28 5308
29 969
37 1241
28 570
16 734
69 172
36 1629
36 3789
33 1055
36 5309
33 787
6 5310
6 5311
6 5078
36 1543
36 5312
15 5313
33 5314
36 5315
28 1506
69 182
14 1626
69 301
16 1425
16 164
16 5187
16 1542
16 621
16 2070
6 1517
16 97
16 1007
16 142
3 132
28 5316
44 1829
16 2823
28 5317
69 214
16 4256
69 5219
6 5318
37 1055
37 1056
69 498
37 31
33 2505
17 4526
33 3084
14 1061
1566 14
28 5319
6 5320
39 1522
39 162
6 4760
39 110
39 112
39 111
44 4062
37 866
16 622
1 5321
1 5322
28 5323
6 5324
6 5325
6 5326
28 847
6 197
69 138
69 5327
6 5328
6 5231
6 207
69 248
1 5329
69 825
33 1957
14 500
17 3672
69 5330
33 18
33 35
29 5331
29 5332
44 1083
28 5333
17 2765
29 5334
17 5335
17 5336
29 881
44 570
37 5337
29 5338
16 856
36 3007
37 5339
17 3094
16 554
3 5340
16 455
16 2509
6 497
1 5341
1 5342
4 541
29 2480
6 1122
29 5343
29 5344
28 5235
17 5345
6 5346
69 288
69 342
36 5347
36 5348
6 5349
36 1599
6 2912
36 1600
6 1017
36 1602
28 2856
14 596
16 106
6 4948
46 5350
46 5351
6 5352
37 5353
37 5354
4 1672
17 2276
36 5355
17 3936
