0 69 1210
0 15 742
0 4 3995
0 17 3520
0 17 1997
0 52 555
0 17 942
0 14 206
0 69 5183
0 15 594
0 46 1567
0 1 2139
0 0 4088
0 69 4669
0 17 2373
0 4 1013
0 14 839
0 52 2642
0 52 1484
0 0 320
0 3 591
0 11 1142
0 5 348
0 39 4483
0 16 702
0 3 275
0 1 118
0 29 2504
0 69 1029
0 1 2996
0 36 72
0 14 965
0 33 3417
0 17 4422
0 44 159
0 5 3293
0 17 511
0 6 534
0 3 2109
0 6 214
0 52 830
0 5 493
0 5 3572
0 5 2931
0 5 103
0 36 1431
0 4 1466
0 6 405
0 3 2637
0 17 213
0 1 4105
0 33 388
0 36 1551
0 14 144
0 29 1943
0 14 722
0 29 343
0 16 142
0 5 1567
0 69 252
0 5 2975
0 3 2252
0 1 1401
0 2 1234
0 6 5001
0 4 1617
0 5 2768
0 0 2728
0 4 336
0 6 1957
0 29 1963
0 11 2068
0 2 2632
0 4 253
0 52 1358
0 36 767
0 6 725
0 15 581
0 4 4895
0 17 4820
0 0 632
0 4 2267
0 0 4244
0 69 22
0 4 496
0 36 311
0 36 3811
0 69 531
0 1 3988
0 33 1540
0 6 979
0 6 896
0 4 477
0 4 2758
0 0 2740
0 1 4353
0 36 3414
0 29 197
0 11 14
0 3 441
0 33 2169
0 17 1621
0 5 3265
0 4 3947
0 46 3828
0 16 837
0 11 1484
0 4 1858
0 0 1181
0 46 3732
0 29 30
0 14 2163
0 4 536
0 0 1735
0 1 1394
0 3 1246
0 29 2021
0 11 1065
0 2 3254
0 6 1017
0 0 408
0 6 2322
0 6 512
0 44 1778
0 46 779
0 4 3657
0 36 1005
0 5 1512
0 1 2414
0 17 1808
0 5 367
0 17 594
0 36 307
0 17 5306
0 33 1330
0 28 892
0 69 97
0 29 2484
0 14 486
0 28 5323
0 28 2573
0 39 3528
0 6 1540
0 46 2895
0 15 31
0 4 4289
0 69 120
0 28 220
0 17 637
0 0 3445
0 28 4406
0 29 1855
0 16 933
0 6 580
0 36 4606
0 1 4355
0 6 4740
0 46 27
0 785 1
0 69 361
0 44 1232
0 46 2920
0 15 25
0 14 456
0 46 5351
0 6 490
0 28 3042
0 6 203
0 46 1743
0 0 523
0 15 811
0 0 1502
0 44 837
0 6 4023
0 44 939
0 0 5138
0 16 2826
0 2 103
0 5 1849
0 16 7
0 69 2564
0 1 4057
0 69 1884
0 52 3500
0 39 1041
0 15 1217
0 33 1368
0 4 949
0 2 3378
0 36 3445
0 6 864
0 4 765
0 33 341
0 17 4388
0 4 702
0 44 301
0 11 626
0 52 1773
0 37 113
0 17 797
0 16 624
0 0 126
0 17 3955
0 39 3121
0 0 1231
0 16 4388
0 1 3622
0 2 773
0 3 585
0 52 2005
0 4 2830
0 6 5201
0 36 1828
0 28 1559
0 0 5133
0 52 27
0 36 144
0 3 1166
0 14 190
0 33 4590
0 5 626
0 44 1808
0 52 880
0 44 1124
0 3 1713
0 14 463
0 29 1604
0 44 21
0 0 4980
0 1566 15
0 6 34
0 1 4511
0 17 123
0 11 3373
0 11 4117
0 6 1804
0 5 2970
0 16 2082
0 69 1811
0 29 1119
0 0 121
0 44 1568
0 4 780
0 14 2358
0 15 4705
0 0 1234
0 3 2324
0 2 393
0 17 4846
0 69 1035
0 69 295
0 52 393
0 36 253
0 39 4547
0 1 1255
0 1 885
0 15 569
0 5 2985
0 4 548
0 11 1217
0 6 4031
0 69 4562
0 46 2950
0 33 3008
0 29 620
0 16 564
0 4 1504
0 16 438
0 33 1451
0 17 1651
0 4 363
0 37 4960
0 6 3729
0 11 2741
0 69 49
0 37 4769
0 4 3531
0 29 3429
0 69 2244
0 39 1486
0 6 908
0 16 5136
0 69 1012
0 33 1905
0 16 650
0 6 468
0 15 2423
0 17 466
0 14 4924
0 4 3505
0 52 1942
0 52 123
0 4 244
0 3 2113
0 16 20
0 29 435
0 29 221
0 4 323
0 69 498
0 6 4896
0 28 3458
0 37 59
0 6 235
0 4 2359
0 6 386
0 4 2110
0 14 4279
0 46 3239
0 6 345
0 4 1731
0 16 153
0 39 2907
0 17 3429
0 28 1191
0 6 1887
0 6 717
0 4 1468
0 36 4982
0 6 5034
0 46 2943
0 1566 29
0 3 1062
0 17 495
0 1 3624
0 36 3388
0 5 217
0 0 3928
0 33 968
0 0 1026
0 36 2100
0 6 4576
0 69 825
0 46 2986
0 3 121
0 52 567
0 0 1274
0 11 342
0 17 2176
0 33 590
0 37 106
0 17 1609
0 3 1313
0 28 905
0 44 381
0 28 1537
0 29 847
0 1 2387
0 69 3898
0 14 2960
0 14 4052
0 4 4160
0 1 2469
0 37 138
0 6 495
0 17 261
0 28 5270
0 2 3242
0 28 1272
0 6 1567
0 0 905
0 36 104
0 37 2920
0 17 4837
0 4 4109
0 28 4240
0 4 4310
0 69 1163
0 3 614
0 46 1170
0 37 1642
0 0 21
0 36 2104
0 6 1150
0 3 5340
0 4 639
0 4 458
0 15 392
0 6 778
0 14 194
0 39 102
0 11 344
0 17 4235
0 29 166
0 39 1000
0 1 3773
0 6 919
0 4 2320
0 16 3491
0 3 1039
0 6 189
0 17 4914
0 14 595
0 69 516
0 0 2362
0 36 297
0 14 4150
0 46 2018
0 46 1839
0 37 917
0 4 196
0 28 731
0 37 1312
0 28 1235
0 16 541
0 28 67
0 36 1107
0 0 1957
0 28 1530
0 6 553
0 37 259
0 6 650
0 36 5187
0 2 715
0 28 453
0 1 2140
0 5 62
0 36 482
0 15 1178
0 1 2392
0 36 1502
0 6 1087
0 44 4623
0 6 107
0 69 2040
0 37 5083
0 4 847
0 33 830
0 37 3007
0 1 2122
0 4 730
0 6 3875
0 52 22
0 44 3569
0 1 2090
0 46 150
0 0 323
0 16 866
0 36 4345
0 14 7
0 15 2758
0 36 486
0 39 5158
0 1 2396
0 6 555
0 16 4312
0 4 512
0 36 1007
0 69 1039
0 52 1494
0 6 465
0 46 3764
0 69 782
0 4 902
0 16 1178
0 5 323
0 17 3449
0 37 2586
0 3 1029
0 6 1212
0 0 1133
0 44 202
0 6 5311
0 5 3696
0 36 218
0 36 1602
0 3 1032
0 46 1752
0 44 1680
0 5 1600
0 14 414
0 52 1911
0 44 5302
0 17 272
0 16 4612
0 14 1298
0 4 4862
0 36 2174
0 16 622
0 0 3892
0 36 4421
0 16 463
0 33 1569
0 17 3725
0 5 2110
0 4 493
0 2 172
0 39 941
0 17 1056
0 1 4943
0 0 2215
0 36 42
0 44 1635
0 37 207
0 16 681
0 0 4644
0 5 274
0 17 155
0 17 2625
0 2 830
0 33 3467
0 4 3829
0 69 220
0 6 127
0 4 4198
0 39 248
0 16 2612
0 15 84
0 29 697
0 39 1396
0 2 3269
0 4 2750
0 1 2672
0 17 516
0 1 5322
0 36 1364
0 29 1823
0 14 244
0 6 212
0 29 272
0 11 1517
0 37 388
0 29 41
0 2 3272
0 16 769
0 46 3761
0 14 943
0 44 903
0 11 171
0 37 500
0 3 746
0 37 81
0 36 1261
0 52 198
0 29 1427
0 3 62
0 1 3734
0 52 2069
0 37 2850
0 17 781
0 17 440
0 6 1217
0 36 324
0 39 769
0 28 181
0 1 2719
0 69 739
0 52 883
0 0 275
0 37 1475
0 17 993
0 36 984
0 69 2340
0 36 5009
0 0 1599
0 1 198
0 69 976
0 14 731
0 17 555
0 33 1305
0 14 5023
0 11 4191
0 11 31
0 17 513
0 0 1054
0 39 1264
0 69 4157
0 69 5327
0 5 131
0 36 1273
0 3 1425
0 46 1139
0 69 746
0 14 662
0 14 220
0 28 1035
0 1 2232
0 37 5227
0 37 1495
0 4 5243
0 6 558
0 15 1056
0 0 313
0 14 4403
0 36 372
0 3 1189
0 29 192
0 2 3606
0 6 4414
0 16 363
0 16 3455
0 44 3885
0 14 2491
0 0 414
0 4 1285
0 16 4840
0 1 2766
0 15 363
0 14 197
0 0 4558
0 52 53
0 69 2276
0 44 405
0 11 948
0 28 3800
0 5 3872
0 4 100
0 52 249
0 3 500
0 16 3404
0 0 324
0 36 467
0 0 2582
0 1 2835
0 28 232
0 0 1065
0 14 4335
0 6 1001
0 28 1484
0 1 2127
0 0 4020
0 5 787
0 69 1987
0 6 807
0 14 978
0 4 4286
0 36 808
0 69 703
0 2 330
0 4 4468
0 5 697
0 44 905
0 28 4552
0 28 570
0 36 1674
0 28 1626
0 0 863
0 36 4664
0 6 407
0 5 2999
0 46 262
0 6 2571
0 15 273
0 39 2499
0 52 40
0 14 746
0 0 438
0 0 1600
0 69 2627
0 17 631
0 15 1047
0 29 1191
0 39 978
0 33 159
0 0 195
0 1 1438
0 1 4207
0 14 124
0 0 3682
0 39 174
0 44 540
0 6 5109
0 16 4708
0 17 3865
0 69 204
0 33 1285
0 4 194
0 36 2292
0 0 243
0 29 1565
0 37 5337
0 39 540
0 6 2984
0 69 181
0 0 2383
0 6 1342
0 4 173
0 29 281
0 14 2541
0 5 2982
0 29 3035
0 36 1724
0 1 4212
0 3 370
0 2 1905
0 29 1175
0 17 847
0 15 476
0 1 4720
0 5 194
0 3 315
0 44 4707
0 44 1602
0 14 252
0 69 5286
0 16 1056
0 0 388
0 4 4193
0 29 1209
0 17 1540
0 14 284
0 16 192
0 17 3869
0 29 1260
0 4 3223
0 33 289
0 28 4014
0 28 1542
0 17 381
0 0 875
0 14 253
0 16 94
0 16 4897
0 11 1100
0 3 2253
0 37 2339
0 46 3871
0 1 2235
0 5 3685
0 16 904
0 0 913
0 69 306
0 52 1749
0 5 636
0 37 121
0 6 1176
0 37 617
0 29 1163
0 14 308
0 28 159
0 0 1522
0 14 724
0 14 4736
0 17 464
0 3 184
0 3 53
0 28 626
0 28 500
0 39 254
0 29 2264
0 46 344
0 39 255
0 4676 1
0 16 4062
0 28 142
0 2 541
0 37 850
0 1 2400
0 1 3771
0 1 3991
0 3 1165
0 44 1634
0 6 2610
0 28 4984
0 4 2116
0 2 1837
0 6 285
0 0 4647
0 5 3428
0 69 466
0 3 2631
0 17 2337
0 37 135
0 29 129
0 17 153
0 0 4017
0 0 4612
0 11 3411
0 1 3989
0 15 917
0 11 3920
0 14 30
0 16 441
0 3 2163
0 33 140
0 14 666
0 1 2037
0 37 454
0 17 4473
0 39 259
0 29 774
0 16 57
0 16 621
0 2 171
0 4 396
0 37 30
0 36 1325
0 1 1382
0 33 113
0 5 2954
0 14 834
0 36 4675
0 14 1823
0 17 4884
0 16 4037
0 6 3063
0 36 835
0 33 1272
0 15 2300
0 46 2353
0 17 450
0 44 85
0 33 1173
0 33 1749
0 39 5125
0 14 574
0 1 4213
0 6 2305
0 37 2855
0 1 4456
0 69 845
0 3 767
0 36 204
0 5 3490
0 44 1562
0 14 4191
0 39 626
0 5 3295
0 15 837
0 4 3206
0 5 368
0 4 895
0 16 60
0 39 1058
0 0 653
0 15 2812
0 52 1565
0 39 783
0 28 1735
0 14 459
0 4 3195
0 4 341
0 44 1823
0 36 5178
0 39 824
0 16 1267
0 11 110
0 69 62
0 33 202
0 14 787
0 5 110
0 52 26
0 15 537
0 52 3689
0 28 735
0 6 900
0 44 1555
0 46 1602
0 69 849
0 29 299
0 1 2892
0 36 1100
0 39 1963
0 33 3193
0 1 4942
0 52 1435
0 4 2640
0 17 4103
0 44 585
0 39 671
0 5 2258
0 28 5053
0 2 2094
0 1566 46
0 6 213
0 17 2332
0 36 1260
0 17 3486
0 36 386
0 6 393
0 14 281
0 36 696
0 14 234
0 29 3315
0 15 388
0 15 220
0 0 865
0 69 1656
0 1 2250
0 28 2147
0 16 371
0 37 1457
0 36 167
0 36 3130
0 28 948
0 1 1485
0 5 35
0 11 1579
0 0 4258
0 0 671
0 3 1784
0 1 4323
0 15 1092
0 17 1656
0 5 114
0 1 2603
0 17 3602
0 33 1411
0 37 5181
0 16 1810
0 3 299
0 37 1379
0 14 4079
0 1 3699
0 16 3454
0 6 559
0 44 130
0 29 59
0 36 5309
0 0 3678
0 17 266
0 29 315
0 3 3038
0 14 79
0 6 150
0 16 3652
0 29 3084
0 16 4187
0 46 503
0 29 4442
0 4 3537
0 36 1125
0 14 1026
0 69 241
0 44 1828
0 1 2458
0 52 120
0 28 4990
0 39 410
0 3 10
0 0 2858
0 29 5301
0 14 3763
0 16 2960
0 29 2721
0 44 41
0 37 5170
0 69 42
0 28 108
0 0 287
0 11 2472
0 16 491
0 36 223
0 16 516
0 36 1226
0 37 195
0 46 2015
0 4 3525
0 1 2195
0 14 609
0 46 285
0 1 5112
0 0 1051
0 15 1955
0 4 497
0 6 581
0 69 1175
0 4 3761
0 14 285
0 69 903
0 3 1402
0 15 839
0 14 4790
0 4 749
0 33 1649
0 36 5348
0 6 3442
0 69 24
0 33 1342
0 33 431
0 17 101
0 69 2310
0 3 620
0 6 4948
0 33 4509
0 37 523
0 52 112
0 0 360
0 4 5048
0 3 2607
0 5 2745
0 16 113
0 6 5231
0 39 1863
0 46 1862
0 6 1360
0 1 2375
0 44 1573
0 4 2348
0 5 1599
0 5 521
0 37 5156
0 39 1055
0 0 903
0 17 1346
0 5 3760
0 36 1047
0 37 2900
0 4 4239
0 69 1404
0 37 4191
0 0 4122
0 6 2130
0 4 4592
0 6 3433
0 6 2866
0 29 881
0 17 1520
0 14 1214
0 29 1952
0 44 121
0 0 393
0 29 1422
0 69 899
0 33 198
0 6 781
0 28 5194
0 36 4653
0 15 7
0 1 4597
0 52 3785
0 36 62
0 4 4329
0 3 380
0 3 881
0 5 395
0 4 1887
0 36 451
0 36 595
0 39 266
0 2 350
0 1 2444
0 4 500
0 1 4058
0 33 4387
0 69 511
0 17 3830
0 28 1695
0 39 1830
0 17 4359
0 37 747
0 36 31
0 33 676
0 3 98
0 6 3936
0 37 3339
0 14 1778
0 29 1924
0 4 57
0 14 581
0 14 862
0 14 1599
0 4 4834
0 1 506
0 6 476
0 6 320
0 1 4134
0 3 2244
0 16 99
0 6 455
0 14 21
0 0 1264
0 52 2851
0 36 5022
0 36 459
0 52 1156
0 3 1290
0 3 1518
0 14 1607
0 0 1058
0 44 397
0 36 164
0 69 532
0 4 1776
0 5 2723
0 33 665
0 16 2654
0 16 1026
0 0 555
0 39 314
0 33 581
0 15 65
0 36 737
0 4 3217
0 28 4593
0 37 1484
0 14 1228
0 16 744
0 0 3731
0 33 667
0 14 2379
0 2 295
0 1 4535
0 1 4111
0 44 334
0 69 4263
0 4 1121
0 4 2279
0 46 121
0 39 1600
0 37 345
0 14 517
0 17 574
0 5 197
0 4 1799
0 11 1810
0 0 1202
0 29 411
0 4 2015
0 14 346
0 17 4648
0 16 777
0 14 439
0 1 4796
0 5 77
0 17 468
0 33 454
0 69 3132
0 0 55
0 37 1422
0 28 1768
0 1 2799
0 1 2531
0 46 3805
0 69 5146
0 69 2684
0 2 144
0 17 1188
0 17 1010
0 15 1061
0 28 2656
0 2 84
0 0 288
0 16 4337
0 1 3597
0 6 5050
0 29 1316
0 4 4309
0 17 614
0 14 336
0 4 3253
0 5 3758
0 29 2939
0 1 2762
0 15 3883
0 39 41
0 0 815
0 15 24
0 5 1923
0 3 708
0 15 482
0 17 176
0 16 1036
0 17 584
0 16 1122
0 33 530
0 16 1808
0 28 1163
0 1 4144
0 44 2187
0 1 2527
0 6 1062
0 15 2509
0 673 75
0 33 628
0 0 2933
0 16 4976
0 36 1705
0 14 1083
0 1 2757
0 17 2607
0 6 856
0 37 1828
0 11 593
0 0 110
0 36 1988
0 29 1271
0 17 4383
0 37 1408
0 3 3638
0 6 207
0 33 203
0 17 2171
0 69 792
0 29 3044
0 29 1779
0 44 590
0 36 312
0 28 4735
0 33 268
0 6 816
0 17 892
0 17 181
0 69 157
0 39 135
0 52 129
0 29 1898
0 4 1084
0 28 4873
0 1 2136
0 6 1115
0 17 3089
0 14 388
0 16 1078
0 37 1675
0 37 4655
0 33 5101
0 36 4719
0 33 114
0 37 559
0 28 121
0 37 154
0 39 1587
0 36 4609
0 37 4488
0 17 837
0 69 828
0 11 567
0 3 1509
0 39 123
0 37 197
0 36 1978
0 37 5069
0 36 91
0 16 4534
0 46 3617
0 4 393
0 11 396
0 14 767
0 1 1482
0 1 3350
0 16 839
0 33 219
0 37 625
0 4 3368
0 16 1454
0 6 1089
0 4 30
0 16 4178
0 28 671
0 6 954
0 6 739
0 17 4174
0 29 979
0 17 4752
0 4 822
0 36 715
0 33 727
0 46 3831
0 4 1182
0 11 1522
0 17 340
0 16 323
0 6 955
0 5 53
0 3 829
0 0 452
0 33 920
0 4 2895
0 6 5229
0 44 220
0 3 1140
0 28 4626
0 5 3812
0 6 899
0 6 2685
0 46 435
0 2 1602
0 3 2599
0 69 1320
0 69 3811
0 3 3514
0 69 1474
0 14 1069
0 28 817
0 1 1389
0 33 27
0 69 356
0 44 593
0 17 5187
0 29 3023
0 15 825
0 17 3480
0 11 73
0 37 2328
0 33 497
0 16 1474
0 4 3649
0 44 3714
0 69 453
0 6 3568
0 36 1675
0 0 3578
0 14 114
0 14 530
0 16 1804
0 36 252
0 17 2576
0 29 3225
0 29 1828
0 37 1251
0 44 1517
0 4 3445
0 5 299
0 15 215
0 69 694
0 37 218
0 4 995
0 4 3215
0 69 566
0 1 2725
0 36 2206
0 44 458
0 17 5129
0 28 832
0 29 1830
0 0 4842
0 2 388
0 37 2491
0 29 3410
0 37 1050
0 17 1358
0 44 361
0 16 26
0 37 1231
0 16 493
0 16 4935
0 6 2244
0 15 110
0 46 3435
0 0 439
0 69 626
0 5 3430
0 17 120
0 14 4073
0 5 2989
0 46 3901
0 17 4152
0 44 3008
0 69 388
0 28 24
0 1 4550
0 1 1496
0 69 340
0 14 647
0 0 3673
0 44 3250
0 28 1314
0 6 218
0 2 223
0 6 590
0 69 2583
0 6 1107
0 17 4499
0 14 694
0 36 681
0 3 379
0 37 1409
0 69 2962
0 69 105
0 29 1974
0 16 1243
0 44 2070
0 4 395
0 3 2952
0 28 340
0 2 2638
0 69 482
0 1 4660
0 14 2315
0 14 4238
0 39 121
0 36 5220
0 14 4929
0 14 567
0 15 2336
0 33 3444
0 37 315
0 33 778
0 4 307
0 3 1487
0 37 5354
0 46 1769
0 4 3095
0 3 2764
0 6 138
0 1 2239
0 33 1957
0 39 184
0 4 3167
0 28 5316
0 46 1600
0 37 1623
0 29 244
0 14 251
0 14 3091
0 1 691
0 52 3573
0 33 1423
0 37 1100
0 2 3408
0 4 3150
0 33 1289
0 4 3057
0 17 2287
0 39 433
0 46 1872
0 17 1278
0 36 1287
0 11 346
0 2 58
0 0 1353
0 15 243
0 4 635
0 17 4073
0 17 448
0 28 5215
0 6 4025
0 5 181
0 1 752
0 5223 1
0 11 380
0 29 65
0 0 3546
0 36 1262
0 36 102
0 16 4989
0 1 2698
0 17 1807
0 0 57
0 14 863
0 46 47
0 52 2412
0 1 1074
0 17 1234
0 28 5058
0 36 1161
0 44 380
0 33 1306
0 2 3701
0 14 452
0 46 1739
0 1 4206
0 5 1083
0 4 55
0 36 651
0 46 1788
0 3 2283
0 5 142
0 14 196
0 6 184
0 37 466
0 5 25
0 3 1512
0 36 1358
0 37 72
0 0 160
0 17 4449
0 1 2290
0 3 1135
0 46 1755
0 37 3341
0 15 27
0 46 97
0 39 1474
0 28 1119
0 1 5341
0 17 1810
0 46 287
0 0 1526
0 37 1229
0 52 1517
0 1 3627
0 5 3666
0 39 1590
0 44 4711
0 1 3915
0 0 4016
0 44 710
0 36 628
0 17 222
0 3 492
0 14 3253
0 1 4265
0 28 4061
0 28 2980
0 33 1122
0 37 24
0 69 399
0 14 741
0 28 864
0 17 888
0 28 1404
0 17 1963
0 37 2505
0 4 5257
0 69 655
0 39 864
0 69 432
0 39 612
0 52 154
0 2 384
0 37 354
0 15 133
0 1 4047
0 1 2815
0 4 3007
0 2 2867
0 5 457
0 15 185
0 36 3
0 16 4008
0 14 4806
0 298 1
0 15 1037
0 28 64
0 0 3011
0 4 417
0 0 4198
0 33 1673
0 69 1604
0 0 1810
0 5 3702
0 1 1418
0 6 31
0 28 4737
0 36 393
0 29 271
0 3 839
0 14 1509
0 0 215
0 37 27
0 69 222
0 29 3289
0 36 1037
0 0 453
0 69 896
0 69 4530
0 4 1105
0 1 4464
0 6 3591
0 16 532
0 4 289
0 0 5251
0 17 1823
0 46 2174
0 11 253
0 1 2233
0 28 4605
0 36 3018
0 6 626
0 33 1859
0 17 4110
0 0 379
0 1 4200
0 69 812
0 6 132
0 36 4015
0 3 527
0 17 2881
0 36 787
0 15 241
0 11 172
0 37 2014
0 46 1540
0 6 1088
0 29 1964
0 6 950
0 37 940
0 4 1142
0 16 732
0 52 225
0 29 150
0 16 1011
0 17 227
0 36 24
0 69 346
0 4 2113
0 6 392
0 6 5191
0 33 1903
0 15 1553
0 29 3669
0 1 4507
0 14 57
0 4 833
0 16 4493
0 16 203
0 36 275
0 4 397
0 17 1590
0 36 1117
0 3 22
0 39 1251
0 6 30
0 33 4959
0 37 830
0 6 420
0 52 631
0 36 5019
0 36 5095
0 4 903
0 39 4023
0 14 734
0 4 1116
0 69 824
0 2 450
0 69 1058
0 33 5095
0 17 748
0 36 2951
0 4 737
0 4 108
0 1 4115
0 2 2426
0 4 4236
0 0 2932
0 29 31
0 69 3309
0 14 309
0 1 2468
0 29 1793
0 44 498
0 14 4167
0 6 8
0 39 1777
0 69 290
0 14 4491
0 6 1612
0 753 1
0 4 3336
0 33 1620
0 33 194
0 29 2590
0 17 844
0 44 97
0 28 126
0 36 846
0 16 3343
0 1 1498
0 29 1007
0 11 458
0 37 3428
0 33 1574
0 36 1050
0 29 2418
0 15 3445
0 17 1773
0 33 201
0 16 727
0 1 579
0 3 3585
0 37 4000
0 39 1301
0 17 4706
0 1 2805
0 4 4333
0 16 1610
0 44 3815
0 46 2530
0 14 512
0 15 899
0 16 2758
0 39 630
0 17 3609
0 36 959
0 37 3011
0 33 169
0 17 84
0 2 3784
0 6 3030
0 0 1083
0 29 408
0 33 174
0 6 5284
0 3 59
0 36 432
0 16 40
0 6 535
0 28 310
0 16 4955
0 28 440
0 14 2784
0 37 3279
0 28 154
0 52 3232
0 4 4486
0 16 544
0 6 220
0 3 1229
0 69 584
0 2 928
0 37 1660
0 15 29
0 1 4118
0 6 489
0 14 1182
0 52 1832
0 14 652
0 6 1965
0 52 111
0 14 3319
0 0 876
0 1 4264
0 11 1631
0 1 2234
0 3 41
0 28 3731
0 3 493
0 4 347
0 6 497
0 39 4647
0 69 541
0 0 3905
0 14 331
0 29 2424
0 0 466
0 28 3130
0 5 2971
0 16 5099
0 28 784
0 5 527
0 39 1599
0 29 111
0 46 3917
0 6 4932
0 36 1424
0 6 194
0 46 84
0 14 671
0 4 4637
0 2 56
0 5 513
0 15 134
0 16 1278
0 29 2309
0 3 773
0 39 1634
0 3 198
0 46 3073
0 37 901
0 5 3005
0 4 430
0 4 590
0 4 852
0 52 908
0 5 965
0 29 748
0 0 221
0 69 1703
0 28 2570
0 0 474
0 69 4267
0 36 4198
0 4 3214
0 37 5002
0 6 7
0 6 3938
0 1 4349
0 5 839
0 1 3706
0 36 1340
0 16 313
0 29 787
0 36 4767
0 1 2710
0 36 4399
0 4 4957
0 44 2462
0 0 2300
0 1 5300
0 44 3884
0 16 4874
0 3 538
0 11 103
0 52 2216
0 39 1047
0 5 30
0 69 2284
0 1 2803
0 0 567
0 6 1085
0 29 1133
0 5 3929
0 6 92
0 15 2998
0 0 282
0 69 4902
0 33 7
0 29 208
0 0 1137
0 0 4426
0 36 1219
0 69 1708
0 16 843
0 2 3762
0 2 1358
0 29 1845
0 6 966
0 14 171
0 69 341
0 36 847
0 5 1692
0 44 102
0 11 195
0 28 4945
0 52 102
0 39 65
0 37 1575
0 1 2246
0 44 1948
0 36 301
0 28 4786
0 28 195
0 1 4657
0 33 277
0 28 811
0 5 2991
0 6 281
0 69 132
0 15 4516
0 1 4569
0 28 4400
0 17 541
0 44 1369
0 69 327
0 15 154
0 16 2833
0 11 121
0 2 24
0 28 1115
0 4 179
0 11 1667
0 16 737
0 17 4246
0 69 336
0 69 57
0 6 1578
0 17 1427
0 37 847
0 44 3088
0 11 176
0 17 1325
0 44 133
0 69 2178
0 39 1029
0 28 336
0 0 850
0 29 500
0 6 1202
0 6 941
0 6 591
0 14 3956
0 33 5100
0 44 1129
0 36 5130
0 29 3072
0 33 1061
0 39 554
0 46 1232
0 36 1217
0 1 2547
0 28 25
0 5 486
0 46 102
0 29 5338
0 3 2498
0 3 20
0 29 474
0 46 3808
0 69 2066
0 39 1027
0 46 2807
0 6 3509
0 15 1156
0 44 1162
0 46 3797
0 0 4858
0 37 159
0 52 2057
0 0 2607
0 37 1410
0 69 281
0 15 181
0 0 570
0 1 2816
0 2 2667
0 1 2374
0 44 583
0 46 3472
0 39 414
0 52 1829
0 69 880
0 16 388
0 33 252
0 37 1115
0 4 769
0 15 350
0 52 1740
0 69 2651
0 33 451
0 16 2742
0 1 3165
0 69 101
0 3 3193
0 4 408
0 6 5256
0 46 1217
0 1 2208
0 14 2180
0 6 459
0 17 3761
0 5 2636
0 14 1027
0 4 495
0 1 4322
0 3 580
0 44 1567
0 0 862
0 17 3589
0 3 3595
0 4 648
0 16 1542
0 3 495
0 1 1395
0 39 99
0 69 302
0 6 262
0 29 828
0 0 450
0 0 101
0 37 5078
0 1 2401
0 6 1821
0 1 4140
0 37 271
0 16 3320
0 3 4776
0 6 3567
0 39 4554
0 16 212
0 3 155
0 33 106
0 5 199
0 28 495
0 6 5252
0 6 5234
0 1 4538
0 52 98
0 5 24
0 1 4301
0 28 995
0 6 2939
0 1 4099
0 1 2272
0 17 1915
0 28 409
0 2 722
0 2 99
0 4 1229
0 4 372
0 6 467
0 4 1980
0 29 440
0 29 584
0 69 907
0 1 1472
0 2 57
0 5 3488
0 52 1572
0 17 388
0 28 4021
0 69 1326
0 6 340
0 16 4784
0 3 1130
0 69 155
0 5 845
0 46 2266
0 52 3400
0 17 866
0 28 4624
0 69 735
0 29 2502
0 69 992
0 36 1002
0 14 426
0 14 129
0 17 2161
0 4 3328
0 36 2080
0 6 917
0 16 4527
0 4 3719
0 0 702
0 14 2599
0 33 206
0 11 2266
0 36 739
0 6 980
0 33 315
0 28 4579
0 17 4352
0 0 928
0 3 280
0 3 1153
0 52 3502
0 2 739
0 16 314
0 14 572
0 1 505
0 4 410
0 4 197
0 29 671
0 29 201
0 0 155
0 17 1011
0 44 222
0 28 2668
0 3 3919
0 14 2461
0 69 1568
0 44 844
0 5 1978
0 17 3149
0 4 688
0 36 2055
0 6 4390
0 46 1029
0 0 681
0 1 1407
0 17 241
0 29 3071
0 14 737
0 28 186
0 17 1266
0 5 2485
0 14 604
0 52 289
0 29 1908
0 39 295
0 36 1666
0 0 4063
0 28 129
0 1 3902
0 69 441
0 52 262
0 33 409
0 0 479
0 36 468
0 11 847
0 14 818
0 36 1490
0 69 1229
0 15 512
0 69 461
0 37 1804
0 29 1708
0 6 112
0 37 1318
0 3 159
0 0 2358
0 1 692
0 37 2376
0 4 67
0 44 3288
0 29 4433
0 4 1602
0 1 2914
0 33 1428
0 46 0
0 44 1360
0 5 1626
0 46 1427
0 44 607
0 3 1030
0 36 4524
0 16 2150
0 33 1584
0 14 945
0 36 1794
0 29 207
0 16 1268
0 39 866
0 39 40
0 39 530
0 2 927
0 17 2840
0 1 472
0 5 3274
0 46 113
0 36 113
0 4 381
0 14 3709
0 6 171
0 1 1939
0 69 4885
0 37 502
0 17 2342
0 36 1599
0 16 2713
0 6 1047
0 1 4123
0 3 727
0 44 468
0 0 336
0 16 458
0 5 2781
0 4 3166
0 17 1113
0 1 3171
0 33 902
0 11 94
0 0 468
0 14 2651
0 4 1362
0 5 372
0 33 3323
0 1 2712
0 39 331
0 16 2824
0 16 3398
0 4 4737
0 1 2196
0 0 3286
0 17 2572
0 0 1061
0 28 591
0 0 152
0 29 1851
0 6 144
0 44 624
0 4 300
0 39 709
0 2 656
0 46 1767
0 28 4521
0 4 379
0 14 1565
0 44 4635
0 6 5038
0 3 109
0 6 4682
0 16 4073
0 36 5092
0 44 1141
0 36 1145
0 16 535
0 16 3357
0 0 18
0 28 1158
0 28 5308
0 15 222
0 44 206
0 17 1098
0 33 40
0 6 129
0 39 4555
0 14 538
0 11 1678
0 33 197
0 3 886
0 4 3334
0 3 206
0 14 464
0 36 5018
0 17 172
0 46 620
0 5 1669
0 3 3247
0 14 1028
0 69 342
0 4 350
0 14 1215
0 15 182
0 15 53
0 17 3598
0 16 2494
0 1 4357
0 1 3552
0 46 3036
0 16 3303
0 39 4594
0 5 454
0 6 978
0 15 280
0 28 616
0 6 1299
0 6 3018
0 46 1234
0 0 1859
0 4 4758
0 16 1532
0 29 105
0 4 1606
0 14 2347
0 17 10
0 29 1415
0 37 86
0 28 580
0 14 4231
0 17 72
0 0 3138
0 69 465
0 6 667
0 14 740
0 15 3591
0 5 341
0 37 63
0 0 459
0 2 197
0 28 324
0 28 368
0 17 4751
0 36 4312
0 29 3234
0 6 654
0 0 4566
0 4 5207
0 0 530
0 52 648
0 5 3893
0 4 2452
0 3 567
0 2 3757
0 69 2608
0 11 367
0 46 2085
0 33 1491
0 4 4182
0 52 3788
0 0 507
0 6 1024
0 16 172
0 36 580
0 16 846
0 52 176
0 16 4423
0 17 212
0 37 1865
0 37 182
0 46 2071
0 4 1435
0 1 2644
0 44 26
0 2 3264
0 29 522
0 14 165
0 69 3011
0 36 697
0 0 2020
0 6 3944
0 4 667
0 44 486
0 28 330
0 4 3641
0 4 3001
0 17 22
0 1 3611
0 1 3576
0 2 1591
0 1 2708
0 3 350
0 36 2584
0 2 2869
0 1 3349
0 16 1209
0 37 139
0 36 51
0 36 528
0 17 3677
0 5 225
0 33 843
0 36 604
0 4 384
0 3 284
0 5 61
0 69 1120
0 14 2548
0 0 1298
0 0 2506
0 1 2475
0 15 743
0 14 1402
0 3 3245
0 6 113
0 0 4510
0 14 67
0 37 1282
0 52 418
0 0 3024
0 17 201
0 69 527
0 33 2837
0 37 1284
0 1 2390
0 4 4793
0 1 337
0 17 4358
0 3 3739
0 14 221
0 44 3473
0 6 5142
0 6 2292
0 0 1092
0 29 1029
0 17 2573
0 1 2143
0 14 773
0 17 3513
0 37 1540
0 37 951
0 0 2992
0 15 2320
0 36 1527
0 44 98
0 28 372
0 17 4282
0 46 916
0 0 521
0 17 648
0 37 4757
0 39 739
0 33 1233
0 6 2271
0 33 196
0 4 174
0 33 1078
0 69 742
0 0 2838
0 1 4108
0 69 835
0 36 1775
0 0 2135
0 17 683
0 16 708
0 14 521
0 52 3030
0 3 194
0 4 4324
0 69 3386
0 1 4127
0 39 3249
0 14 5204
0 1 4451
0 28 1987
0 36 1900
0 16 3536
0 3 1552
0 39 343
0 4 1040
0 4 281
0 36 5021
0 5 54
0 29 2992
0 36 388
0 29 4055
0 29 1928
0 46 458
0 16 1587
0 4 1503
0 4 110
0 39 951
0 6 370
0 1 4100
0 28 1607
0 28 874
0 46 3477
0 3 866
0 28 4522
0 17 3440
0 14 181
0 4 356
0 69 2652
0 36 3218
0 69 1970
0 5 1259
0 29 728
0 29 4684
0 4 1031
0 5 3777
0 14 1425
0 0 1028
0 0 2339
0 3 2962
0 69 585
0 5 19
0 2 3590
0 4 81
0 33 3352
0 5 3244
0 46 24
0 5 3791
0 44 811
0 4 1682
0 1 5046
0 3 924
0 0 1113
0 5 3039
0 33 240
0 2 314
0 4 3153
0 11 897
0 16 368
0 15 123
0 44 435
0 28 2080
0 14 1005
0 1 2413
0 33 1571
0 15 1749
0 5 120
0 46 20
0 6 3816
0 6 5067
0 17 265
0 5 580
0 33 1729
0 3 1131
0 15 861
0 5 590
0 28 512
0 14 726
0 17 1865
0 5 482
0 33 4062
0 5 58
0 14 3017
0 5 121
0 37 1
0 33 251
0 1 1385
0 15 2783
0 33 1419
0 69 248
0 16 34
0 3 764
0 28 184
0 39 845
0 29 2151
0 14 4192
0 36 30
0 46 3894
0 1 3766
0 14 102
0 1 4204
0 3 254
0 39 1061
0 14 646
0 15 147
0 33 123
0 28 515
0 17 394
0 28 393
0 46 2064
0 0 1152
0 17 4371
0 1 2357
0 16 1326
0 0 2874
0 4 1314
0 6 93
0 44 314
0 33 1847
0 3 3548
0 17 4153
0 0 93
0 3 676
0 28 1778
0 44 652
0 33 626
0 46 2279
0 16 5028
0 1 3633
0 16 2148
0 44 2938
0 33 212
0 44 1
0 3 2614
0 17 2149
0 37 3936
0 33 310
0 29 454
0 4 905
0 17 370
0 17 1607
0 17 580
0 39 1673
0 6 4731
0 2 1537
0 29 702
0 11 310
0 39 1193
0 0 192
0 29 2175
0 44 289
0 28 980
0 39 1633
0 17 299
0 69 243
0 69 4930
0 4 314
0 46 314
0 6 2379
0 6 352
0 33 2105
0 3 739
0 2 448
0 3 1353
0 1 2270
0 44 3131
0 0 1197
0 6 4081
0 36 4444
0 1 2915
0 6 464
0 14 640
0 36 923
0 11 3475
0 17 1859
0 39 1311
0 15 221
0 37 432
0 15 121
0 0 3095
0 44 439
0 14 195
0 0 2848
0 5 3931
0 69 591
0 44 1968
0 634 28
0 46 3466
0 29 2215
0 33 4948
0 6 124
0 37 5295
0 44 331
0 4 3364
0 15 192
0 33 1486
0 1 4540
0 28 4746
0 2 126
0 6 10
0 69 2588
0 3 2189
0 39 273
0 14 4237
0 1 2254
0 3 696
0 33 121
0 14 1468
0 14 258
0 6 521
0 29 736
0 6 1963
0 0 142
0 15 1023
0 36 3800
0 6 3498
0 37 704
0 37 1892
0 4 41
0 16 259
0 4 944
0 29 2128
0 46 3792
0 0 249
0 28 1181
0 69 3695
0 44 4040
0 28 1061
0 36 839
0 17 4022
0 4 3222
0 1 3048
0 6 1565
0 1 2262
0 11 1759
0 5 2038
0 1 2770
0 16 2321
0 37 4874
0 17 113
0 6 398
0 33 1557
0 16 1821
0 16 604
0 0 4674
0 39 56
0 11 570
0 4 866
0 16 327
0 3 440
0 33 776
0 37 359
0 44 356
0 28 5244
0 5 342
0 11 1604
0 36 568
0 17 2346
0 3 879
0 28 4381
0 33 408
0 3 60
0 37 99
0 11 1262
0 39 3179
0 36 620
0 1 4136
0 17 2788
0 28 4408
0 28 896
0 4 4791
0 46 3235
0 29 1724
0 923 3394
0 44 320
0 3 1061
0 16 4581
0 44 1314
0 6 2963
0 69 310
0 46 3438
0 37 555
0 0 4316
0 11 1314
0 4 646
0 46 3439
0 0 1055
0 46 2596
0 37 1217
0 4 896
0 33 57
0 4 3208
0 37 102
0 16 453
0 4 2371
0 69 3467
0 1 4302
0 37 2038
0 6 4606
0 0 1305
0 14 770
0 46 3468
0 3 465
0 29 1617
0 17 262
0 3 1119
0 14 911
0 3 4778
0 4 3204
0 37 1596
0 17 4864
0 33 1350
0 4 227
0 3 415
0 5 1996
0 46 63
0 28 581
0 52 1514
0 44 1125
0 28 5196
0 6 99
0 0 196
0 11 980
0 28 5235
0 44 144
0 44 3417
0 5 153
0 46 3099
0 1 2566
0 3 1259
0 6 4833
0 33 861
0 52 3852
0 4 2472
0 37 925
0 0 1117
0 29 3840
0 4 5029
0 4 3002
0 69 3981
0 3 176
0 15 4715
0 6 226
0 6 5027
0 0 350
0 36 1215
0 3 181
0 4 2753
0 4 3504
0 46 532
0 14 256
0 1 2404
0 17 980
0 14 1163
0 46 1314
0 14 4163
0 2 1915
0 16 486
0 17 4445
0 0 2111
0 1 4946
0 0 3285
0 28 1823
0 2 264
0 33 1624
0 17 2635
0 4 1054
0 39 4577
0 6 363
0 37 1241
0 36 1023
0 39 1822
0 14 1818
0 28 297
0 44 702
0 39 203
0 52 268
0 0 2094
0 6 1084
0 14 1813
0 1 2156
0 14 377
0 6 1823
0 4 2610
0 1 2316
0 44 3323
0 3 644
0 17 3299
0 6 788
0 28 651
0 16 27
0 0 4649
0 16 1174
0 33 487
0 3 433
0 44 3806
0 33 2048
0 17 3252
0 28 2972
0 17 3493
0 14 304
0 6 424
0 28 30
0 37 3274
0 5 132
0 3 1656
0 44 32
0 37 1798
0 39 231
0 0 429
0 37 5089
0 1 1245
0 44 1083
0 4 23
0 0 590
0 14 433
0 0 3337
0 37 546
0 29 1070
0 17 5219
0 16 3338
0 6 2912
0 5 1602
0 46 1953
0 14 334
0 1 4130
0 28 174
0 4 2214
0 15 625
0 17 61
0 4 2070
0 4 1475
0 28 3935
0 4 3382
0 36 1631
0 5 300
0 29 1631
0 6 215
0 17 429
0 44 218
0 14 929
0 36 98
0 6 5310
0 46 3880
0 1 2247
0 46 2303
0 69 0
0 15 113
0 14 1062
0 16 1229
0 0 3110
0 39 1070
0 6 566
0 36 951
0 52 3909
0 39 497
0 0 223
0 37 4237
0 37 127
0 16 1298
0 29 388
0 37 1488
0 28 764
0 39 1588
0 16 4576
0 46 441
0 46 1753
0 37 465
0 33 99
0 37 788
0 11 144
0 29 1786
0 29 63
0 17 861
0 15 557
0 28 683
0 4 4180
0 28 4181
0 28 606
0 14 123
0 3 3022
0 0 84
0 46 1878
0 6 437
0 11 1626
0 52 201
0 29 276
0 37 4830
0 52 3860
0 4 2937
0 36 1497
0 33 237
0 0 24
0 17 77
0 16 860
0 14 273
0 17 3882
0 2 2322
0 16 1217
0 33 681
0 15 2944
0 69 978
0 17 5043
0 39 221
0 28 4176
0 37 914
0 4 594
0 17 3662
0 2 2506
0 46 342
0 5 3120
0 37 144
0 28 4258
0 16 1037
0 39 42
0 14 2951
0 39 195
0 4 155
0 69 418
0 14 688
0 17 4485
0 36 466
0 11 652
0 17 53
0 44 569
0 1 1378
0 4 2514
0 4 181
0 44 553
0 14 1045
0 52 3759
0 29 81
0 69 282
0 4 445
0 52 2220
0 17 1015
0 1 4228
0 2 2099
0 46 393
0 36 779
0 46 1925
0 69 140
0 69 489
0 17 4804
0 11 1008
0 29 2423
0 0 2657
0 4 2851
0 2 1592
0 5 3694
0 37 1541
0 5 846
0 29 626
0 46 3845
0 69 915
0 33 405
0 6 806
0 46 1759
0 15 234
0 0 3816
0 16 3938
0 4 3122
0 33 2957
0 46 223
0 39 1334
0 37 737
0 2 81
0 1 2155
0 16 106
0 17 2295
0 16 864
0 17 4821
0 36 3428
0 14 2261
0 3 3060
0 37 1909
0 16 4078
0 33 1369
0 17 1393
0 11 3119
0 29 637
0 36 957
0 33 941
0 16 779
0 33 658
0 14 160
0 14 2014
0 17 857
0 6 4643
0 39 136
0 4 466
0 52 1463
0 46 3785
0 46 18
0 15 380
0 0 1766
0 14 3672
0 39 1717
0 69 2373
0 0 2615
0 28 5274
0 4 829
0 17 3752
0 16 1607
0 16 2472
0 0 146
0 11 204
0 6 5208
0 37 864
0 5 2716
0 39 2347
0 29 2121
0 28 844
0 14 368
0 44 252
0 17 63
0 39 1555
0 2 934
0 46 3343
0 16 1784
0 1 2466
0 36 1819
0 44 1775
0 1 1441
0 46 1866
0 17 3779
0 29 2315
0 14 4241
0 28 270
0 6 259
0 2 3424
0 33 300
0 1 1654
0 29 2440
0 44 287
0 69 5281
0 15 5219
0 29 61
0 46 1510
0 4 178
0 29 3397
0 4 5040
0 17 4928
0 44 2209
0 28 98
0 44 1435
0 1 1332
0 37 85
0 0 1530
0 0 1568
0 37 56
0 36 2102
0 39 5144
0 14 1804
0 69 2218
0 6 155
0 33 133
0 6 2178
0 36 3390
0 29 176
0 3 2574
0 14 927
0 2 62
0 52 386
0 44 1829
0 14 392
0 3 862
0 0 4424
0 36 995
0 37 3097
0 1 3346
0 28 331
0 36 726
0 2 1007
0 4 5258
0 0 3809
0 15 486
0 17 835
0 0 2666
0 44 110
0 29 2167
0 4 636
0 3 171
0 6 3446
0 6 3334
0 6 2134
0 17 894
0 17 234
0 0 2509
0 16 513
0 37 1567
0 0 4822
0 69 331
0 29 254
0 0 4411
0 6 5225
0 44 254
0 33 1647
0 6 323
0 14 3233
0 6 302
0 28 109
0 0 4023
0 1 4466
0 3 1200
0 15 60
0 36 4611
0 37 1298
0 28 3446
0 69 1059
0 46 979
0 33 5066
0 14 461
0 5 252
0 11 3613
0 4 2962
0 33 410
0 29 266
0 52 3463
0 0 1005
0 3 1668
0 11 2164
0 16 648
0 5 27
0 6 4525
0 1 4132
0 46 5350
0 36 3120
0 17 726
0 1 1681
0 6 4989
0 0 1008
0 33 1215
0 5 340
0 46 985
0 4 465
0 1 1460
0 4 3847
0 39 140
0 39 498
0 39 3172
0 28 459
0 36 1326
0 28 4951
0 29 19
0 4 411
0 52 284
0 5 3879
0 37 1616
0 29 405
0 69 1695
0 52 368
0 16 1520
0 4 237
0 69 864
0 6 1590
0 39 1815
0 3 2301
0 14 828
0 11 313
0 69 2268
0 4 176
0 6 1526
0 1 115
0 11 66
0 46 429
0 11 2573
0 11 314
0 14 632
0 17 644
0 33 1192
0 14 455
0 14 2164
0 39 72
0 14 133
0 17 342
0 52 1094
0 16 3903
0 17 5335
0 1 2194
0 17 210
0 69 625
0 14 4628
0 4 3210
0 11 1251
0 69 370
0 37 2177
0 16 77
0 1 3855
0 37 204
0 17 795
0 14 4116
0 0 901
0 17 1514
0 4 7
0 0 580
0 6 2317
0 44 3444
0 14 629
0 0 4889
0 5 847
0 17 531
0 29 3105
0 1 2707
0 44 3271
0 0 20
0 5 837
0 16 5260
0 29 144
0 4 1624
0 69 802
0 6 582
0 6 3866
0 6 5198
0 4 998
0 14 1510
0 17 2927
0 6 1022
0 4 274
0 37 2848
0 33 648
0 28 206
0 4 280
0 17 287
0 28 625
0 29 1922
0 29 717
0 52 372
0 16 1487
0 0 604
0 69 4158
0 17 1079
0 37 839
0 0 137
0 17 4101
0 4 3433
0 15 694
0 17 7
0 0 448
0 6 959
0 39 264
0 33 1474
0 69 1022
0 36 97
0 0 650
0 69 4574
0 46 1326
0 0 392
0 3 671
0 52 1568
0 2 343
0 14 300
0 29 2101
0 39 4573
0 28 704
0 37 818
0 1 2911
0 0 4194
0 37 652
0 1 4799
0 15 595
0 6 327
0 11 140
0 36 2181
0 6 791
0 44 3897
0 6 3064
0 37 3149
0 17 1369
0 0 3742
0 14 1912
0 29 2244
0 39 1057
0 28 4038
0 4 5085
0 33 495
0 6 1572
0 28 4755
0 46 155
0 17 3575
0 37 1468
0 14 744
0 1 712
0 17 3949
0 36 281
0 39 1217
0 17 1905
0 69 438
0 1 2237
0 1 4396
0 36 3286
0 29 4693
0 5 3033
0 44 1629
0 37 249
0 33 1981
0 1 2391
0 46 54
0 69 142
0 4 1446
0 28 4622
0 1 3927
0 44 1719
0 1 2922
0 11 255
0 11 917
0 36 34
0 0 1209
0 28 1027
0 15 727
0 69 244
0 14 3049
0 16 4015
0 36 3114
0 6 84
0 37 3124
0 14 536
0 15 150
0 0 866
0 29 159
0 17 1567
0 28 38
0 14 341
0 3 497
0 1 1888
0 29 934
0 14 1059
0 14 638
0 4 5026
0 52 3811
0 29 486
0 6 482
0 5 1435
0 69 1365
0 14 558
0 28 839
0 33 1251
0 17 3587
0 29 2016
0 17 1731
0 16 1007
0 69 368
0 46 3041
0 6 543
0 6 4110
0 17 18
0 6 524
0 4 1751
0 69 1829
0 44 3801
0 14 454
0 5 468
0 36 3754
0 33 5185
0 29 4427
0 6 454
0 14 288
0 37 285
0 39 1592
0 17 4215
0 46 94
0 0 99
0 29 273
0 36 5171
0 0 172
0 69 429
0 1 760
0 16 114
0 0 4165
0 4 2142
0 5 3688
0 17 4234
0 4 3152
0 39 1428
0 46 2293
0 6 523
0 6 331
0 33 700
0 2 310
0 52 1997
0 28 363
0 14 1962
0 69 1258
0 1 3004
0 3 1296
0 28 1265
0 37 4869
0 39 990
0 6 333
0 44 131
0 1 2398
0 14 1055
0 29 2887
0 37 821
0 17 89
0 6 206
0 17 4372
0 1 4269
0 14 794
0 5 1820
0 11 864
0 39 77
0 11 500
0 17 1153
0 44 4521
0 69 629
0 14 620
0 52 1734
0 33 1629
0 36 2258
0 69 1617
0 3 204
0 29 86
0 28 266
0 14 4170
0 0 904
0 6 1865
0 14 468
0 39 773
0 4 1600
0 0 1435
0 29 410
0 3 1127
0 17 4469
0 36 105
0 4 4607
0 14 327
0 3 1138
0 14 5255
0 3 1917
0 28 2161
0 17 830
0 44 2843
0 29 99
0 44 1234
0 36 210
0 1 3767
0 6 992
0 4 599
0 36 1416
0 0 1913
0 17 5049
0 39 4429
0 14 2587
0 11 905
0 69 1607
0 15 819
0 3 2967
0 52 2011
0 46 10
0 0 4881
0 6 4089
0 52 626
0 0 828
0 16 1555
0 17 778
0 28 846
0 2 259
0 37 580
0 28 4376
0 1 4519
0 46 3948
0 28 4218
0 28 285
0 36 1858
0 14 750
0 0 4223
0 29 710
0 2 268
0 14 2230
0 14 275
0 33 379
0 4 2723
0 0 3331
0 16 570
0 39 101
0 16 3445
0 69 1509
0 1 4343
0 2 707
0 52 344
0 14 892
0 17 5082
0 16 4188
0 37 1808
0 14 4297
0 33 3188
0 16 234
0 33 5161
0 11 737
0 4 22
0 5 3026
0 3 1435
0 33 1770
0 0 199
0 14 649
0 14 847
0 33 126
0 2 1037
0 46 174
0 1 2679
0 0 1787
0 28 937
0 44 774
0 0 4645
0 15 1463
0 39 94
0 14 271
0 0 494
0 17 901
0 1 4069
0 3 1197
0 6 1858
0 3 926
0 37 709
0 69 214
0 46 3932
0 33 1820
0 15 487
0 6 3983
0 0 370
0 0 234
0 4 3663
0 15 498
0 17 1919
0 33 1644
0 36 129
0 15 5082
0 39 725
0 14 425
0 2 530
0 44 825
0 36 269
0 46 3437
0 44 1946
0 16 4926
0 16 983
0 69 520
0 0 502
0 44 142
0 14 707
0 52 3536
0 17 3502
0 4 3199
0 33 1234
0 36 139
0 39 5155
0 17 55
0 29 243
0 44 3876
0 6 3962
0 52 1815
0 37 1987
0 1 2908
0 3 2579
0 16 531
0 2 140
0 37 1029
0 673 1
0 0 4217
0 17 1231
0 69 272
0 17 723
0 69 2347
0 6 4375
0 46 521
0 14 593
0 36 899
0 37 1830
0 2 1934
0 1 116
0 44 5166
0 29 2179
0 36 5355
0 69 114
0 1 2141
0 11 4620
0 46 1768
0 52 3936
0 33 1051
0 14 1191
0 16 4283
0 2 145
0 15 200
0 5 204
0 17 2820
0 33 5218
0 1 1930
0 2 1150
0 69 195
0 3 134
0 14 956
0 33 4517
0 4 361
0 0 4584
0 37 1425
0 69 2775
0 11 4686
0 14 345
0 28 185
0 16 3632
0 29 363
0 2 22
0 2 303
0 69 1020
0 37 435
0 17 4497
0 6 570
0 1 4342
0 69 628
0 46 1766
0 69 153
0 0 670
0 44 680
0 36 592
0 36 325
0 69 219
0 17 2834
0 0 42
0 1 1854
0 14 1621
0 4 1264
0 1 2240
0 6 1428
0 14 1133
0 4 980
0 4 2573
0 4 606
0 4 3185
0 33 1539
0 6 4183
0 2 1264
0 36 285
0 0 7
0 28 114
0 17 345
0 17 3795
0 69 2119
0 46 3858
0 6 3403
0 2 4023
0 16 2014
0 17 3834
0 33 3656
0 37 4197
0 29 453
0 3 384
0 15 2134
0 17 1432
0 29 2420
0 11 513
0 11 3643
0 37 1614
0 17 374
0 33 340
0 69 312
0 6 21
0 14 264
0 14 710
0 11 1768
0 0 5106
0 4 3079
0 33 971
0 16 1957
0 6 1260
0 46 439
0 37 353
0 14 324
0 29 457
0 17 94
0 2 3420
0 14 385
0 36 5140
0 36 1543
0 69 935
0 36 433
0 17 802
0 17 2810
0 0 1425
0 29 5179
0 16 356
0 0 1271
0 17 271
0 44 4173
0 4 133
0 0 1422
0 36 4770
0 17 1262
0 17 4260
0 0 3581
0 0 112
0 29 1940
0 6 246
0 5 655
0 17 934
0 1 4513
0 39 1868
0 36 780
0 3 2518
0 16 2505
0 4 299
0 14 4934
0 14 4300
0 2 3447
0 17 3588
0 46 62
0 4 3161
0 44 459
0 16 1058
0 0 3757
0 17 105
0 2 2315
0 3 2881
0 4 5037
0 29 2012
0 29 2793
0 1 3716
0 28 2822
0 46 3778
0 69 1468
0 14 531
0 4 4027
0 3 2568
0 44 1810
0 1 2918
0 29 4993
0 33 5164
0 1 376
0 28 670
0 15 106
0 17 3704
0 33 73
0 52 3891
0 5 2628
0 6 5326
0 39 541
0 36 154
0 4 747
0 37 588
0 2 1065
0 36 174
0 16 2114
0 36 3416
0 36 2178
0 0 1007
0 36 64
0 17 4385
0 14 4382
0 69 350
0 14 992
0 28 541
0 6 453
0 52 3369
0 3 1303
0 15 1338
0 14 5139
0 0 4894
0 28 650
0 5 1369
0 52 1342
0 36 629
0 16 1262
0 29 2910
0 0 190
0 1 1398
0 17 4785
0 6 810
0 69 1042
0 5 3080
0 44 2734
0 37 487
0 39 309
0 4 3053
0 6 5246
0 39 361
0 3 474
0 69 408
0 6 4727
0 3 25
0 28 4865
0 6 4340
0 5 1427
0 44 3895
0 69 2827
0 17 254
0 37 1346
0 5 2987
0 16 81
0 37 4290
0 11 323
0 5 2299
0 4 4019
0 17 126
0 17 457
0 17 378
0 44 1139
0 29 985
0 37 221
0 17 4370
0 17 923
0 16 767
0 37 3415
0 2 3405
0 1 2909
0 2 881
0 0 1357
0 29 4683
0 33 1280
0 6 102
0 33 160
0 14 55
0 5 1161
0 33 111
0 14 26
0 3 414
0 11 512
0 37 3726
0 4 1265
0 1 1630
0 69 301
0 4 3156
0 1 3363
0 16 320
0 46 676
0 29 4772
0 33 2356
0 44 2075
0 69 21
0 36 1568
0 37 441
0 4 222
0 69 271
0 17 4958
0 5 495
0 15 775
0 15 845
0 28 977
0 29 1819
0 0 4904
0 17 1129
0 36 370
0 3 1056
0 14 272
0 15 212
0 44 3918
0 6 109
0 4 3015
0 0 4398
0 0 1562
0 16 3425
0 14 4602
0 16 3583
0 36 853
0 4 3182
0 14 1808
0 37 1622
0 4 440
0 29 4006
0 28 77
0 15 346
0 4 1492
0 1 4659
0 36 598
0 3147 5
0 14 3687
0 3 2322
0 46 3841
0 0 723
0 28 1602
0 44 716
0 33 847
0 39 555
0 6 2697
0 37 1478
0 36 255
0 0 131
0 16 1163
0 14 4402
0 0 1285
0 14 134
0 1 2227
0 36 1795
0 33 1517
0 4 26
0 3 1829
0 37 5063
0 1 1414
0 5 287
0 15 330
0 69 221
0 39 406
0 1 5111
0 14 277
0 29 56
0 14 4248
0 39 4409
0 37 1569
0 0 1749
0 46 1184
0 29 1520
0 14 5202
0 2 1209
0 16 1590
0 17 64
0 3 779
0 29 1932
0 14 830
0 0 102
0 2 1227
0 46 310
0 69 3616
0 29 1139
0 6 100
0 4 19
0 36 4289
0 37 4183
0 36 1982
0 37 1062
0 28 55
0 14 99
0 1566 6
0 29 130
0 69 547
0 1 4202
0 5 406
0 4 2165
0 17 346
0 0 3908
0 37 327
0 1 3556
0 39 1023
0 39 532
0 36 479
0 4 597
0 1 2436
0 33 127
0 36 859
0 6 78
0 1 3560
0 69 2984
0 4 464
0 28 1775
0 29 996
0 28 57
0 3 1543
0 16 196
0 2 3601
0 3 905
0 44 95
0 69 4688
0 69 535
0 33 249
0 3 243
0 11 1806
0 16 14
0 14 575
0 17 1572
0 0 4042
0 17 4812
0 17 728
0 5 3110
0 15 301
0 37 60
0 69 951
0 1566 37
0 4 86
0 1 4362
0 3 2460
0 28 280
0 29 3997
0 28 31
0 6 3057
0 17 3445
0 16 1005
0 16 979
0 14 295
0 17 2934
0 36 1860
0 2 121
0 46 454
0 52 1057
0 4 388
0 0 1150
0 39 3655
0 16 2845
0 17 3880
0 6 1376
0 14 4431
0 15 3530
0 16 206
0 36 134
0 69 871
0 69 872
0 17 3428
0 37 4687
0 0 2285
0 11 281
0 36 5221
0 46 1415
0 14 174
0 4 620
0 14 4076
0 16 495
0 5 3874
0 39 5219
0 46 2472
0 37 908
0 0 415
0 16 202
0 2 1062
0 0 244
0 16 546
0 36 844
0 28 1232
0 1 4314
0 37 1662
0 33 1503
0 2 266
0 52 1825
0 14 81
0 69 5239
0 39 201
0 39 4564
0 33 553
0 14 663
0 15 3578
0 37 1202
0 17 4872
0 69 988
0 0 3952
0 39 363
0 44 327
0 14 2569
0 4 1150
0 52 452
0 14 1626
0 6 4978
0 29 199
0 37 1013
0 3942 1
0 33 1222
0 14 1234
0 1 4045
0 1 1701
0 5 205
0 39 1186
0 36 2774
0 39 737
0 6 1592
0 69 773
0 11 3708
0 11 1492
0 28 696
0 44 120
0 6 1215
0 52 614
0 28 1039
0 33 5236
0 16 614
0 3 1167
0 3 805
0 14 120
0 14 4225
0 5 100
0 5 123
0 5 3090
0 46 2000
0 17 769
0 0 454
0 14 263
0 33 261
0 1 4148
0 17 1023
0 37 4487
0 2 1128
0 29 1
0 6 969
0 46 133
0 14 3524
0 39 79
0 4 2061
0 44 66
0 69 2295
0 16 2298
0 36 1199
0 29 1749
0 6 5000
0 1 4147
0 36 5186
0 6 241
0 4 4850
0 2 3407
0 6 3984
0 29 4694
0 2 2961
0 4 4033
0 1 2433
0 17 215
0 52 3864
0 14 4810
0 16 1648
0 28 430
0 28 361
0 4 2135
0 14 1029
0 6 2972
0 33 468
0 11 655
0 28 1369
0 4 3111
0 4 828
0 29 249
0 17 297
0 4 519
0 4 4341
0 4 3994
0 69 1631
0 29 2470
0 37 5088
0 17 328
0 2 3373
0 17 3683
0 11 1039
0 0 844
0 4 4990
0 17 4826
0 28 979
0 3 2285
0 16 580
0 29 2067
0 16 1186
0 4 206
0 1 2228
0 4 2360
0 69 3187
0 36 27
0 37 3343
0 17 729
0 69 409
0 46 3267
0 28 636
0 37 596
0 33 1231
0 0 362
0 4 325
0 4 881
0 14 3375
0 14 608
0 17 1354
0 28 973
0 36 220
0 3 920
0 3 512
0 69 334
0 33 1046
0 46 2965
0 6 5265
0 33 25
0 0 1029
0 0 179
0 11 1446
0 6 516
0 17 3881
0 4 3617
0 36 1719
0 36 1362
0 29 1853
0 3 917
0 17 259
0 28 1837
0 0 4075
0 17 4177
0 69 3877
0 14 728
0 16 1234
0 14 603
0 69 61
0 1 1442
0 37 133
0 46 965
0 36 1422
0 11 781
0 46 1875
0 69 1217
0 52 688
0 37 883
0 6 4037
0 33 1232
0 5 2070
0 37 206
0 11 356
0 44 1599
0 37 978
0 52 1951
0 28 3338
0 29 2541
0 0 184
0 69 1556
0 17 903
0 5 899
0 15 12
0 1 1417
0 4 213
0 36 5074
0 11 482
0 16 4764
0 28 635
0 1 4536
0 1 1554
0 36 2042
0 4 1704
0 5 3248
0 29 1994
0 39 655
0 39 3196
0 39 559
0 29 26
0 69 1003
0 15 2689
0 0 3371
0 17 2615
0 14 1415
0 1 4051
0 17 828
0 15 921
0 69 4032
0 69 225
0 16 2836
0 16 1081
0 69 314
0 14 1010
0 4 676
0 28 102
0 39 284
0 37 702
0 52 1115
0 6 142
0 3 2622
0 17 4428
0 37 837
0 14 1183
0 36 3092
0 33 1249
0 2 432
0 69 1815
0 4 529
0 36 852
0 6 5011
0 29 2089
0 15 140
0 44 461
0 16 861
0 17 660
0 14 1526
0 17 2747
0 69 25
0 14 2292
0 17 2740
0 0 4681
0 4 1047
0 14 451
0 0 4216
0 14 5247
0 16 1238
0 14 4273
0 5 184
0 11 61
0 16 4435
0 14 1576
0 3 1178
0 28 5317
0 4 2777
0 37 266
0 15 1101
0 14 3323
0 1 2906
0 14 1096
0 14 1251
0 17 2014
0 4 511
0 0 4074
0 14 5287
0 4 857
0 15 455
0 46 1474
0 2 3255
0 16 934
0 36 1454
0 37 274
0 33 406
0 5 1530
0 39 5091
0 39 4567
0 6 406
0 39 486
0 46 976
0 14 270
0 1 239
0 37 1589
0 0 486
0 17 244
0 39 4141
0 6 4991
0 17 1791
0 52 3009
0 69 486
0 0 194
0 1 1700
0 4 4613
0 1 119
0 44 1537
0 14 354
0 1 3774
0 11 3542
0 29 2427
0 15 162
0 29 1850
0 37 458
0 37 2610
0 6 429
0 33 620
0 6 2335
0 14 668
0 69 1461
0 33 2074
0 14 2418
0 5 2801
0 33 718
0 28 847
0 52 114
0 29 22
0 0 927
0 3 3025
0 33 20
0 69 320
0 29 1284
0 69 490
0 6 351
0 17 3655
0 28 252
0 17 3
0 36 4315
0 11 2358
0 0 934
0 29 1259
0 69 435
0 4 20
0 39 1258
0 1 2125
0 15 697
0 33 1534
0 4 4154
0 33 215
0 14 188
0 1 2465
0 37 1627
0 33 55
0 44 2134
0 17 3463
0 17 1178
0 29 925
0 0 100
0 37 671
0 39 131
0 4 514
0 6 2343
0 2 3164
0 6 1083
0 4 59
0 52 124
0 4 205
0 36 361
0 3 1945
0 6 200
0 4 140
0 69 2696
0 14 198
0 4 4404
0 46 3755
0 36 978
0 2 3744
0 33 217
0 3 3138
0 6 161
0 37 843
0 29 432
0 69 2369
0 29 3054
0 3 435
0 39 846
0 14 4927
0 17 4848
0 4 3172
0 39 3967
0 0 356
0 17 194
0 14 555
0 46 3723
0 6 996
0 15 410
0 69 2541
0 11 212
0 37 643
0 0 726
0 16 2895
0 44 3899
0 15 969
0 3 1458
0 44 448
0 33 255
0 46 1265
0 16 1979
0 37 3661
0 17 4495
0 39 4578
0 69 2615
0 3 787
0 4 2852
0 5 2113
0 52 1859
0 33 132
0 33 728
0 69 4042
0 28 1813
0 2 2540
0 46 284
0 0 1615
0 0 1789
0 36 513
0 28 27
0 46 980
0 6 737
0 17 896
0 6 3969
0 0 3584
0 28 4717
0 6 1425
0 6 932
0 0 482
0 39 1234
0 37 124
0 5 440
0 16 4910
0 39 457
0 28 1468
0 36 1973
0 39 4184
0 33 221
0 36 2092
0 4 1161
0 33 526
0 14 4210
0 15 1055
0 15 1365
0 39 4840
0 0 285
0 28 2856
0 5 547
0 16 5187
0 0 1233
0 5 1983
0 6 199
0 29 892
0 1 2153
0 1 2732
0 37 1122
0 4 284
0 1 3849
0 6 648
0 0 165
0 3 1139
0 5 1191
0 69 1021
0 16 980
0 28 255
0 39 1309
0 52 223
0 33 1466
0 3 3344
0 6 2813
0 69 699
0 6 479
0 14 31
0 17 1229
0 52 646
0 37 1712
0 1 4532
0 36 1265
0 4 63
0 36 453
0 5 458
0 14 361
0 36 920
0 1 4662
0 1 3140
0 44 3383
0 17 4880
0 28 1150
0 14 105
0 46 408
0 36 1600
0 3 2496
0 14 379
0 6 666
0 36 652
0 11 58
0 15 1026
0 14 614
0 36 1468
0 37 1871
0 6 540
0 0 103
0 36 5240
0 14 648
0 14 1858
0 69 513
0 69 674
0 17 3514
0 28 899
0 6 4440
0 29 204
0 16 834
0 1 2406
0 1 4066
0 0 3591
0 4 721
0 14 5044
0 33 1124
0 37 1085
0 33 4010
0 2 26
0 36 1626
0 14 434
0 36 1232
0 0 1108
0 0 868
0 44 907
0 39 837
0 6 3532
0 44 1144
0 15 3029
0 39 339
0 2 176
0 1 2405
0 29 280
0 6 914
0 5 2771
0 29 3000
0 52 1101
0 46 2259
0 14 98
0 15 453
0 46 1863
0 37 155
0 37 1636
0 69 468
0 44 3433
0 33 213
0 1 1601
0 37 777
0 17 2220
0 37 448
0 39 196
0 0 4604
0 14 204
0 14 225
0 46 253
0 15 860
0 17 3518
0 5 853
0 52 593
0 37 234
0 1 2384
0 28 461
0 29 253
0 52 174
0 3 2594
0 6 412
0 4 126
0 0 252
0 16 56
0 6 4609
0 44 541
0 3 856
0 17 393
0 15 2335
0 5 405
0 11 1178
0 52 1137
0 1 1550
0 1 2493
0 1 1383
0 17 325
0 29 2455
0 1 4475
0 37 1107
0 17 81
0 6 131
0 17 4515
0 37 1363
0 11 330
0 3 3534
0 17 405
0 39 106
0 6 713
0 28 4756
0 0 3494
0 16 25
0 39 1733
0 4 3207
0 14 307
0 1 2523
0 33 2076
0 28 4117
0 36 939
0 0 4591
0 33 5065
0 33 534
0 37 38
0 39 88
0 29 7
0 15 905
0 52 281
0 16 1541
0 6 4875
0 0 22
0 6 2773
0 16 1187
0 29 3066
0 0 3783
0 16 899
0 1 2248
0 4 1499
0 5 259
0 46 2245
0 52 939
0 33 68
0 46 2593
0 52 244
0 14 319
0 5 1813
0 4 3993
0 44 4641
0 5 3807
0 17 3526
0 39 1298
0 36 727
0 36 236
0 3 1136
0 6 140
0 52 142
0 11 3133
0 5 758
0 2 3793
0 6 4178
0 0 111
0 1566 0
0 4 254
0 0 4434
0 6 4395
0 46 1030
0 37 289
0 4 210
0 33 896
0 28 438
0 17 3718
0 44 140
0 33 1276
0 37 4222
0 37 724
0 69 3068
0 33 112
0 4 794
0 1 3522
0 6 2146
0 46 688
0 6 469
0 3 3530
0 618 0
0 37 4845
0 4 3163
0 15 450
0 1 1399
0 1 3558
0 4 106
0 28 253
0 69 758
0 14 2812
0 1 2662
0 14 4443
0 37 5049
0 6 855
0 6 4877
0 28 733
0 3 1151
0 15 5126
0 28 125
0 6 4974
0 28 909
0 28 196
0 1 3298
0 15 377
0 6 1055
0 0 3996
0 36 1295
0 1 4143
0 16 4709
0 5 1128
0 39 4551
0 17 1
0 28 282
0 29 141
0 6 3592
0 39 3681
0 69 576
0 1 1390
0 69 1920
0 52 144
0 3 150
0 69 2574
0 44 737
0 17 661
0 0 2103
0 29 2559
0 46 3580
0 37 3125
0 44 370
0 17 3320
0 17 4248
0 16 746
0 69 288
0 46 2981
0 37 145
0 0 1634
0 17 3672
0 6 3082
0 4 570
0 2 253
0 6 4419
0 28 105
0 33 1682
0 36 284
0 69 102
0 2 7
0 17 2322
0 44 126
0 46 3867
0 36 1292
0 46 3069
0 28 5176
0 14 881
0 44 530
0 29 1659
0 6 1271
0 11 2717
0 0 843
0 2 511
0 0 3979
0 4 1008
0 6 139
0 17 2521
0 1 2546
0 39 842
0 2 3402
0 39 3922
0 39 4421
0 6 2265
0 4 528
0 17 3482
0 44 769
0 6 811
0 6 2261
0 0 217
0 17 1537
0 46 1879
0 2 2191
0 1 2115
0 33 1818
0 16 905
0 37 1962
0 36 249
0 3 3051
0 1 3620
0 16 1031
0 1 245
0 28 429
0 29 179
0 46 3804
0 14 3096
0 46 1061
0 1 2137
0 29 513
0 4 2511
0 16 595
0 46 1865
0 37 323
0 3 3062
0 16 881
0 6 3598
0 17 2837
0 15 4034
0 0 977
0 39 1499
0 33 1
0 33 155
0 6 237
0 15 497
0 0 5059
0 29 5268
0 37 1317
0 37 486
0 14 4229
0 37 3446
0 15 1011
0 6 3445
0 37 1810
0 46 1522
0 39 1171
0 33 1059
0 15 274
0 0 4849
0 5 1215
0 36 3581
0 14 1071
0 1 4203
0 11 1234
0 6 3998
0 28 3598
0 29 4492
0 6 3648
0 29 189
0 37 1592
0 37 181
0 4 165
0 4 297
0 17 1499
0 29 1265
0 29 1848
0 44 682
0 14 1717
0 0 4085
0 17 369
0 69 683
0 37 1239
0 28 5137
0 36 259
0 14 655
0 29 2905
0 37 361
0 14 401
0 46 25
0 17 4080
0 14 370
0 69 65
0 0 2381
0 16 835
0 4 1093
0 6 4642
0 6 503
0 1 2539
0 36 295
0 37 3193
0 14 467
0 6 3519
0 6 604
0 4 150
0 36 4911
0 15 1522
0 0 1415
0 69 450
0 15 126
0 17 100
0 28 1028
0 37 310
0 39 629
0 4 4072
0 17 67
0 44 196
0 39 968
0 3 2365
0 3 2516
0 3 144
0 0 777
0 33 144
0 44 106
0 15 850
0 29 327
0 46 3676
0 4 252
0 4 580
0 2 513
0 44 198
0 6 897
0 17 109
0 44 154
0 33 1343
0 44 1269
0 28 1188
0 37 1645
0 3 1983
0 1 2760
0 52 1029
0 15 516
0 2 486
0 17 218
0 28 284
0 37 176
0 29 134
0 29 837
0 4 482
0 14 355
0 17 3229
0 16 774
0 36 464
0 44 559
0 36 4868
0 4 1139
0 36 358
0 4 487
0 17 4415
0 46 845
0 14 462
0 37 5339
0 69 1895
0 17 224
0 0 4961
0 39 1567
0 29 1931
0 69 316
0 16 249
0 37 4242
0 2 55
0 3 861
0 0 2687
0 17 42
0 16 4256
0 4 439
0 46 1806
0 6 927
0 0 325
0 6 403
0 36 3433
0 11 216
0 4 248
0 0 32
0 1 1073
0 15 4704
0 36 2078
0 28 3696
0 37 1781
0 2 794
0 1 2464
0 6 24
0 14 4748
0 4 4638
0 29 2940
0 37 892
0 17 1379
0 11 979
0 14 597
0 44 1474
0 15 597
0 11 440
0 6 780
0 33 3095
0 69 3236
0 28 4916
0 16 3130
0 14 535
0 17 3636
0 16 5262
0 4 728
0 4 883
0 5 3922
0 1 1384
0 69 3313
0 6 790
0 17 4794
0 28 4307
0 14 1093
0 16 917
0 5 3032
0 17 998
0 3 2601
0 4 1061
0 29 969
0 69 889
0 39 4571
0 5 739
0 28 4920
0 3 4713
0 1 2647
0 44 19
0 69 572
0 37 226
0 1 4308
0 36 1567
0 29 110
0 16 941
0 37 4377
0 28 56
0 14 2178
0 4 3065
0 2 3045
0 17 2026
0 3 1831
0 2 2741
0 5 3810
0 1 2229
0 52 2495
0 6 5352
0 44 147
0 4 223
0 4 3117
0 37 5110
0 46 1777
0 17 853
0 6 4908
0 2 192
0 29 1061
0 3 1010
0 14 1404
0 14 4287
0 1 2560
0 14 3775
0 69 2190
0 14 232
0 46 2790
0 37 1600
0 69 479
0 0 299
0 0 268
0 6 5254
0 15 283
0 1 3711
0 6 1082
0 3 200
0 29 2351
0 14 3133
0 14 384
0 4 419
0 69 916
0 0 182
0 16 406
0 36 856
0 6 79
0 3 2550
0 17 646
0 0 2541
0 29 184
0 0 410
0 29 1907
0 44 726
0 5 620
0 52 1807
0 6 1077
0 36 878
0 44 284
0 28 4628
0 0 4639
0 6 3062
0 28 3665
0 16 24
0 6 4208
0 52 2038
0 3 2528
0 17 4857
0 36 1659
0 37 1413
0 39 1175
0 17 3653
0 0 398
0 14 110
0 4 3935
0 37 3123
0 14 166
0 33 1103
0 39 1760
0 6 1512
0 52 324
0 11 244
0 33 438
0 69 357
0 6 4967
0 44 866
0 28 4592
0 69 294
0 36 380
0 16 134
0 28 4998
0 5 281
0 4 184
0 6 1
0 2 2634
0 4 3596
0 52 20
0 46 2035
0 37 1665
0 46 2397
0 46 787
0 5 99
0 5 73
0 29 1921
0 6 819
0 28 4523
0 37 134
0 29 60
0 17 1979
0 0 825
0 4 5211
0 4 102
0 39 899
0 3 683
0 2 454
0 46 3268
0 29 1129
0 1 3
0 29 1810
0 17 4288
0 3 1299
0 1 4129
0 29 2454
0 46 1750
0 3 145
0 3 114
0 28 325
0 28 5233
0 5 3088
0 4 3392
0 14 909
0 16 4436
0 29 1023
0 5 111
0 3 338
0 3 590
0 29 744
0 0 2292
0 16 3073
0 46 2512
0 69 4671
0 14 287
0 17 3669
0 2 392
0 4 1812
0 46 3238
0 29 140
0 3 152
0 44 625
0 2 2670
0 33 811
0 39 367
0 14 2540
0 52 150
0 29 5344
0 4 1594
0 17 149
0 37 1061
0 1 292
0 36 20
0 1 2123
0 17 2984
0 36 1211
0 4 5056
0 46 2972
0 36 1604
0 33 1101
0 4 1790
0 28 746
0 33 525
0 4 3658
0 52 1345
0 37 1617
0 33 383
0 17 616
0 0 2080
0 0 284
0 36 2190
0 4 660
0 29 3158
0 4 3900
0 0 1040
0 15 67
0 2 1090
0 4 2260
0 28 5205
0 3 273
0 37 314
0 29 655
0 17 248
0 6 4290
0 3 2656
0 0 3240
0 16 273
0 1 4142
0 4 839
0 0 225
0 15 20
0 39 3999
0 5 1125
0 6 1129
0 69 1081
0 36 418
0 2 222
0 4 225
0 15 2334
0 28 212
0 6 27
0 0 3785
0 4 593
0 28 172
0 33 5115
0 6 4987
0 28 294
0 17 3258
0 6 2794
0 17 3616
0 37 1337
0 0 805
0 4 1030
0 39 1791
0 1 1331
0 28 4382
0 4 389
0 46 3789
0 14 4436
0 6 701
0 14 1500
0 6 1181
0 17 1655
0 69 706
0 28 248
0 37 781
0 17 1812
0 2 3465
0 2 650
0 16 652
0 5 880
0 4 3788
0 15 1139
0 70 71
0 33 1558
0 15 438
0 6 5241
0 1 1372
0 6 32
0 69 4663
0 70 212
0 14 936
0 1 2993
0 4 1258
0 39 1602
0 33 512
0 14 205
0 69 138
0 15 2972
0 52 2308
0 69 1522
0 16 370
0 14 2517
0 17 199
0 17 670
0 29 2017
0 16 4587
0 46 132
0 33 2075
0 44 3883
0 52 1915
0 4 97
0 44 1608
0 37 1339
0 1 2802
0 69 2715
0 14 432
0 28 970
0 15 1063
0 46 781
0 6 448
0 11 3139
0 0 3762
0 1 3553
0 52 620
0 36 4761
0 17 2094
0 37 5076
0 6 873
0 14 4000
0 2 1265
0 52 1186
0 36 1629
0 29 20
0 17 4922
0 3 3008
0 14 3035
0 16 3935
0 6 3926
0 2 3037
0 14 4739
0 5 1966
0 69 924
0 3 648
0 4 715
0 46 440
0 6 1829
0 3 3614
0 5 380
0 14 4729
0 1 3013
0 0 4005
0 0 346
0 15 855
0 1 2197
0 69 268
0 1 5060
0 29 25
0 0 3312
0 44 388
0 4 3644
0 69 94
0 5 97
0 1 69
0 641 1
0 4 259
0 39 1271
0 69 165
0 15 155
0 0 113
0 17 780
0 36 2877
0 28 4548
0 15 1873
0 36 2054
0 28 3007
0 33 1590
0 44 34
0 3 3050
0 4 305
0 14 3575
0 69 1193
0 39 1039
0 29 2024
0 46 2355
0 36 225
0 52 1116
0 4 243
0 39 776
0 69 5238
0 37 1876
0 36 4235
0 3 2543
0 2 655
0 17 5336
0 17 268
0 36 5081
0 29 97
0 1 510
0 11 1673
0 39 1679
0 1 2865
0 15 564
0 46 3450
0 3 3664
0 5 64
0 1 3345
0 0 1022
0 16 2341
0 17 4168
0 14 500
0 14 2734
0 4 1354
0 6 3755
0 0 31
0 0 2573
0 14 547
0 52 101
0 6 805
0 3 320
0 1 2129
0 69 848
0 39 1435
0 14 362
0 634 36
0 36 171
0 33 1118
0 5 1102
0 5 512
0 15 124
0 11 26
0 17 3542
0 1 2428
0 69 890
0 11 372
0 3 1475
0 52 204
0 5 363
0 6 166
0 17 1156
0 36 1970
0 14 2652
0 17 794
0 1 4502
0 14 4044
0 36 1771
0 69 2168
0 52 3757
0 6 294
0 28 268
0 17 3496
0 14 5119
0 4 897
0 37 993
0 36 219
0 36 1859
0 2 1206
0 16 1107
0 4 32
0 6 164
0 39 1749
0 37 1139
0 69 215
0 33 666
0 3 1352
0 0 497
0 33 3690
0 3 1293
0 33 671
0 15 2130
0 39 25
0 0 4061
0 36 2734
0 16 325
0 6 5173
0 1 2157
0 0 3003
0 5152 1
0 46 3112
0 1 2386
0 4 224
0 16 788
0 36 120
0 17 1749
0 11 3499
0 52 57
0 1 2611
0 2 1298
0 33 1186
0 11 162
0 1 4570
0 44 3856
0 1 4138
0 4 1271
0 0 4820
0 4 3379
0 28 439
0 36 860
0 15 368
0 17 174
0 33 939
0 2 174
0 14 590
0 44 1116
0 1 2899
0 39 774
0 2 774
0 1 3362
0 44 249
0 6 869
0 0 932
0 33 434
0 44 464
0 29 5162
0 2 3241
0 6 5123
0 28 93
0 69 296
0 14 408
0 16 2791
0 39 1302
0 69 847
0 16 607
0 39 2912
0 16 2189
0 4 816
0 17 897
0 15 3431
0 5 418
0 39 1500
0 28 4490
0 11 862
0 29 87
0 44 112
0 36 2345
0 17 4036
0 17 3399
0 29 3609
0 1 509
0 11 273
0 5 3825
0 4 1502
0 39 858
0 14 1522
0 2 212
0 1 2006
0 29 198
0 3 844
0 4 3321
0 17 978
0 3 432
0 28 4001
0 28 2837
0 15 826
0 16 2823
0 37 98
0 3 342
0 37 166
0 4 1009
0 33 4968
0 3 883
0 0 4718
0 0 361
0 1 2661
0 3 448
0 17 4728
0 28 4329
0 16 464
0 33 5105
0 69 171
0 36 2065
0 6 4281
0 37 1259
0 4 2345
0 5 3896
0 16 4802
0 4 111
0 16 1538
0 69 4477
0 3 1519
0 6 450
0 69 1615
0 33 657
0 17 4156
0 6 451
0 4 4968
0 44 1145
0 16 4898
0 4 113
0 17 348
0 1 3691
0 44 125
0 17 1548
0 37 468
0 46 1535
0 6 5291
0 52 835
0 14 299
0 28 262
0 69 2797
0 16 908
0 46 737
0 14 2849
0 69 1902
0 29 18
0 69 43
0 17 1314
0 52 1973
0 39 868
0 0 114
0 29 3530
0 0 1987
0 14 1435
0 4 1953
0 29 1838
0 5 2983
0 16 184
0 37 629
0 39 1178
0 2 252
0 29 2964
0 4 4448
0 33 77
0 2 198
0 14 27
0 6 1683
0 16 289
0 36 5294
0 28 3993
0 0 1107
0 36 1317
0 17 5279
0 17 4783
0 46 3481
0 39 5174
0 16 1265
0 5 26
0 36 646
0 52 405
0 69 369
0 3 213
0 0 1257
0 52 1763
0 69 235
0 1 2124
0 15 1562
0 33 1897
0 14 1299
0 4 1994
0 14 1987
0 69 670
0 1 3990
0 36 1158
0 37 464
0 1 1006
0 16 1055
0 1 2537
0 4 3824
0 28 4912
0 36 1031
0 69 3512
0 6 892
0 36 1522
0 15 522
0 5 190
0 69 196
0 14 1249
0 69 207
0 36 2610
0 1 4112
0 0 3529
0 36 1366
0 14 3188
0 17 1115
0 6 5054
0 29 38
0 29 1567
0 33 3968
0 36 1059
0 6 253
0 16 1188
0 16 395
0 46 3564
0 15 34
0 2 1494
0 39 281
0 37 1619
0 4 65
0 39 1553
0 14 2161
0 52 3916
0 16 155
0 39 3130
0 3 2573
0 4 766
0 28 5051
0 37 77
0 36 1984
0 14 3684
0 5 1829
0 44 495
0 6 5049
0 5 2424
0 39 408
0 4 27
0 446 1
0 17 3667
0 4 1428
0 52 1736
0 36 979
0 14 1590
0 15 1430
0 29 21
0 16 1
0 3 102
0 4 4366
0 36 1083
0 6 653
0 44 22
0 36 650
0 37 1080
0 44 265
0 36 4487
0 17 165
0 37 1641
0 1 2456
0 1 207
0 11 1695
0 29 2062
0 37 1582
0 52 3275
0 3 127
0 17 3528
0 6 886
0 6 1527
0 16 269
0 37 1435
0 2 152
0 46 2061
0 69 1180
0 3 23
0 52 106
0 28 698
0 29 1674
0 16 4526
0 16 132
0 4 4839
0 4 4094
0 1 4113
0 36 729
0 11 1570
0 36 777
0 5 60
0 14 493
0 17 4368
0 29 515
0 4 3135
0 37 22
0 15 565
0 28 5319
0 44 3865
0 33 342
0 33 3473
0 1 1247
0 29 1522
0 46 3802
0 36 345
0 36 3446
0 69 597
0 1 4321
0 4 1022
0 6 794
0 6 728
0 36 5051
0 44 4876
0 16 2347
0 14 3946
0 37 297
0 17 289
0 2 297
0 17 2378
0 39 5082
0 29 1992
0 52 1745
0 36 590
0 37 136
0 46 1771
0 14 5131
0 1 75
0 3 2752
0 16 1271
0 4 862
0 4 3130
0 14 215
0 46 1039
0 14 1955
0 6 3903
0 37 1198
0 6 3035
0 14 806
0 44 288
0 16 2584
0 46 1947
0 0 265
0 1 3355
0 69 5219
0 3 3631
0 69 4120
0 17 4750
0 3 3327
0 36 2073
0 4 3115
0 0 3571
0 14 4905
0 28 4164
0 6 5325
0 44 67
0 15 633
0 0 237
0 14 2147
0 0 4184
0 5 629
0 39 318
0 69 4011
0 28 289
0 4 109
0 4 212
0 4 1023
0 39 4582
0 37 140
0 36 397
0 17 1037
0 44 81
0 39 821
0 3 394
0 29 980
0 36 1186
0 16 874
0 11 134
0 3 2924
0 36 5347
0 14 4413
0 37 1651
0 39 287
0 37 95
0 4 315
0 11 465
0 0 266
0 29 534
0 6 3431
0 36 344
0 28 133
0 17 2276
0 14 1035
0 29 739
0 1 4479
0 16 336
0 36 1765
0 17 1470
0 1 2389
0 17 650
0 4 24
0 16 254
0 6 40
0 17 1028
0 69 853
0 5 3067
0 16 123
0 16 32
0 0 2734
0 52 3510
0 28 5250
0 0 315
0 5 3770
0 28 1865
0 46 1604
0 4 367
0 44 532
0 14 532
0 69 3120
0 981 1
0 4 4291
0 37 844
0 46 3332
0 29 688
0 44 491
0 5 1822
0 4 467
0 37 4575
0 5 398
0 28 4809
0 16 1133
0 36 2023
0 4 5020
0 0 564
0 46 395
0 46 3100
0 16 734
0 28 4199
0 4 1592
0 5 1022
0 5 3673
0 69 133
0 1 2297
0 36 4488
0 6 23
0 69 4425
0 16 704
0 46 41
0 1 4344
0 39 23
0 6 5150
0 44 1152
0 46 1166
0 4 1197
0 29 186
0 44 3980
0 5 1233
0 46 2590
0 46 368
0 37 1250
0 29 1234
0 0 1125
0 15 906
0 37 120
0 44 715
0 28 4580
0 3 313
0 0 2378
0 6 3484
0 28 4781
0 69 387
0 37 1721
0 4 327
0 2 710
0 28 1512
0 15 616
0 0 4454
0 14 2617
0 3 1404
0 69 787
0 44 226
0 17 4109
0 69 574
0 36 123
0 6 5024
0 16 1902
0 28 3283
0 29 187
0 16 2165
0 44 87
0 44 843
0 14 278
0 39 85
0 29 3015
0 33 3903
0 0 1821
0 0 3710
0 2 3339
0 29 3575
0 3 626
0 37 4917
0 3 289
0 3 264
0 37 1994
0 69 144
0 33 3250
0 33 493
0 44 620
0 39 934
0 37 379
0 29 3070
0 6 306
0 39 5093
0 5 23
0 1 2718
0 37 4890
0 29 2480
0 28 222
0 1 2407
0 44 933
0 6 820
0 14 4900
0 11 155
0 3 38
0 4 489
0 6 1262
0 4 555
0 39 299
0 15 1082
0 4 838
0 16 5273
0 17 567
0 4 3184
0 4 3177
0 69 213
0 69 2356
0 6 5253
0 14 3367
0 39 4037
0 17 20
0 46 3243
0 69 1629
0 29 142
0 29 195
0 3 837
0 6 1259
0 39 1773
0 6 332
0 14 4631
0 14 669
0 16 3035
0 14 1775
0 6 2809
0 1 4361
0 52 155
0 69 126
0 6 2285
0 16 1432
0 37 65
0 33 1321
0 1 3769
0 52 3744
0 14 280
0 4 2726
0 52 802
0 17 4334
0 33 100
0 2 1995
0 17 2359
0 1 2205
0 2 289
0 0 67
0 4 25
0 11 294
0 2 3656
0 15 3635
0 29 113
0 69 413
0 4 3219
0 17 5278
0 3 625
0 1 2828
0 6 1028
0 33 2276
0 44 153
0 3 2110
0 6 796
0 39 4166
0 6 2668
0 29 3046
0 2 1841
0 39 1426
0 37 2330
0 29 5264
0 6 3193
0 37 628
0 4 62
0 0 3950
0 2 207
0 28 5248
0 16 1599
0 15 1150
0 2 221
0 16 4883
0 69 1512
0 15 805
0 29 4503
0 69 99
0 29 532
0 28 540
0 6 3104
0 0 440
0 28 4608
0 4 854
0 29 3078
0 11 4311
0 46 3453
0 1 1392
0 29 1217
0 37 252
0 1 2154
0 4 3129
0 6 409
0 52 94
0 15 374
0 1 2703
0 6 4425
0 36 733
0 17 3277
0 15 99
0 39 7
0 37 828
0 6 160
0 39 176
0 0 3446
0 46 1923
0 16 434
0 28 1234
0 33 154
0 39 1511
0 29 346
0 33 2620
0 14 1568
0 2 281
0 17 4289
0 0 532
0 1 884
0 44 4722
0 28 350
0 4 198
0 46 255
0 69 987
0 4 3148
0 16 2356
0 44 780
0 29 350
0 52 1065
0 6 5012
0 14 465
0 29 406
0 69 1966
0 14 93
0 3 2284
0 5 2618
0 1 2609
0 69 2020
0 39 681
0 46 1746
0 29 1827
0 1 4124
0 39 547
0 17 5141
0 29 1916
0 17 1057
0 46 3451
0 16 616
0 14 3875
0 0 4391
0 3 482
0 52 178
0 6 4529
0 2 468
0 36 1185
0 6 1594
0 4 331
0 37 62
0 44 1185
0 2 3743
0 1 4327
0 1 1459
0 14 192
0 15 744
0 1 2921
0 17 2431
0 36 214
0 46 2371
0 3 1651
0 29 368
0 44 1580
0 36 1873
0 39 327
0 37 4854
0 44 113
0 1 4098
0 52 220
0 14 891
0 14 4450
0 37 4251
0 33 715
0 3 2549
0 14 987
0 29 1865
0 16 262
0 46 1775
0 17 1217
0 39 2767
0 52 902
0 16 1475
0 44 516
0 17 656
0 6 38
0 15 4815
0 4 695
0 2 637
0 46 1882
0 1 3356
0 37 41
0 6 818
0 6 2863
0 1 578
0 1 5
0 5 106
0 0 205
0 36 607
0 2 23
0 14 243
0 28 4677
0 6 2164
0 37 1056
0 28 5275
0 0 500
0 39 839
0 14 4292
0 1 2449
0 46 144
0 17 102
0 6 1007
0 17 4070
0 36 1327
0 1 2567
0 36 1251
0 28 314
0 5 1912
0 39 459
0 6 1039
0 28 4801
0 4 778
0 1 550
0 46 504
0 33 917
0 14 3975
0 33 1042
0 37 1806
0 29 845
0 28 2540
0 16 3297
0 1 2520
0 37 5175
0 33 105
0 1 2893
0 6 951
0 46 880
0 28 3726
0 16 2368
0 17 4618
0 5 57
0 0 1259
0 1 3621
0 1 2898
0 16 726
0 17 1150
0 17 392
0 44 465
0 1 4656
0 5 2994
0 52 917
0 11 1615
0 0 318
0 1 2536
0 44 221
0 37 886
0 28 5006
0 46 65
0 33 344
0 36 5206
0 17 613
0 5 297
0 0 310
0 36 368
0 15 846
0 17 995
0 3 301
0 6 5324
0 0 1592
0 46 30
0 14 709
0 46 2029
0 39 132
0 28 194
0 69 2130
0 0 1369
0 36 569
0 28 773
0 36 1476
0 69 1181
0 4 2926
0 14 121
0 4 3193
0 29 259
0 4 368
0 11 709
0 16 635
0 46 474
0 1 3310
0 1 2756
0 11 429
0 33 153
0 5 1257
0 52 25
0 36 603
0 28 273
0 17 540
0 69 174
0 36 1369
0 6 5078
0 28 862
0 37 164
0 4 607
0 0 463
0 37 73
0 39 340
0 4 1840
0 15 474
0 44 1689
0 15 327
0 4 3213
0 33 35
0 16 2563
0 17 3301
0 29 570
0 17 528
0 3 2118
0 3 1314
0 1 2159
0 14 743
0 44 3237
0 3 1653
0 0 3720
0 69 3952
0 4 818
0 29 681
0 11 1568
0 52 2573
0 36 3418
0 39 980
0 39 418
0 6 338
0 33 97
0 33 1663
0 69 1866
0 1 4749
0 16 133
0 17 5117
0 4 5104
0 0 1565
0 3 3052
0 36 832
0 17 2368
0 6 5068
0 6 1369
0 1 4941
0 1 5321
0 28 4700
0 0 343
0 4 444
0 6 5120
0 6 350
0 673 6
0 15 5283
0 39 1538
0 1 421
0 1 2673
0 39 1961
0 15 276
0 28 315
0 14 1114
0 16 3095
0 28 631
0 69 862
0 6 3738
0 6 1686
0 1 4209
0 16 140
0 37 639
0 37 1510
0 3 651
0 1 4463
0 15 715
0 16 2489
0 5 1818
0 17 93
0 3 3722
0 16 920
0 4 604
0 37 4404
0 2 362
0 46 289
0 33 1195
0 52 3762
0 0 478
0 0 538
0 14 363
0 4 1656
0 0 2580
0 28 4030
0 69 1129
0 16 4392
0 28 1946
0 69 512
0 69 1019
0 29 3154
0 28 1656
0 0 4823
0 6 3495
0 39 76
0 5 2643
0 39 126
0 46 367
0 11 1176
0 11 2586
0 6 1695
0 4 4060
0 14 1067
0 5 2225
0 4 3107
0 46 614
0 0 1128
0 17 195
0 1 3646
0 37 682
0 17 595
0 37 4992
0 4 2619
0 28 482
0 52 100
0 46 3746
0 14 729
0 5 1979
0 37 171
0 16 97
0 16 1526
0 44 132
0 11 1808
0 4 1039
0 44 1676
0 3 1271
0 33 1475
0 6 1975
0 1 2534
0 0 3913
0 14 910
0 16 540
0 4 1821
0 3 3132
0 36 124
0 2 570
0 16 1083
0 6 488
0 5 144
0 36 99
0 6 63
0 33 1150
0 29 4685
0 5 2558
0 15 109
0 17 2231
0 0 2462
0 17 708
0 2 1853
0 33 569
0 0 4054
0 1 484
0 17 3841
0 44 73
0 46 565
0 14 294
0 29 4563
0 14 267
0 37 4856
0 1 3266
0 44 1656
0 16 3459
0 0 728
0 16 646
0 28 338
0 6 4585
0 6 176
0 14 1091
0 16 461
0 52 1787
0 69 5182
0 44 2300
0 37 1912
0 17 2599
0 11 1502
0 17 1782
0 46 53
0 6 1325
0 6 1064
0 28 3398
0 0 1035
0 0 1808
0 4 4407
0 37 3384
0 0 4162
0 17 4879
0 0 90
0 69 562
0 44 1037
0 46 1090
0 33 1349
0 16 176
0 5 864
0 0 652
0 39 192
0 1 2312
0 39 1007
0 36 2061
0 3 54
0 36 140
0 29 146
0 39 2046
0 14 4814
0 46 3600
0 33 79
0 36 2322
0 44 264
0 28 254
0 36 1469
0 33 1123
0 29 2613
0 69 1540
0 33 881
0 17 4059
0 0 4082
0 46 3497
0 0 326
0 29 3093
0 16 1002
0 14 1615
0 44 295
0 17 4160
0 29 1937
0 36 1986
0 69 113
0 3 2119
0 4 2769
0 4 390
0 5 196
0 28 1905
0 44 1022
0 4 1079
0 0 38
0 39 8
0 28 2600
0 6 4042
0 15 93
0 37 1026
0 15 1102
0 44 1403
0 29 147
0 15 102
0 2 2304
0 17 4835
0 69 569
0 69 908
0 1 2145
0 5 3016
0 69 1626
0 14 850
0 17 710
0 11 2562
0 69 2358
0 36 1201
0 2 3372
0 15 255
0 15 219
0 36 402
0 4 3205
0 17 3093
0 37 4698
0 6 688
0 4 2419
0 3 132
0 17 295
0 1 4126
0 46 2935
0 1 3406
0 33 972
0 17 806
0 36 2113
0 1 3906
0 3 2214
0 14 2572
0 46 2875
0 39 344
0 14 4440
0 1 5329
0 2 3409
0 1 2633
0 6 5305
0 44 223
0 16 274
0 1 1723
0 37 393
0 69 5288
0 28 163
0 14 615
0 44 197
0 29 79
0 16 830
0 46 2503
0 1 679
0 0 646
0 15 282
0 17 625
0 33 1561
0 1 2198
0 4 806
0 69 2832
0 14 4971
0 29 1447
0 15 561
0 69 1565
0 14 3943
0 1 3707
0 15 78
0 44 1265
0 17 202
0 2 547
0 33 253
0 28 681
0 52 228
0 17 570
0 52 3549
0 4 3470
0 44 181
0 17 2360
0 15 284
0 14 1810
0 3 2655
0 5 631
0 14 321
0 6 1011
0 1 4458
0 3 1607
0 33 1780
0 6 12
0 33 767
0 1 1546
0 33 1187
0 16 79
0 37 4252
0 17 4923
0 1 1375
0 6 266
0 39 24
0 44 773
0 4 4882
0 11 324
0 69 212
0 3 616
0 46 2709
0 14 1461
0 28 2491
0 33 5187
0 36 619
0 6 1027
0 5 2014
0 14 4119
0 5 3660
0 11 53
0 3 1946
0 29 652
0 39 216
0 28 880
0 69 27
0 6 5042
0 0 3725
0 6 968
0 5 331
0 3 841
0 14 3657
0 69 2051
0 15 2780
0 28 4160
0 4 2907
0 16 997
0 1 2660
0 2 3785
0 44 178
0 44 1101
0 5 336
0 36 1351
0 1 2222
0 37 1512
0 3 81
0 16 514
0 39 975
0 6 1209
0 1 3628
0 16 1535
0 1 4146
0 3 464
0 11 112
0 0 3565
0 4 1128
0 0 2674
0 1 1248
0 36 282
0 44 779
0 5 2462
0 5 1265
0 33 1602
0 1 2144
0 28 780
0 36 1283
0 0 4962
0 52 47
0 6 1735
0 69 5330
0 11 1692
0 1 3737
0 39 301
0 14 157
0 4 628
0 17 2658
0 37 1646
0 6 481
0 33 953
0 1 2393
0 44 4710
0 39 223
0 29 2429
0 17 4430
0 36 567
0 33 1341
0 29 2624
0 17 4563
0 17 284
0 4 5055
0 37 335
0 0 371
0 37 1618
0 69 487
0 11 1705
0 6 716
0 11 581
0 5 41
0 46 1590
0 16 101
0 1 2804
0 6 295
0 14 4936
0 29 2507
0 17 3744
0 29 188
0 29 1568
0 6 2686
0 5 31
0 14 478
0 17 2550
0 3 534
0 634 29
0 69 697
0 16 199
0 5 794
0 3 2879
0 16 865
0 6 452
0 0 725
0 14 413
0 33 5159
0 37 5172
0 46 466
0 4 531
0 46 60
0 17 4887
0 17 166
0 6 501
0 0 395
0 69 676
0 69 2743
0 29 3146
0 28 388
0 4 73
0 16 62
0 3 1152
0 33 5285
0 52 1656
0 6 205
0 17 3313
0 4 40
0 4 93
0 11 2491
0 15 184
0 44 580
0 69 2491
0 5 1735
0 28 4725
0 6 301
0 44 1702
0 69 993
0 6 546
0 4 516
0 69 3475
0 1 1388
0 39 648
0 1 3006
0 5 511
0 14 125
0 3 1354
0 0 2895
0 15 32
0 69 131
0 17 1950
0 36 530
0 37 2079
0 1 1889
0 5 897
0 39 215
0 36 2283
0 29 3794
0 14 1312
0 15 779
0 6 779
0 0 2837
0 2 361
0 3 2185
0 17 350
0 6 483
0 11 835
0 15 560
0 52 1590
0 29 1289
0 33 3458
0 17 1182
0 33 1035
0 5 3020
0 6 4077
0 46 268
0 17 106
0 28 4053
0 14 289
0 44 2883
0 44 1632
0 37 5077
0 6 1100
0 69 1061
0 17 59
0 39 597
0 44 1735
0 15 1514
0 37 1716
0 36 1026
0 29 817
0 14 1749
0 14 3883
0 36 834
0 1 2203
0 5 1366
0 37 3841
0 17 228
0 4 4386
0 1 2331
0 15 225
0 0 2749
0 4 1092
0 14 1232
0 6 234
0 44 342
0 1 2738
0 4 724
0 0 248
0 33 2347
0 6 121
0 1 1456
0 46 3226
0 6 4584
0 1 4501
0 3 372
0 3 652
0 33 458
0 1 2212
0 14 428
0 69 343
0 1 4318
0 0 778
0 0 4805
0 5 14
0 14 4813
0 39 90
0 28 4678
0 5 150
0 44 1653
0 46 1998
0 5 3533
0 44 268
0 52 3271
0 16 1731
0 52 466
0 3 2482
0 37 25
0 52 3291
0 14 4996
0 15 3592
0 37 1150
0 36 348
0 2 670
0 33 301
0 39 112
0 36 3953
0 29 1929
0 52 1762
0 1 4363
0 28 418
0 28 5107
0 14 702
0 16 1150
0 1 4068
0 17 2729
0 17 131
0 36 22
0 33 1765
0 1 4478
0 28 103
0 17 4871
0 52 133
0 44 455
0 2 254
0 1 2476
0 28 4039
0 14 1933
0 3 1214
0 4 3168
0 29 2517
0 11 4417
0 33 838
0 69 693
0 14 1602
0 33 299
0 14 518
0 6 741
0 17 217
0 4 767
0 46 2574
0 6 3294
0 39 166
0 15 3865
0 17 3412
0 2 2505
0 39 2030
0 28 5014
0 33 960
0 28 140
0 37 895
0 29 727
0 5 3634
0 14 843
0 33 846
0 16 764
0 17 4514
0 1 4149
0 37 1559
0 44 59
0 14 715
0 37 1314
0 17 1637
0 16 3302
0 14 596
0 28 4817
0 14 223
0 17 1911
0 2 340
0 28 204
0 6 225
0 0 978
0 37 4807
0 4 4734
0 44 637
0 14 4338
0 17 3604
0 14 837
0 6 1036
0 46 3535
0 46 1828
0 14 3924
0 37 424
0 44 3528
0 1 751
0 4 101
0 52 314
0 5 459
0 33 338
0 11 1563
0 4 2831
0 15 1278
0 11 166
0 36 1298
0 3 3283
0 39 1808
0 5 1251
0 5 1865
0 6 5320
0 14 101
0 0 498
0 11 1752
0 36 744
0 1 2755
0 6 3505
0 6 5154
0 4 4851
0 11 1139
0 5 350
0 1 813
0 14 1994
0 4 1122
0 69 774
0 14 395
0 3 392
0 37 1427
0 5 963
0 11 1651
0 16 2113
0 5 3870
0 0 832
0 36 1484
0 6 227
0 52 3834
0 37 1271
0 0 458
0 36 7
0 5 1790
0 46 1475
0 6 219
0 46 213
0 69 623
0 29 2009
0 69 166
0 4 3721
0 0 727
0 17 974
0 29 3443
0 29 1805
0 2 883
0 69 970
0 33 5307
0 0 3676
0 14 764
0 4 3567
0 15 94
0 3 1291
0 39 19
0 52 3142
0 14 151
0 4 369
0 39 1229
0 3 99
0 0 1865
0 5 2345
0 17 40
0 39 388
0 17 4049
0 6 133
0 5 3637
0 4 4829
0 44 839
0 17 5033
0 16 23
0 6 1300
0 33 2077
0 29 908
0 11 1
0 11 459
0 28 216
0 11 1565
0 3 1157
0 5 430
0 1 117
0 28 4223
0 14 4230
0 6 636
0 16 4221
0 37 2047
0 39 759
0 5 2397
0 4 1822
0 2 2896
0 4 3162
0 36 414
0 29 2034
0 33 744
0 4 442
0 33 736
0 33 8
0 46 1135
0 6 2104
0 33 373
0 15 223
0 0 206
0 0 200
0 15 567
0 29 85
0 2 681
0 3 1172
0 3 297
0 1 2402
0 4 453
0 69 3417
0 3 1918
0 52 3374
0 11 830
0 28 3467
0 17 1102
0 39 111
0 1 2545
0 4 727
0 37 592
0 4 1380
0 15 1677
0 2 1912
0 28 41
0 14 142
0 2 2072
0 6 1060
0 4 3174
0 15 3485
0 6 596
0 36 81
0 37 360
0 5 3910
0 2 1314
0 36 631
0 6 1899
0 4 1775
0 16 2854
0 6 2664
0 69 827
0 28 739
0 17 2397
0 33 1685
0 44 101
0 1 2202
0 4 1532
0 14 58
0 0 4482
0 14 1859
0 37 1493
0 4 3197
0 17 4899
0 16 3922
0 11 1152
0 6 787
0 1 2556
0 16 397
0 44 23
0 5 3647
0 36 644
0 2 1305
0 39 289
0 1 4721
0 0 676
0 2 3423
0 14 4380
0 46 512
0 44 3861
0 69 2625
0 36 1202
0 39 826
0 17 832
0 69 614
0 29 284
0 17 157
0 16 530
0 11 410
0 36 1066
0 17 3832
0 46 843
0 5 3668
0 39 212
0 6 1970
0 14 560
0 4 2063
0 16 2307
0 11 1271
0 69 300
0 11 198
0 44 4716
0 6 254
0 69 197
0 52 0
0 15 253
0 16 2585
0 29 1843
0 5 992
0 39 222
0 29 2338
0 16 4224
0 14 2102
0 36 2279
0 29 1831
0 28 87
0 36 3389
0 1 4533
0 37 4380
0 36 196
0 0 1652
0 36 440
0 3 2659
0 4 4330
0 69 365
0 52 134
0 14 846
0 52 521
0 52 3229
0 37 31
0 44 1531
0 37 3
0 37 1881
0 3 2111
0 44 1475
0 29 4690
0 2 261
0 923 1
0 69 788
0 4 786
0 17 1522
0 1 2565
0 69 1233
0 0 4455
0 36 3231
0 17 344
0 3 1775
0 14 736
0 4 3194
0 37 1774
0 11 439
0 16 773
0 3021 3
0 37 4988
0 69 4575
0 0 4043
0 39 843
0 17 31
0 16 554
0 37 1055
0 14 1829
0 5 3282
0 36 1690
0 5 1710
0 69 1870
0 2 315
0 14 340
0 37 1220
0 14 980
0 17 739
0 6 395
0 11 2397
0 2 3427
0 69 480
0 6 655
0 1 3693
0 1 3730
0 6 3020
0 69 635
0 6 1111
0 39 635
0 36 2058
0 17 3329
0 16 377
0 6 5289
0 16 315
0 16 1778
0 5 2590
0 4 706
0 44 897
0 29 3014
0 29 345
0 2 2335
0 0 779
0 14 25
0 39 268
0 4 3277
0 14 946
0 39 726
0 14 3605
0 37 787
0 3 429
0 69 200
0 5 289
0 0 4369
0 52 3686
0 4 1750
0 39 317
0 17 3344
0 6 1128
0 17 3534
0 16 2103
0 1 2904
0 0 540
0 0 2352
0 29 3040
0 44 3868
0 69 555
0 3 123
0 4 2036
0 36 2280
0 14 565
0 29 1435
0 5 3539
0 46 1749
0 29 1150
0 6 126
0 4 451
0 14 2296
0 15 204
0 52 3474
0 37 377
0 16 5135
0 37 1884
0 6 243
0 52 1061
0 5 3386
0 14 2607
0 11 2733
0 33 1708
0 3 2242
0 4 1173
0 6 2626
0 46 830
0 29 2284
0 11 341
0 46 377
0 0 141
0 36 155
0 69 4549
0 14 1259
0 37 1163
0 0 619
0 6 4997
0 6 5108
0 14 961
0 29 3076
0 44 2397
0 28 457
0 37 3278
0 6 5261
0 2 2166
0 2 30
0 3 2823
0 69 73
0 1 1014
0 17 4498
0 17 435
0 28 567
0 3 2936
0 44 667
0 39 613
0 46 541
0 17 4863
0 4 5087
0 69 4012
0 14 904
0 17 220
0 39 4137
0 33 844
0 1 4243
0 16 1317
0 28 3272
0 44 393
0 16 2226
0 1 677
0 39 182
0 5 614
0 14 189
0 14 5030
0 3 1134
0 28 934
0 69 2540
0 2 461
0 39 3011
0 44 3070
0 52 2506
0 28 3957
0 29 384
0 69 5082
0 1 1547
0 69 1955
0 5 408
0 15 3137
0 14 938
0 1 2692
0 46 22
0 52 2559
0 33 1446
0 5 320
0 46 171
0 17 4284
0 46 2510
0 4 2014
0 39 1361
0 36 2267
0 14 1206
0 17 214
0 37 591
0 17 1209
0 1 2818
0 36 1890
0 15 995
0 28 604
0 15 632
0 0 3759
0 46 356
0 36 2286
0 46 2434
0 0 2606
0 37 1101
0 44 1404
0 6 1502
0 1 1387
0 28 4407
0 37 1047
0 11 511
0 15 979
0 6 3247
0 15 3051
0 11 384
0 2 3257
0 33 1196
0 4 5292
0 6 98
0 46 2093
0 3 547
0 39 1471
0 52 202
0 15 903
0 37 1262
0 28 1840
0 52 343
0 28 1435
0 14 1113
0 3 3261
0 69 266
0 5 3911
0 46 3705
0 44 1708
0 4 1719
0 37 4378
0 0 959
0 52 356
0 2 3359
0 39 1831
0 6 5349
0 11 438
0 29 864
0 6 866
0 14 4186
0 37 1374
0 28 521
0 11 4630
0 46 1150
0 4 343
0 5 222
0 16 1022
0 6 1577
0 6 1121
0 36 125
0 44 746
0 29 1816
0 33 1275
0 33 616
0 6 374
0 37 165
0 5 164
0 39 159
0 17 4615
0 0 4394
0 46 2894
0 33 1178
0 6 1517
0 69 1023
0 33 726
0 17 1128
0 28 2934
0 36 1535
0 44 4062
0 11 1564
0 1 2120
0 39 370
0 69 2573
0 69 4437
0 16 4034
0 17 1521
0 36 1590
0 0 4071
0 33 511
0 39 165
0 2 3293
0 39 110
0 15 4730
0 46 3511
0 69 2318
0 69 727
0 15 736
0 17 4306
0 16 3308
0 14 212
0 3 2683
0 17 1592
0 16 1105
0 3 439
0 6 567
0 6 447
0 5 3379
0 37 212
0 0 4859
0 6 3759
0 14 34
0 69 1018
0 14 50
0 69 705
0 36 3440
0 16 2677
0 46 851
0 39 2550
0 4 234
0 16 4575
0 3 2286
0 33 3845
0 44 591
0 69 3324
0 6 4421
0 15 62
0 69 637
0 69 3973
0 36 594
0 0 3193
0 0 1573
0 11 120
0 39 1657
0 15 828
0 37 492
0 37 200
0 1 3640
0 17 1271
0 1 2701
0 37 2020
0 17 229
0 14 4401
0 6 377
0 69 2597
0 44 237
0 37 1615
0 17 4214
0 17 97
0 0 845
0 36 570
0 28 276
0 69 702
0 1 3170
0 17 1122
0 36 896
0 36 1717
0 0 464
0 3 361
0 6 191
0 4 98
0 3 893
0 16 1461
0 2 262
0 0 3681
0 52 486
0 28 4795
0 37 219
0 37 707
0 33 1236
0 1 2255
0 11 20
0 14 2616
0 6 4853
0 6 2681
0 33 223
0 3 231
0 28 26
0 4 3224
0 46 327
0 11 2574
0 39 60
0 14 4701
0 1 4114
0 44 1544
0 39 1206
0 6 316
0 2 862
0 3 4585
0 4 438
0 14 132
0 44 1598
0 6 399
0 14 457
0 39 1475
0 28 113
0 1 4650
0 1 1095
0 39 288
0 36 5075
0 5 2729
0 16 959
0 6 356
0 4 3550
0 14 248
0 36 1505
0 3 1461
0 0 487
0 4 3160
0 29 1625
0 1 4254
0 4 4266
0 15 112
0 3 1184
0 15 5263
0 16 1098
0 14 990
0 37 1603
0 5 185
0 6 4060
0 1 2737
0 28 208
0 16 4491
0 14 2787
0 17 4412
0 16 225
0 14 556
0 4 1165
0 1 2241
0 28 197
0 44 255
0 33 3179
0 17 3462
0 33 1422
0 69 1048
0 37 963
0 0 140
0 4 4197
0 4 114
0 11 370
0 46 837
0 52 1757
0 39 1034
0 4 774
0 4 3446
0 44 474
0 6 1560
0 14 3347
0 37 418
0 5 1007
0 2 458
0 39 1314
0 36 4455
0 44 3798
0 37 4615
0 36 2839
0 2 709
0 16 1360
0 33 514
0 14 4169
0 39 252
0 0 1232
0 4 1097
0 44 281
0 3 143
0 37 5293
0 29 3314
0 52 1751
0 4 779
0 37 495
0 29 8
0 46 3603
0 17 4526
0 17 2113
0 4 2394
0 15 2819
0 1 2772
0 46 2022
0 4 2833
0 14 1918
0 29 767
0 1 1467
0 14 995
0 52 66
0 0 430
0 0 2368
0 37 18
0 6 1005
0 37 589
0 0 2591
0 69 218
0 6 3741
0 6 5328
0 36 2729
0 37 1586
0 0 59
0 1 471
0 0 2934
0 15 165
0 52 1814
0 37 1065
0 33 63
0 0 1594
0 69 4891
0 15 1859
0 4 655
0 2 215
0 5 1791
0 29 2445
0 6 541
0 39 1207
0 17 3094
0 39 63
0 17 249
0 37 594
0 37 443
0 17 4421
0 39 5226
0 39 336
0 16 500
0 4 345
0 17 3753
0 37 4435
0 28 65
0 5 2578
0 3 4775
0 1 2538
0 28 81
0 46 1562
0 33 5064
0 69 580
0 28 1912
0 44 1427
0 3 113
0 801 1
0 46 1821
0 39 393
0 16 454
0 15 1105
0 6 381
0 46 2019
0 17 4949
0 17 1587
0 4 130
0 15 646
0 69 2326
0 46 3757
0 28 106
0 17 1917
0 3 1826
0 3 4779
0 6 20
0 52 832
0 0 628
0 3 255
0 69 1025
0 4 295
0 36 5113
0 1 1230
0 28 1362
0 46 3939
0 36 314
0 15 297
0 6 228
0 36 1058
0 17 620
0 69 190
0 28 819
0 14 146
0 44 3844
0 37 100
0 14 1474
0 37 3277
0 29 109
0 69 4747
0 4 167
0 36 3431
0 29 439
0 44 466
0 69 26
0 44 27
0 923 3395
0 5 2988
0 5 63
0 17 979
0 0 43
0 33 1265
0 33 513
0 15 409
0 14 4901
0 29 274
0 5 2670
0 46 3330
0 33 725
0 52 3057
0 39 67
0 14 959
0 36 1264
0 17 1559
0 6 3970
0 44 2276
0 39 871
0 44 2615
0 1 2326
0 46 530
0 5 843
0 11 2600
0 28 4384
0 2 1933
0 3 1655
0 28 51
0 17 2191
0 4 2095
0 46 379
0 14 4709
0 16 3984
0 16 555
0 5 174
0 17 2394
0 17 572
0 4 3202
0 33 979
0 33 737
0 11 2494
0 44 2188
0 6 491
0 6 1163
0 15 340
0 15 725
0 14 774
0 4 5232
0 69 223
0 46 3853
0 6 967
0 3 923
0 69 546
0 17 3670
0 29 342
0 33 780
0 6 1535
0 4 4151
0 36 1565
0 0 633
0 0 359
0 28 1509
0 17 384
0 3 2161
0 33 5169
0 37 2182
0 44 1637
0 39 1656
0 33 1351
0 3 3642
0 16 717
0 33 615
0 2 3136
0 15 270
0 36 1420
0 28 511
0 6 710
0 28 3323
0 44 299
0 6 4819
0 52 1537
0 37 5079
0 36 778
0 17 379
0 28 272
0 1 3615
0 4 908
0 17 2339
0 37 380
0 33 5097
0 17 5010
0 37 938
0 11 77
0 17 855
0 0 2941
0 44 413
0 0 511
0 2 905
0 3 3715
0 0 2855
0 15 1190
0 28 243
0 69 1579
0 1 4939
0 14 1562
0 1 4360
0 33 162
0 14 176
0 17 2133
0 14 410
0 52 3755
0 16 1093
0 39 896
0 14 789
0 5 3095
0 15 3984
0 1 4379
0 1 4201
0 0 344
0 16 4245
0 3 2808
0 4 4332
0 4 2403
0 46 839
0 29 850
0 39 3897
0 36 190
0 44 3745
0 2 3380
0 6 1764
0 37 130
0 39 1810
0 11 2730
0 14 1178
0 28 198
0 11 340
0 44 2452
0 46 3290
0 17 1026
0 44 395
0 17 1866
0 15 2761
0 1 4131
0 4 899
0 37 1447
0 39 113
0 16 512
0 44 512
0 14 1782
0 69 56
0 5 1976
0 4 3757
0 1 4041
0 11 656
0 44 294
0 6 5151
0 39 5222
0 5 40
0 0 262
0 5 192
0 46 1229
0 15 41
0 4 567
0 39 4545
0 46 204
0 28 22
0 1 2219
0 3 3442
0 16 195
0 6 439
0 1 2720
0 39 935
0 39 3338
0 14 2339
0 44 20
0 1 690
0 28 4638
0 1 2694
0 44 614
0 29 1181
0 17 225
0 14 5147
0 28 4249
0 0 554
0 39 202
0 46 1754
0 6 299
0 5 448
0 17 4520
0 11 728
0 6 2472
0 17 73
0 36 5312
0 15 176
0 69 2785
0 39 1446
0 17 197
0 15 3903
0 37 479
0 36 237
0 1566 14
0 33 749
0 69 2871
0 36 566
0 6 571
0 36 703
0 15 3505
0 46 905
0 17 35
0 17 3516
0 4 3116
0 52 252
0 6 4341
0 5 162
0 6 2446
0 0 1262
0 29 986
0 1 4255
0 45 1
0 37 544
0 0 566
0 0 738
0 15 144
0 6 2325
0 16 1314
0 5 272
0 33 1120
0 17 4172
0 33 1037
0 5 467
0 1 5342
0 36 704
0 6 995
0 1 2949
0 17 5258
0 14 3976
0 3 410
0 69 2279
0 17 2602
0 4 486
0 4 162
0 6 163
0 17 546
0 33 225
0 16 466
0 46 1756
0 33 720
0 37 2562
0 1 2872
0 33 5116
0 44 57
0 6 848
0 4 180
0 16 781
0 37 57
0 28 546
0 69 374
0 14 4271
0 6 74
0 4 95
0 33 93
0 69 3654
0 69 410
0 52 2110
0 17 1174
0 36 1615
0 36 497
0 0 4586
0 4 2174
0 17 150
0 16 948
0 46 847
0 17 4954
0 5 3077
0 39 2934
0 14 2301
0 44 1559
0 28 3758
0 1 2902
0 6 101
0 69 2746
0 39 496
0 28 1047
0 69 363
0 11 62
0 36 1016
0 33 952
0 44 1217
0 6 2857
0 33 204
0 4 2629
0 36 992
0 69 2330
0 0 81
0 1 1072
0 4 60
0 6 157
0 4 164
0 5 3256
0 4 349
0 0 4092
0 17 3681
0 36 49
0 15 254
0 16 2164
0 44 105
0 29 377
0 37 1529
0 17 3130
0 14 279
0 1 4211
0 3 2134
0 3 453
0 14 1502
0 44 3907
0 16 1100
0 33 58
0 4 2118
0 46 3803
0 37 773
0 3 521
0 0 3062
0 6 1515
0 0 3727
0 0 839
0 36 133
0 15 910
0 29 1902
0 2 255
0 6 3059
0 28 344
0 52 259
0 37 5084
0 15 152
0 15 2142
0 29 5167
0 2 1600
0 33 1425
0 17 1005
0 28 15
0 0 1540
0 16 1214
0 14 903
0 36 693
0 28 1214
0 6 1203
0 37 1031
0 14 831
0 11 363
0 17 2651
0 28 866
0 16 3237
0 28 1025
0 46 336
0 5 3787
0 15 3864
0 5 84
0 28 2460
0 16 10
0 17 3431
0 3 2098
0 15 77
0 1 2409
0 4 554
0 6 879
0 14 1537
0 3 3674
0 46 1017
0 69 3024
0 16 680
0 39 1
0 69 4272
0 69 5203
0 0 4621
0 16 1967
0 2 216
0 36 356
0 36 266
0 33 22
0 16 300
0 4 1
0 69 1000
0 46 1969
0 5 3047
0 44 860
0 29 1314
0 14 1487
0 0 23
0 28 4305
0 29 4082
0 17 133
0 36 2031
0 69 4668
0 6 255
0 44 1960
0 14 1007
0 0 4181
0 3 367
0 5 2974
0 4 843
0 28 1506
0 6 693
0 28 241
0 28 4679
0 37 619
0 46 266
0 1 2184
0 17 564
0 37 3961
0 69 745
0 33 110
0 14 5290
0 11 828
0 5 2997
0 0 892
0 52 2793
0 39 4178
0 69 47
0 69 297
0 29 580
0 44 339
0 52 1083
0 29 1059
0 29 95
0 69 98
0 16 620
0 4 2930
0 6 631
0 39 225
0 29 3839
0 46 487
0 33 355
0 4 4028
0 5 126
0 44 3875
0 52 1919
0 2 2472
0 14 4161
0 39 1523
0 37 281
0 16 1803
0 0 1618
0 14 580
0 1 2695
0 14 4280
0 4 84
0 11 2513
0 6 4610
0 15 4589
0 3 1508
0 4 4298
0 14 4278
0 29 5331
0 1 2257
0 36 1548
0 36 5062
0 39 1421
0 69 396
0 6 2751
0 44 1092
0 36 194
0 4 1352
0 69 154
0 4 2912
0 28 994
0 69 521
0 6 211
0 17 290
0 33 1204
0 0 409
0 29 171
0 4 3157
0 17 438
0 6 13
0 69 1749
0 39 3964
0 28 138
0 0 4816
0 52 184
0 6 4849
0 69 648
0 36 1528
0 4 1432
0 36 2395
0 1 4133
0 14 4285
0 36 2111
0 0 4883
0 17 57
0 36 4121
0 3 901
0 33 1578
0 0 4841
0 4 2969
0 0 383
0 4 1536
0 1 1254
0 4 1259
0 4 249
0 4 3262
0 28 845
0 4 3286
0 3 72
0 14 1973
0 4 112
0 6 284
0 52 2311
0 36 2107
0 39 198
0 6 440
0 28 861
0 17 1070
0 4 2430
0 6 156
0 14 725
0 14 435
0 0 68
0 28 327
0 6 850
0 0 106
0 17 2957
0 28 4341
0 4 841
0 16 2117
0 33 4771
0 15 530
0 44 124
0 33 2003
0 69 892
0 6 2344
0 2 2744
0 3 4800
0 2 363
0 2 559
0 36 1692
0 36 710
0 6 4524
0 16 1537
0 15 1638
0 16 4262
0 14 409
0 69 1251
0 36 671
0 5 3873
0 4 3216
0 37 61
0 36 912
0 16 1735
0 11 541
0 69 687
0 69 1234
0 6 486
0 16 67
0 52 3547
0 37 476
0 1 4481
0 4 1784
0 6 172
0 17 5280
0 3 1474
0 6 5199
0 6 3850
0 1 4364
0 14 495
0 28 2559
0 2 395
0 28 5299
0 44 1592
0 3 716
0 0 3401
0 28 358
0 44 2026
0 14 4388
0 28 205
0 0 3972
0 69 19
0 44 616
0 4 99
0 3 2362
0 15 343
0 39 2053
0 46 448
0 17 223
0 16 3313
0 44 99
0 6 3198
0 14 60
0 37 1193
0 33 24
0 6 18
0 0 2841
0 0 3641
0 52 89
0 36 5061
0 37 5216
0 14 704
0 29 1705
0 33 1559
0 4 3178
0 69 2653
0 46 3260
0 4 5157
0 28 993
0 44 2855
0 46 1991
0 36 3057
0 29 590
0 2 2104
0 6 3486
0 4 1037
0 33 1058
0 0 2610
0 5 67
0 1 1386
0 0 3890
0 28 4839
0 4 3159
0 14 683
0 11 25
0 4 1007
0 28 176
0 4 4855
0 36 1980
0 16 341
0 14 610
0 46 1251
0 29 1697
0 37 1727
0 28 53
0 15 2358
0 37 4762
0 5 59
0 36 904
0 1 3697
0 16 3284
0 28 215
0 1 3351
0 69 182
0 16 455
0 36 423
0 46 684
0 3 468
0 46 547
0 3 196
0 11 1058
0 36 1412
0 52 1084
0 1 2207
0 3 1513
0 16 3456
0 39 1308
0 1 2087
0 2 1520
0 36 3978
0 1 3626
0 37 272
0 4 3096
0 3 745
0 36 521
0 29 1938
0 36 287
0 15 3382
0 39 3984
0 1 1671
0 46 2595
0 52 3857
0 1 4145
0 36 980
0 37 1687
0 39 4025
0 69 540
0 28 656
0 0 4405
0 5 200
0 6 2678
0 36 5209
0 28 1186
0 17 2505
0 28 897
0 6 736
0 36 5224
0 37 1869
0 4 3186
0 4 221
0 16 739
0 29 2492
0 46 363
0 14 283
0 36 1529
0 39 49
0 46 2032
0 6 193
0 11 84
0 4 1425
0 0 413
0 16 534
0 46 1366
0 39 455
0 4 105
0 5 268
0 16 331
0 0 513
0 11 109
0 0 4446
0 14 2901
0 11 287
0 2 2450
0 4 993
0 29 24
0 29 1904
0 28 3095
0 28 1810
0 1 1439
0 2 3358
0 14 4893
0 39 1778
0 11 527
0 17 198
0 36 77
0 69 5272
0 4 3221
0 17 5007
0 5 1178
0 36 1139
0 3 84
0 17 1784
0 33 1299
0 15 288
0 28 837
0 17 1241
0 44 861
0 69 1137
0 37 1265
0 11 10
0 6 5212
0 36 1347
0 46 835
0 1 3348
0 6 197
0 17 719
0 29 1169
0 44 4023
0 29 964
0 17 1830
0 69 364
0 28 513
0 44 500
0 3 737
0 33 216
0 6 676
0 36 596
0 16 847
0 28 1829
0 14 367
0 52 377
0 14 802
0 37 2452
0 44 3517
0 69 979
0 33 702
0 14 23
0 37 1720
0 33 1731
0 37 4672
0 39 676
0 14 762
0 2 726
0 52 532
0 69 926
0 29 737
0 3 140
0 11 27
0 39 4568
0 4 2112
0 28 4851
0 0 144
0 17 1232
0 44 248
0 0 4918
0 6 402
0 46 2345
0 36 714
0 6 222
0 6 825
0 69 2251
0 37 3102
0 2 998
0 17 255
0 52 221
0 15 132
0 2 457
0 44 310
0 46 1921
0 36 1216
0 69 273
0 29 1913
0 52 315
0 28 299
0 14 1102
0 17 827
0 2 379
0 36 374
0 0 1520
0 39 1607
0 17 628
0 29 1157
0 5 243
0 3 2271
0 36 121
0 2 301
0 0 3070
0 39 4866
0 33 4159
0 36 73
0 16 2717
0 44 56
0 0 4079
0 4 1181
0 14 216
0 4 1674
0 37 1474
0 15 344
0 11 637
0 0 1027
0 3 1592
0 0 213
0 17 2874
0 33 164
0 39 542
0 36 25
0 29 3049
0 46 2880
0 69 1773
0 37 1555
0 6 5346
0 15 3938
0 1 4303
0 36 3273
0 28 734
0 14 38
0 52 1562
0 36 1648
0 37 331
0 15 216
0 69 1119
0 1 2131
0 4 1251
0 17 30
0 1 2700
0 69 1004
0 0 2134
0 69 563
0 29 145
0 28 4803
0 17 3050
0 46 1191
0 14 4034
0 36 1178
0 39 2573
0 17 845
0 4 1010
0 39 710
0 6 527
0 39 380
0 4 3055
0 14 4732
0 29 1358
0 17 5052
0 44 1846
0 14 637
0 52 1047
0 28 3062
0 2 925
0 28 4714
0 69 100
0 3 2834
0 0 4026
0 6 3877
0 44 727
0 33 1314
0 39 468
0 37 834
0 6 5296
0 3 288
0 1 2947
0 0 79
0 15 1592
0 46 2735
0 37 368
0 36 23
0 28 788
0 17 3591
0 0 204
0 4 481
0 36 1108
0 4 2734
0 6 1141
0 1 2008
0 6 2370
0 6 4121
0 46 1738
0 4 683
0 6 111
0 15 153
0 15 3128
0 37 4759
0 4 406
0 33 5121
0 17 108
0 69 3984
0 17 310
0 28 4410
0 5 1432
0 3 532
0 6 5031
0 16 4522
0 17 2308
0 1 2274
0 36 1728
0 14 3551
0 44 62
0 2 3086
0 69 528
0 36 3029
0 16 339
0 6 4935
0 17 1425
0 52 113
0 29 1579
0 33 5096
0 5 737
0 37 97
0 52 61
0 0 2505
0 2 1919
0 0 1452
0 29 1949
0 6 4861
0 17 398
0 46 221
0 37 5103
0 17 1103
0 1 2224
0 16 343
0 0 4667
0 37 5353
0 44 3821
0 28 4177
0 0 1572
0 4 697
0 14 22
0 29 1914
0 14 113
0 39 129
0 4 2418
0 4 559
0 1 2443
0 17 2681
0 6 747
0 3 3748
0 39 5134
0 16 1782
0 28 3749
0 0 63
0 17 636
0 52 255
0 52 1956
0 46 1800
0 4 58
0 0 3960
0 4 971
0 16 30
0 29 1775
0 52 3921
0 5 554
0 14 697
0 2 2462
0 17 676
0 0 2724
0 5 2172
0 6 4288
0 29 370
0 15 901
0 46 1993
0 44 40
0 28 1373
0 17 874
0 28 5032
0 14 896
0 0 4583
0 33 787
0 37 23
0 37 881
0 36 1530
0 46 2605
0 52 384
0 39 3935
0 36 722
0 36 1670
0 46 1107
0 4 521
0 6 504
0 0 737
0 17 5303
0 6 5084
0 16 73
0 29 852
0 44 274
0 17 2283
0 17 702
0 16 862
0 28 3681
0 14 1494
0 17 3543
0 37 3531
0 33 2729
0 11 22
0 37 94
0 16 1215
0 3 1629
0 46 605
0 46 195
0 52 3765
0 36 562
0 1 1725
0 16 198
0 1 2705
0 0 4393
0 37 4247
0 0 949
0 14 1265
0 3 838
0 0 2876
0 33 5153
0 36 1526
0 17 519
0 69 3034
0 14 448
0 37 241
0 37 220
0 28 493
0 11 2284
0 70 1606
0 37 1710
0 14 3964
0 2 101
0 5 1148
0 1 4661
0 17 559
0 36 228
0 4 4979
0 4 1055
0 39 430
0 17 1599
0 44 3446
0 69 4719
0 17 4827
0 0 4065
0 37 1191
0 4 1029
0 14 4256
0 39 728
0 69 367
0 39 1019
0 28 762
0 6 400
0 37 1674
0 17 2451
0 29 904
0 52 500
0 37 370
0 28 214
0 11 1973
0 36 843
0 69 980
0 29 202
0 3 976
0 28 4003
0 6 110
0 3 934
0 52 1314
0 46 1141
0 28 787
0 36 2186
0 0 2681
0 5 1039
0 14 4972
0 4 4135
0 33 3813
0 0 235
0 14 4175
0 17 1027
0 16 1494
0 6 4788
0 2 3019
0 6 2173
0 6 3127
0 37 84
0 44 998
0 17 410
0 36 3007
0 4 434
0 6 1122
0 33 1164
0 29 773
0 36 3187
0 17 487
0 14 399
0 2 825
0 36 1231
0 14 219
0 1 1481
0 15 2714
0 69 844
0 29 1279
0 17 4508
0 4 1191
0 6 81
0 14 1194
0 28 4789
0 6 311
0 44 1150
0 29 897
0 44 440
0 29 496
0 39 1191
0 0 837
0 37 225
0 15 208
0 0 917
0 1 2800
0 44 934
0 15 464
0 28 5217
0 3 2046
0 6 823
0 0 240
0 46 3143
0 3 64
0 1 2557
0 4 1730
0 52 3288
0 0 2843
0 28 483
0 3 314
0 3 323
0 11 880
0 44 217
0 3300 1
0 69 2315
0 36 1172
0 6 3616
0 33 1477
0 6 174
0 69 391
0 1 2913
0 29 300
0 17 1068
0 1 2886
0 37 866
0 14 681
0 17 667
0 39 128
0 5 1217
0 3 3618
0 46 2027
0 3 1125
0 15 63
0 17 343
0 17 1146
0 37 217
0 52 340
0 28 281
0 6 153
0 14 303
0 2 737
0 14 257
0 14 342
0 69 2302
0 0 274
0 0 156
0 0 150
0 17 3343
0 14 1264
0 29 880
0 44 3888
0 6 732
0 17 3846
0 4 400
0 16 748
0 37 1986
0 17 2292
0 39 30
0 3 294
0 14 162
0 3 259
0 1 3561
0 4 190
0 15 2508
0 37 1602
0 14 138
0 0 2244
0 4 4847
0 17 4331
0 6 3343
0 37 540
0 29 1954
0 5 3680
0 33 220
0 46 3759
0 4 2104
0 33 218
0 11 160
0 33 3517
0 29 5160
0 29 2350
0 11 653
0 33 2843
0 16 2315
0 6 201
0 36 3126
0 37 1659
0 29 2013
0 16 1325
0 17 26
0 39 435
0 37 1165
0 14 106
0 0 456
0 37 507
0 28 3811
0 16 4294
0 1 4500
0 29 527
0 69 2754
0 2 2979
0 17 1238
0 4970 1
0 33 1297
0 0 1527
0 3 2366
0 36 1625
0 0 1046
0 14 631
0 5 101
0 33 1274
0 0 1265
0 16 2577
0 29 121
0 44 1611
0 33 1683
0 28 283
0 37 450
0 6 3673
0 44 155
0 36 288
0 6 4420
0 39 325
0 4 215
0 36 1894
0 0 105
0 4 171
0 1 4319
0 14 979
0 69 1017
0 5 133
0 28 686
0 1 689
0 1 3296
0 39 611
0 29 94
0 3 1264
0 17 5127
0 14 969
0 28 207
0 4 2668
0 1 2956
0 3 325
0 11 268
0 28 2689
0 46 846
0 1 2441
0 46 184
0 36 318
0 6 59
0 1 63
0 29 234
0 69 255
0 29 1719
0 17 5118
0 17 681
0 33 774
0 46 1776
0 36 306
0 36 50
0 6 192
0 16 1101
0 5 2178
0 37 1344
0 4 1771
0 3 818
0 69 60
0 39 636
0 33 330
0 16 58
0 39 3
0 6 2543
0 52 2882
0 14 772
0 1 2691
0 6 901
0 33 248
0 44 1865
0 36 1866
0 4 3862
0 5 215
0 36 544
0 33 1007
0 1 2916
0 33 4404
0 29 2878
0 11 350
0 17 2765
0 14 323
0 36 2052
0 6 1213
0 14 209
0 33 5163
0 1 4356
0 17 4808
0 69 646
0 69 259
0 37 1310
0 39 1288
0 37 653
0 39 2953
0 29 4263
0 3 794
0 0 432
0 6 577
0 39 1139
0 17 554
0 11 123
0 3 3768
0 39 1787
0 6 744
0 1 48
0 29 344
0 6 2217
0 33 102
0 2 2378
0 1 4328
0 0 3912
0 36 1055
0 4 978
0 4 370
0 33 461
0 29 1107
0 6 1268
0 17 2574
0 4 1164
0 1 4465
0 69 1369
0 14 1705
0 3 2544
0 4 4259
0 1 2524
0 3 418
0 15 64
0 33 281
0 17 21
0 52 1737
0 14 358
0 52 1833
0 4 79
0 69 325
0 14 880
0 16 1553
0 4 824
0 6 1749
0 5 2377
0 69 1102
0 52 1007
0 29 120
0 14 8
0 0 4754
0 36 87
0 37 1537
0 37 1562
0 14 739
0 29 2461
0 37 570
0 39 4773
0 29 215
0 14 4087
0 28 101
0 29 1794
0 5 2779
0 1 1371
0 16 2598
0 17 1912
0 11 297
0 69 726
0 14 87
0 36 3391
0 3 596
0 46 2727
0 14 2363
0 1566 69
0 28 881
0 46 100
0 4 338
0 36 705
0 2 514
0 0 1217
0 33 18
0 14 1011
0 15 896
0 0 4257
0 14 3024
0 16 1047
0 16 3457
0 0 4093
0 28 79
0 69 159
0 44 111
0 28 1056
0 11 274
0 36 1234
0 14 4744
0 2 2189
0 36 908
0 37 1454
0 36 3101
0 1 4665
0 14 1349
0 17 4304
0 0 4640
0 14 63
0 1 2763
0 28 3401
0 39 263
0 29 1727
0 36 106
0 2 1821
0 17 329
0 1 2798
0 33 176
0 16 405
0 0 2178
0 2 2356
0 69 492
0 28 20
0 2 2868
0 4 3155
0 33 1846
0 6 733
0 28 1178
0 37 1891
0 37 1775
0 2 466
0 29 62
0 1 4506
0 6 1314
0 44 739
0 6 221
0 5 1977
0 29 216
0 36 268
0 1 4351
0 0 1325
0 69 124
0 17 674
0 69 836
0 14 633
0 17 4823
0 37 1345
0 69 4171
0 36 554
0 17 231
0 4 926
0 52 395
0 6 727
0 36 38
0 37 223
0 52 62
0 1 1483
0 0 780
0 6 532
0 69 4658
0 6 792
0 52 1812
0 1 4107
0 36 1486
0 46 482
0 0 794
0 6 5039
0 44 1147
0 3 4777
0 36 702
0 3 3515
0 0 264
0 46 3370
0 0 4774
0 17 5128
0 1 2273
0 4 798
0 1 2948
0 4 2491
0 33 2339
0 37 3264
0 28 652
0 14 1506
0 28 150
0 46 143
0 44 968
0 11 646
0 29 57
0 14 4601
0 16 4025
0 4 127
0 5 1193
0 46 2675
0 5 2817
0 46 1990
0 0 2251
0 1 1263
0 1 2372
0 1 2889
0 39 323
0 29 968
0 3 498
0 5 1577
0 37 110
0 69 2423
0 4 3305
0 14 5249
0 28 410
0 11 249
0 3 4797
0 69 839
0 4 773
0 17 129
0 16 1023
0 14 659
0 36 1609
0 46 570
0 28 917
0 69 728
0 14 4981
0 28 1055
0 39 282
0 17 1007
0 6 22
0 33 4557
0 29 2191
0 29 2178
0 11 683
0 4 3582
0 16 1509
0 0 2623
0 69 121
0 6 310
0 3 108
0 39 4544
0 0 4646
0 69 2739
0 1 4097
0 6 2102
0 5 541
0 46 2958
0 39 100
0 14 3095
0 69 123
0 33 170
0 1 3169
0 46 1742
0 52 670
0 1 2193
0 5 530
0 46 580
0 0 2517
0 6 3333
0 11 254
0 29 3246
0 1 761
0 17 1280
0 1 3562
0 17 626
0 37 572
0 28 1145
0 1 602
0 44 1593
0 28 1474
0 14 2648
0 29 769
0 14 2962
0 15 361
0 69 4838
0 5 1607
0 6 3578
0 1 2682
0 44 493
0 14 131
0 4 1120
0 1 46
0 44 2001
0 46 2573
0 1 4504
0 16 2070
0 4 5230
0 37 4870
0 4 1923
0 16 22
0 4 56
0 4 675
0 37 774
0 6 269
0 6 5036
0 14 41
0 0 2592
0 6 286
0 17 3352
0 6 4947
0 5 438
0 4 204
0 33 1693
0 29 926
0 16 126
0 17 437
0 39 2932
0 29 336
0 2 3411
0 2 3280
0 14 1640
0 2 2995
0 16 896
0 69 4025
0 3 581
0 3 1170
0 5 223
0 6 4013
0 69 31
0 6 957
0 16 4628
0 46 1007
0 14 297
0 69 1484
0 37 238
0 36 2339
0 17 497
0 69 737
0 44 2642
0 69 448
0 44 326
0 36 1065
0 28 3740
0 2 3031
0 33 1955
0 52 1621
0 36 3789
0 17 368
0 14 2327
0 0 802
0 15 325
0 0 655
0 4 272
0 37 5080
0 6 244
0 6 289
0 1 2473
0 6 4439
0 5 109
0 4 3201
0 4 3020
0 3 998
0 36 172
0 46 917
0 3 3776
0 5 134
0 29 2425
0 44 58
0 6 3863
0 14 3811
0 14 208
0 17 336
0 36 483
0 6 840
0 3 1159
0 4 1713
0 11 300
0 0 2104
0 0 3648
0 3 1011
0 0 4966
0 15 1133
0 14 2519
0 17 1002
0 14 856
0 2 2529
0 36 60
0 52 165
0 52 1262
0 17 5189
0 0 98
0 44 392
0 6 3677
0 0 4459
0 14 147
0 44 152
0 17 1367
0 6 4455
0 36 1357
0 2 1957
0 2 1047
0 17 715
0 16 1527
0 28 4913
0 39 1241
0 4 123
0 4 3173
0 39 214
0 36 150
0 0 941
0 5 343
0 28 1082
0 37 1281
0 17 2671
0 17 1212
0 1 2990
0 5 3448
0 3 3935
0 29 2282
0 3 195
0 44 847
0 15 23
0 4 3191
0 14 24
0 17 4524
0 52 121
0 14 1979
0 36 1893
0 0 5122
0 14 727
0 69 164
0 28 1125
0 29 1281
0 3 2376
0 16 4744
0 44 86
0 52 3782
0 15 1357
0 3 153
0 16 1139
0 3 1468
0 4 4155
0 4 3098
0 44 1597
0 16 1749
0 17 2096
0 36 394
0 2 3056
0 28 4256
0 69 4453
0 0 920
0 28 323
0 0 159
0 33 2319
0 4 96
0 37 1714
0 14 259
0 4 1032
0 16 3144
0 46 1874
0 14 2453
0 4 142
0 36 781
0 28 972
0 6 2380
0 37 20
0 11 739
0 0 56
0 28 809
0 6 625
0 36 830
0 46 1747
0 39 727
0 33 541
0 1 2294
0 1 1709
0 29 1042
0 17 3249
0 36 4313
0 16 1997
0 44 185
0 14 3934
0 4 3200
0 5 1232
0 17 825
0 28 2670
0 6 418
0 69 402
0 3 106
0 33 1667
0 1 4261
0 44 912
0 44 176
0 11 64
0 14 1305
0 1 2238
0 11 937
0 16 3469
0 5 594
0 44 253
0 16 1865
0 33 1600
0 28 4216
0 5 496
0 14 1092
0 3 903
0 33 61
0 28 1828
0 17 4317
0 44 554
0 5 2812
0 3 1036
0 46 3650
0 15 314
0 2 20
0 39 1125
0 46 101
0 14 207
0 1 2474
0 33 192
0 46 739
0 3 3959
0 46 106
0 52 535
0 6 1602
0 16 547
0 6 77
0 4 3820
0 37 237
0 1 601
0 0 2668
0 69 3655
0 37 548
0 6 3681
0 14 1806
0 6 263
0 36 41
0 15 5277
0 2 921
0 14 111
0 11 3483
0 29 2486
0 69 344
0 16 818
0 5 315
0 14 393
0 14 141
0 46 1785
0 14 155
0 5 203
0 1 2275
0 1 2923
0 1 2201
0 15 4994
0 15 3544
0 6 5193
0 17 1039
0 28 144
0 6 1106
0 4 310
0 36 574
0 1 508
0 33 1163
0 0 2014
0 37 5102
0 1 2477
0 4 405
0 52 1868
0 3 3547
0 6 67
0 14 1094
0 6 2621
0 16 907
0 29 2919
0 36 79
0 4 3506
0 3 1168
0 39 3227
0 11 1055
0 39 374
0 29 2269
0 39 572
0 4 415
0 28 78
0 28 199
0 4 823
0 28 3444
0 4 637
0 52 3472
0 14 19
0 14 140
0 16 200
0 14 241
0 36 1039
0 3 450
0 16 98
0 39 995
0 15 395
0 44 845
0 6 125
0 52 905
0 16 4276
0 1 422
0 1 4002
0 69 3361
0 3 2658
0 33 653
0 37 959
0 15 702
0 17 200
0 14 2349
0 17 1730
0 44 1639
0 37 595
0 17 192
0 29 1999
0 14 642
0 1 1480
0 69 485
0 16 1202
0 39 830
0 3 1537
0 4 3062
0 33 4553
0 3 1690
0 46 2045
0 4 468
0 36 1425
0 28 1600
0 44 150
0 14 276
0 16 968
0 4 4023
0 3 3516
0 0 8
0 28 1142
0 16 1109
0 17 949
0 52 2540
0 69 3938
0 33 4716
0 39 3920
0 69 77
0 1 4944
0 1 2555
0 17 2158
0 1 2432
0 3 731
0 1 1440
0 11 1317
0 6 4831
0 16 897
0 17 4496
0 4 3762
0 36 5242
0 3 336
0 11 223
0 28 124
0 39 1163
0 33 1607
0 15 190
0 36 1427
0 33 4938
0 29 591
0 5 487
0 33 1697
0 6 19
0 4 38
0 1 1545
0 36 3979
0 36 4956
0 46 3464
0 69 4923
0 15 671
0 1 4460
0 4 532
0 39 22
0 2 345
0 1 1836
0 69 192
0 6 672
0 5 3027
0 69 1215
0 2 1217
0 2 738
0 3 1731
0 33 101
0 44 581
0 1 2903
0 52 777
0 16 252
0 36 2261
0 0 2697
0 1 4046
0 11 196
0 1 1391
0 0 4878
0 3 530
0 6 1105
0 15 356
0 11 133
0 36 1115
0 4 1849
0 0 595
0 0 739
0 44 201
0 3 331
0 6 2962
0 1 2704
0 36 708
0 3 1470
0 3 1823
0 2 2839
0 46 604
0 29 27
0 4 449
0 52 3781
0 0 2847
0 0 2842
0 44 1117
0 69 2418
0 4 1369
0 44 372
0 15 2081
0 17 5345
0 28 4985
0 6 877
0 2 153
0 4 1672
0 17 2680
0 0 76
0 4 1787
0 17 1829
0 6 1104
0 16 340
0 16 1028
0 37 903
0 4 3503
0 4 3365
0 52 1107
0 4 1217
0 0 4999
0 4 3579
0 15 580
0 6 3485
0 2 625
0 37 2085
0 36 3731
0 1 4106
0 52 2723
0 33 128
0 14 1105
0 39 979
0 1 2211
0 37 284
0 0 626
0 17 4474
0 3 1148
0 14 2821
0 0 212
0 28 737
0 11 497
0 4 1163
0 14 320
0 36 670
0 39 453
0 28 716
0 37 1772
0 14 3833
0 3 223
0 29 98
0 17 132
0 16 4639
0 1 4629
0 37 512
0 6 2980
0 15 904
0 37 1319
0 0 1531
0 1 2497
0 69 83
0 44 1061
0 28 131
0 16 870
0 39 5143
0 36 2371
0 29 203
0 69 3728
0 37 1022
0 46 2097
0 14 440
0 44 696
0 14 1271
0 1 552
0 15 1251
0 36 511
0 6 4760
0 4 586
0 14 153
0 4 454
0 0 896
0 28 23
0 36 903
0 2 234
0 39 226
0 15 559
0 29 843
0 69 4559
0 37 320
0 16 598
0 69 1139
0 11 2859
0 28 5271
0 3 1522
0 39 531
0 15 3648
0 29 112
0 14 344
0 39 4802
0 36 762
0 14 3799
0 46 486
0 39 403
0 17 4173
0 4 541
0 0 4627
0 33 5314
0 14 2668
0 28 4911
0 16 4160
0 5 94
0 3 659
0 6 4091
0 29 1058
0 11 1141
0 46 1325
0 29 547
0 6 2447
0 1 1436
0 5 393
0 0 123
0 6 152
0 69 226
0 17 454
0 2 133
0 5070 1
0 52 1421
0 69 129
0 3 1169
0 16 1955
0 39 463
0 16 476
0 33 4703
0 16 4603
0 3 221
0 29 23
0 14 372
0 14 4969
0 4 913
0 29 482
0 6 318
0 4 4965
0 0 3985
0 36 243
0 39 81
0 1 2759
0 52 569
0 3 880
0 69 3317
0 5 3887
0 29 1926
0 37 1789
0 11 153
0 4 799
0 0 4367
0 4 5
0 28 4196
0 39 1017
0 69 2060
0 15 81
0 16 367
0 28 774
0 6 4723
0 6 5045
0 39 405
0 29 270
0 36 184
0 3 398
0 37 1735
0 39 1775
0 46 3822
0 37 260
0 2 114
0 6 9
0 14 186
0 39 185
0 0 4295
0 69 483
0 69 631
0 33 1429
0 39 91
0 17 3479
0 1 2535
0 52 97
0 14 1065
0 17 569
0 3 559
0 46 3645
0 36 195
0 4 3149
0 1 4397
0 15 3529
0 46 1809
0 37 1565
0 5 3269
0 6 3521
0 39 1365
0 33 120
0 39 3186
0 17 671
0 29 1131
0 6 652
0 3 43
0 33 62
0 3 2929
0 3 3518
0 28 395
0 5 206
0 37 1238
0 5 356
0 37 4673
0 39 1432
0 39 4572
0 6 5073
0 14 159
0 17 23
0 5 3175
0 44 4294
0 4 3220
0 1 755
0 1 1160
0 17 1082
0 44 4009
0 39 841
0 16 215
0 2 1251
0 52 323
0 3 2681
0 33 165
0 39 4232
0 0 2646
0 634 69
0 0 688
0 29 808
0 6 1237
0 29 1251
0 5 581
0 15 1590
0 0 2789
0 17 4636
0 17 1804
0 33 1180
0 44 3398
0 28 5015
0 16 1959
0 39 62
0 28 345
0 4 821
0 39 903
0 52 676
0 39 715
0 39 4556
0 17 98
0 33 532
0 6 800
0 28 767
0 33 5168
0 6 3489
0 16 2721
0 16 1117
0 3 172
0 36 379
0 5 3756
0 16 2133
0 1 4457
0 29 937
0 3 1516
0 16 629
0 44 418
0 36 1038
0 0 1215
0 16 3432
0 39 553
0 3 2364
0 4 710
0 46 2039
0 17 56
0 6 3061
0 4 845
0 37 3954
0 4 61
0 5 3108
0 6 496
0 4 5086
0 33 222
0 4 3192
0 5 410
0 0 214
0 36 2962
0 2 727
0 3 1711
0 0 1602
0 2 160
0 0 2376
0 44 406
0 37 1568
0 36 1333
0 11 580
0 36 63
0 6 3330
0 5 514
0 17 2333
0 39 1355
0 3 2481
0 29 1796
0 36 515
0 17 1918
0 33 1452
0 1 2525
0 0 846
0 2 102
0 6 4592
0 44 2929
0 37 299
0 14 2721
0 17 314
0 33 3084
0 16 844
0 69 398
0 44 336
0 28 852
0 0 3986
0 4 3589
0 17 3659
0 28 2014
0 3 1462
0 11 866
0 69 2357
0 5 98
0 37 846
0 1 2864
0 52 2410
0 3 1294
0 16 898
0 29 1955
0 0 2860
0 36 2585
0 6 410
0 44 2423
0 0 30
0 3 1609
0 28 758
0 0 2650
0 36 1105
0 28 1599
0 39 3442
0 39 1307
0 29 2421
0 16 2972
0 39 2837
0 6 1591
0 3 798
0 33 374
0 6 4056
0 0 176
0 36 4729
0 36 1850
0 2 284
0 52 346
0 14 4190
0 6 861
0 15 4874
0 14 73
0 4 480
0 1 2471
0 14 1056
0 5 344
0 44 1581
0 14 1231
0 6 1037
0 4 653
0 3 1590
0 0 4828
0 1 4325
0 2 3259
0 6 404
0 37 222
0 36 1962
0 17 2722
0 1 2711
0 4 3113
0 52 976
0 1 4347
0 44 7
0 46 2043
0 5 769
0 16 1182
0 29 5334
0 16 8
0 37 295
0 4 2054
0 4 1011
0 4 3848
0 52 213
0 36 274
0 15 287
0 36 322
0 14 5047
0 6 4444
0 29 200
0 17 237
0 17 144
0 6 456
0 0 3523
0 29 779
0 5 2091
0 3 2877
0 15 806
0 4 3818
0 1 2385
0 17 734
0 17 843
0 1 4320
0 33 625
0 0 289
0 1 3307
0 16 867
0 1 2533
0 3 853
0 0 847
0 69 590
0 29 398
0 46 109
0 16 121
0 37 1972
0 0 622
0 69 81
0 29 1752
0 0 301
0 15 844
0 1 2884
0 36 2360
0 15 172
0 14 230
0 16 1175
0 37 547
0 3 2941
0 33 1336
0 69 734
0 3 212
0 6 930
0 36 4996
0 17 62
0 14 1735
0 14 268
0 1 3306
0 0 1609
0 0 1042
0 16 288
0 4 1108
0 4 830
0 3 274
0 29 715
0 1 2126
0 37 122
0 1 2223
0 6 702
0 28 818
0 17 815
0 6 162
0 15 214
0 33 1583
0 28 3877
0 4 547
0 17 159
0 17 4296
0 15 1787
0 36 61
0 28 4625
0 0 340
0 5 3842
0 16 4421
0 4 1090
0 5 532
0 29 2358
0 6 1278
0 17 1826
0 36 59
0 0 1590
0 69 4925
0 69 763
0 0 455
0 16 2151
0 69 315
0 1 3692
0 36 5237
0 14 832
0 69 1241
0 37 964
0 17 3507
0 4 2328
0 3 3527
0 5 670
0 14 314
0 28 4995
0 4 5235
0 46 1369
0 29 910
0 16 2313
0 37 1971
0 52 162
0 46 1425
0 16 1402
0 5 3106
0 4 348
0 3 26
0 33 384
0 46 281
0 1 4489
0 4 77
0 37 26
0 11 98
0 6 3599
0 17 27
0 37 1877
0 4 1057
0 44 1551
0 17 4293
0 923 3393
0 39 3409
0 46 899
0 17 4477
0 44 205
