0 1
2 3
0 4
5 6
5 7
5 8
9 1
10 11
12 11
13 11
14 15
5 16
12 17
3 11
18 11
14 19
5 20
21 5
1 22
1 23
24 11
5 25
26 5
1 11
11 27
28 10
4 29
30 10
1 31
14 32
14 11
18 33
34 11
14 35
14 36
14 37
38 11
39 11
33 40
33 11
13 10
5 39
14 10
41 11
4 42
43 11
4 11
44 11
45 46
1 10
30 11
14 47
48 11
38 49
45 50
45 51
5 11
44 52
44 53
44 54
44 55
43 33
18 56
57 11
3 58
18 59
3 60
4 61
49 62
4 63
49 64
4 65
3 66
43 67
3 68
49 69
4 70
43 71
4 72
43 73
4 64
43 74
3 75
49 11
4 76
4 77
28 78
38 79
3 80
5 81
28 82
18 83
3 84
5 85
11 86
5 87
28 88
5 19
28 11
10 88
30 88
14 89
44 90
1 91
1 92
5 93
44 94
18 95
39 96
1 97
1 98
1 99
1 100
49 101
5 102
5 103
5 104
43 105
1 106
5 107
5 108
5 109
38 110
5 111
13 88
5 96
14 88
5 112
45 113
49 65
45 11
1 88
38 65
49 114
14 115
3 88
34 10
57 65
5 116
43 95
1 42
11 117
11 118
11 119
11 120
11 121
11 122
1 123
28 124
12 33
44 125
44 96
3 62
28 126
18 127
12 95
44 128
30 129
44 130
34 88
41 110
28 131
28 132
14 133
41 95
33 95
14 134
44 135
12 64
14 69
44 136
44 137
44 138
49 73
5 139
14 140
14 141
44 76
28 142
14 82
44 143
11 144
44 145
44 146
14 147
44 148
14 149
11 130
11 150
11 151
11 152
14 153
14 20
11 154
14 8
14 155
14 156
14 25
4 49
1 157
14 158
14 159
44 160
14 161
3 162
14 23
14 163
57 49
14 164
14 165
3 166
11 167
11 168
11 169
11 170
11 171
11 172
11 173
11 174
4 157
14 175
44 39
44 176
44 177
30 178
44 179
34 177
44 180
44 181
44 182
44 183
44 184
44 185
44 6
44 186
44 187
44 188
14 21
14 26
18 189
18 190
18 191
28 192
44 193
30 194
30 195
48 196
18 197
48 198
30 199
30 200
44 201
44 23
44 202
44 203
28 204
18 205
30 105
44 206
18 207
48 208
48 209
18 210
44 211
30 212
44 213
48 6
48 214
14 215
11 216
11 217
11 218
11 219
44 220
18 221
48 222
28 223
28 224
28 225
48 226
44 227
44 228
48 229
44 82
1 230
14 231
1 232
33 233
3 28
11 234
5 235
43 128
43 233
34 236
34 77
1 237
49 238
49 239
44 240
44 241
41 18
30 242
4 243
18 244
44 245
11 246
11 247
48 248
44 249
4 250
44 214
48 143
44 251
44 252
44 253
48 254
48 255
14 256
44 257
11 258
11 259
11 260
11 261
11 262
11 263
11 264
11 265
44 266
12 200
11 267
11 268
11 269
11 270
28 271
5 272
44 273
44 274
44 275
1 142
28 276
28 97
28 99
11 277
11 278
11 279
11 280
11 281
11 282
11 283
44 284
34 241
34 285
44 286
44 7
48 287
48 288
44 289
28 290
44 291
48 292
4 293
4 294
48 295
48 276
48 296
44 297
1 298
11 299
14 300
44 301
14 302
44 303
18 304
33 305
33 306
11 307
34 308
34 309
5 310
44 311
34 312
5 233
3 313
44 69
44 199
14 304
44 115
1 314
44 315
44 316
14 16
48 317
44 318
4 319
33 320
30 321
30 189
30 322
30 257
30 228
30 323
48 324
18 325
48 326
44 196
48 327
48 328
48 329
48 330
48 331
48 332
4 333
28 334
48 335
44 336
1 337
14 338
44 20
44 8
44 155
44 156
44 25
28 339
28 340
28 341
1 342
14 343
34 344
28 345
34 346
34 347
28 128
48 348
44 349
11 350
4 351
18 352
44 353
44 354
30 355
28 93
14 356
33 357
1 358
33 359
34 360
38 76
1 361
1 362
43 363
43 364
4 365
30 366
30 367
48 368
33 369
48 370
33 185
28 371
28 100
28 372
28 23
39 373
48 374
48 375
4 376
13 377
13 378
13 379
48 380
48 203
48 381
48 291
44 72
44 157
13 161
30 305
30 382
30 291
1 383
28 201
28 274
41 190
41 191
1 76
5 357
5 384
5 385
5 386
49 387
5 388
43 389
44 390
30 391
18 392
28 76
1 393
14 394
12 395
5 396
28 397
28 398
28 399
34 400
11 401
48 402
28 403
18 404
48 405
43 406
10 407
33 408
5 409
5 410
43 411
18 412
18 413
28 414
34 215
11 415
11 416
34 141
1 19
18 417
48 418
34 149
34 134
34 153
34 133
10 419
30 420
30 421
34 422
34 423
34 424
38 425
28 426
30 256
30 155
44 427
44 428
44 429
34 430
34 202
44 431
14 432
14 433
18 434
44 435
14 436
34 437
44 438
44 439
44 440
44 441
49 442
44 443
34 444
34 445
14 446
30 447
30 448
34 274
34 449
34 275
34 143
34 450
48 451
4 452
34 453
34 454
34 455
14 456
18 37
33 457
1 73
44 458
1 101
33 459
30 460
461 30
34 462
49 463
30 464
34 465
1 128
1 442
1 239
5 466
28 467
28 468
39 127
38 238
38 239
48 469
48 470
48 257
48 471
57 103
34 472
11 473
11 474
11 475
18 476
18 426
18 477
48 398
48 478
28 248
10 479
38 177
14 480
48 481
48 482
38 483
38 214
38 484
44 485
5 486
487 11
44 488
44 489
34 490
48 483
30 491
4 492
38 442
1 492
48 493
48 494
38 394
44 495
14 496
28 497
28 332
38 498
38 143
14 499
49 289
1 238
14 500
14 501
34 502
34 503
5 504
30 505
18 506
48 193
48 507
28 19
28 508
38 509
57 105
57 510
12 511
12 512
48 513
48 514
28 515
4 516
34 517
34 518
34 519
34 520
38 466
4 383
33 363
33 364
1 148
1 291
5 521
28 522
28 523
28 524
48 128
48 525
34 526
34 358
1 90
1 527
44 528
1 529
1 530
4 531
48 532
30 315
30 316
30 318
28 483
48 533
49 534
11 535
3 400
14 536
43 357
43 384
44 537
38 538
49 539
14 540
18 541
38 47
14 542
34 543
18 29
14 194
14 195
14 544
14 545
1 546
48 547
1 214
48 548
34 549
34 550
34 551
34 552
34 553
48 554
34 555
34 556
34 193
34 203
34 557
34 23
4 425
48 558
38 82
48 559
48 560
48 561
48 96
41 502
41 503
1 562
33 563
12 257
12 228
44 564
44 565
5 566
12 323
44 567
34 568
44 215
44 141
34 232
44 569
49 570
49 571
49 201
49 193
43 572
44 573
44 147
44 574
44 133
44 134
48 575
4 576
44 577
48 578
11 579
11 580
11 581
43 582
44 583
5 584
44 585
1 570
48 586
48 587
48 588
48 37
48 589
4 427
4 428
4 20
28 590
48 213
4 8
4 496
4 155
4 256
48 290
11 591
11 592
33 593
57 274
34 351
43 143
30 594
34 595
30 596
48 340
49 597
38 80
49 598
48 599
38 600
14 601
39 434
10 602
10 603
10 604
39 205
38 284
10 427
10 428
39 605
39 210
34 606
10 607
39 449
39 193
39 450
13 608
10 609
57 610
57 104
57 107
10 611
57 108
10 612
57 142
57 109
57 111
57 613
57 614
57 615
1 616
30 400
33 617
38 291
4 618
28 400
4 568
30 575
18 619
44 15
30 620
44 621
44 47
30 622
44 623
11 624
38 625
44 626
48 627
18 203
30 628
30 629
30 630
30 631
39 160
48 632
39 37
13 633
13 634
1 635
1 636
38 637
33 638
14 196
33 639
11 640
33 193
33 148
33 641
43 617
14 400
5 642
4 643
18 644
38 193
5 645
5 646
30 325
5 647
38 648
38 649
38 650
28 651
38 313
34 652
34 653
30 654
28 595
14 655
48 656
48 657
48 658
34 659
48 660
34 661
48 662
1 663
34 664
38 289
38 665
30 160
43 563
34 666
11 667
11 668
33 669
34 670
44 671
44 672
48 673
33 674
43 448
5 675
14 676
33 677
33 678
33 679
28 506
44 680
33 681
14 189
33 682
33 6
33 683
33 506
33 684
33 143
33 685
4 686
43 687
49 688
5 689
49 189
38 690
38 691
33 645
49 692
34 693
5 190
5 191
12 694
12 193
49 511
49 512
33 695
43 696
48 697
5 698
33 646
5 699
5 700
30 701
5 702
30 703
41 52
41 53
33 704
33 622
1 705
33 190
33 706
33 191
1 205
33 707
11 708
33 709
41 221
41 371
41 710
41 93
33 126
33 711
28 712
33 384
28 713
1 210
5 714
30 224
41 715
33 448
33 696
33 716
33 717
49 718
33 719
33 720
33 275
5 721
49 722
49 723
49 724
49 725
49 726
12 712
5 727
5 221
49 728
49 729
12 730
43 731
49 199
43 127
49 129
43 104
43 732
5 733
43 734
12 735
12 447
43 107
43 108
43 310
49 736
33 737
43 111
43 738
49 739
43 740
49 741
49 115
49 742
49 454
49 455
49 743
49 596
41 506
33 744
33 214
33 745
33 540
33 746
33 747
5 748
49 749
43 750
43 331
43 751
49 752
12 753
49 524
12 754
49 755
49 756
33 757
33 75
33 758
33 600
12 510
49 759
49 135
49 760
5 761
49 762
43 763
43 764
49 765
43 185
49 766
12 767
49 148
12 768
5 189
43 201
49 769
49 770
49 284
49 771
12 148
49 772
33 773
49 774
49 775
33 776
49 211
49 777
49 778
49 291
49 143
33 202
33 203
34 779
12 114
49 780
49 781
49 782
43 783
43 784
43 785
49 786
12 787
13 788
13 35
11 789
12 593
41 790
33 735
41 100
33 791
11 792
11 793
11 794
11 795
11 796
11 797
11 798
34 799
49 800
34 801
49 76
12 713
14 802
41 124
49 58
12 448
33 381
43 76
49 803
49 66
43 804
49 103
49 526
43 805
34 211
34 291
43 806
49 178
5 180
49 331
33 80
4 807
4 808
5 370
49 82
49 809
49 77
12 810
33 625
49 414
49 466
49 146
49 176
33 811
5 812
43 390
43 213
5 813
49 814
5 815
49 332
33 816
5 817
43 818
5 819
5 820
49 821
5 822
33 823
41 276
41 824
41 732
41 242
33 101
33 825
33 826
34 827
49 828
41 418
33 334
33 427
34 52
33 829
34 194
34 195
1 315
1 316
1 318
41 55
33 830
33 831
49 832
49 697
49 227
49 833
5 99
5 97
5 290
41 834
41 642
18 74
33 835
49 836
33 837
33 838
33 839
43 825
49 840
33 841
44 842
44 843
49 188
49 844
49 845
49 333
49 846
49 847
5 522
43 848
12 849
5 710
48 407
48 90
49 850
12 76
12 851
12 852
41 853
43 110
41 854
33 291
49 855
33 659
33 856
33 572
33 857
41 858
41 831
12 274
49 240
12 859
49 860
5 861
49 862
5 863
44 864
11 865
11 866
11 867
44 622
33 464
49 868
12 104
12 869
12 870
49 831
43 871
49 872
12 873
33 460
41 874
41 875
49 773
41 876
41 872
48 100
48 860
12 877
41 659
48 878
12 879
48 880
48 419
49 881
5 882
49 883
49 884
43 830
5 885
44 886
44 224
12 107
12 108
18 157
33 887
12 109
41 291
41 623
41 146
12 888
33 889
33 890
49 891
12 714
33 199
14 322
41 892
49 893
33 894
41 87
41 508
49 895
43 380
43 202
43 381
49 896
5 506
49 897
49 898
49 899
41 647
49 900
49 901
49 902
41 37
14 903
14 148
41 125
33 904
33 905
13 906
13 907
10 908
33 317
13 736
41 909
39 910
10 911
33 201
41 176
41 148
41 193
41 912
33 913
49 914
49 915
33 29
49 273
33 47
13 143
33 916
13 917
43 735
12 918
3 910
3 215
57 310
12 919
57 714
5 750
10 920
10 921
39 543
39 555
13 922
3 141
39 923
39 47
10 924
39 143
10 925
57 385
57 566
39 926
39 927
39 23
57 386
13 202
13 203
13 928
3 127
57 929
57 930
57 863
57 181
57 727
57 931
57 932
57 933
49 6
13 934
49 935
5 164
49 936
12 937
49 938
49 939
49 940
49 213
12 941
49 621
3 15
3 626
3 942
39 943
5 291
13 313
13 944
13 0
10 945
10 946
12 947
43 695
3 233
3 149
13 103
3 147
13 948
13 949
3 574
3 153
13 677
13 950
39 951
39 952
13 953
41 460
10 954
13 955
10 956
10 957
38 958
14 959
39 960
3 573
3 696
57 961
57 202
39 962
10 963
57 214
10 510
13 964
13 965
41 464
10 966
13 967
10 647
10 968
57 969
10 520
39 970
39 425
39 971
10 972
1 105
10 973
39 974
10 213
10 975
10 976
13 977
39 291
57 978
57 979
57 980
13 291
3 981
10 982
10 983
57 642
10 148
10 984
39 542
10 985
39 934
39 494
13 390
57 584
13 193
57 986
57 189
13 6
13 873
3 0
10 987
13 974
39 29
33 988
39 989
10 990
10 201
39 991
39 992
39 993
57 994
13 995
13 896
57 996
10 997
10 998
10 999
13 469
13 1000
57 1001
10 598
10 1002
10 597
10 37
10 76
57 812
57 22
57 201
10 1003
41 228
10 61
10 1004
10 1005
10 1006
10 1007
13 1008
57 1009
10 1010
3 1011
43 1012
3 275
13 1013
1 193
13 1014
41 1015
49 601
57 1016
11 1017
13 1018
10 464
39 228
13 1019
10 1020
10 1021
30 74
10 1022
10 1023
13 1024
49 1025
13 214
13 148
10 460
13 128
13 1026
3 1027
3 363
49 590
3 1028
3 364
3 357
10 1029
13 1030
3 320
43 1031
12 1032
12 1033
10 907
3 205
39 211
49 1034
57 506
49 249
3 384
3 76
49 545
5 100
10 1035
3 605
12 327
41 449
41 1036
3 72
10 1037
10 1038
3 1039
3 210
49 137
3 1040
10 1041
13 157
10 910
57 1042
57 396
13 696
13 1043
57 1044
57 1045
57 1046
10 1047
39 1048
18 642
13 213
43 1049
10 449
39 1050
3 1051
10 193
10 450
10 1052
39 1053
13 1054
28 1055
3 1056
57 1057
13 1058
10 1059
13 1060
10 1061
10 1062
10 1063
30 573
13 1064
48 67
13 1065
39 1066
49 1067
39 129
41 1068
39 80
10 1069
39 466
39 72
33 1070
39 1071
33 1072
10 64
13 575
49 1073
13 1074
30 1075
33 1076
13 1077
10 555
41 7
33 1078
33 1079
18 647
33 428
13 1080
13 1081
39 600
10 22
13 116
10 23
10 881
13 494
10 1082
3 71
10 962
30 506
10 1083
39 348
10 935
3 230
10 143
57 647
10 224
10 1084
10 135
41 610
38 1085
10 331
57 76
57 1086
10 1087
10 1088
39 913
39 1089
13 1090
10 291
10 1091
13 1092
39 284
13 1093
57 712
39 1094
13 1095
49 1096
33 207
13 23
41 595
3 598
13 1097
41 23
49 732
57 713
1 1098
10 1099
57 80
57 7
49 1074
33 881
43 1100
49 1101
33 1102
57 1000
41 513
13 1103
13 1104
3 1089
33 349
13 1105
49 1106
49 1107
10 543
3 1108
5 1109
49 1110
33 1111
5 68
49 1112
49 1113
5 1114
49 1115
49 1116
3 747
5 2
10 1117
49 1118
12 1119
57 600
12 1120
3 1121
49 957
13 590
5 377
5 1122
41 76
13 1123
13 1124
49 1125
13 1126
3 597
57 1127
10 1128
43 685
49 1129
3 1130
57 449
43 1131
49 20
49 1132
57 143
49 47
49 1133
49 338
57 816
57 450
3 207
12 1134
43 937
49 8
49 1135
49 1136
49 23
43 193
43 225
49 496
57 1137
43 886
43 224
43 148
57 1138
49 540
43 23
3 1139
12 942
49 1140
49 1141
49 1142
10 1143
13 248
10 6
49 29
49 1144
10 185
13 42
10 1145
13 1146
12 773
13 1147
49 203
11 1148
3 42
39 1149
49 202
13 1150
10 1151
10 1152
43 6
49 349
3 1106
49 1153
49 164
5 22
49 607
5 201
3 1154
3 1155
12 1156
10 198
10 587
13 1157
12 1158
57 200
13 1159
12 1160
39 1161
13 1162
10 1163
10 677
13 1066
10 1164
13 1165
39 1166
39 1167
39 1113
10 162
13 1168
13 1169
39 1170
13 1171
13 1172
13 1173
43 1174
13 1175
13 862
39 417
13 227
13 562
10 398
10 1176
10 679
10 1177
39 979
39 625
13 37
10 399
33 1178
39 178
33 197
10 901
41 1179
33 750
10 1180
33 1181
13 1182
33 244
33 1183
41 129
33 52
41 128
10 758
10 1184
10 1185
13 1186
57 562
33 1187
41 703
10 1188
3 541
44 71
13 1189
41 1190
39 994
49 257
33 1191
13 1192
33 53
39 1193
3 197
13 1194
57 1195
13 1196
57 1197
13 201
39 15
33 1198
39 937
33 1199
3 1200
33 1201
13 1073
13 22
3 311
44 736
10 858
10 214
39 621
39 942
3 1202
33 1203
13 1204
39 225
39 224
33 73
3 1205
33 196
33 1206
33 1207
33 1208
13 1209
13 858
39 1210
3 200
10 142
44 1211
57 179
44 1212
33 1123
33 1213
57 598
57 597
3 425
13 784
13 1214
33 1215
57 625
57 1216
12 1217
43 466
33 1218
57 2
33 1219
10 1220
44 881
10 1221
5 379
3 244
33 1222
33 1223
12 425
48 87
33 896
33 875
10 1224
5 206
33 1225
10 390
10 1226
5 1227
49 1228
1 1229
1 1230
13 115
41 886
49 1231
41 1232
49 1233
3 1234
41 189
41 717
41 164
12 1235
33 1065
10 1236
57 555
13 289
41 928
41 1237
12 160
49 1238
33 1239
43 1076
43 204
49 1240
43 791
49 1241
5 60
10 1242
41 1214
33 626
3 1243
43 502
13 1244
33 1209
12 1245
43 503
11 1246
33 1247
5 84
33 418
33 1248
13 1249
33 1250
57 926
5 1251
43 1252
57 1253
41 1113
49 1254
49 1255
49 1256
49 1257
43 1258
10 1259
49 587
10 74
49 1260
12 1261
33 598
33 116
33 597
28 52
33 1262
33 1263
10 1264
57 128
13 1265
13 1239
33 1266
57 135
10 489
43 1267
5 331
49 233
33 1268
10 1269
11 1270
5 1271
49 1272
57 927
3 1273
57 1274
49 1275
33 665
12 407
12 1276
49 1277
49 1278
44 1279
33 632
57 1280
41 90
39 1281
10 164
57 1282
43 1283
33 1284
49 1285
39 1259
41 29
5 378
49 15
5 1286
43 1011
41 1287
33 1276
33 289
41 893
33 1186
33 1288
49 518
12 1289
12 47
41 1290
49 942
49 1291
49 417
43 1292
3 327
43 702
33 442
33 239
43 334
49 1048
43 1293
43 1086
43 1294
12 284
49 913
43 177
41 1295
12 1296
39 76
57 1297
5 161
11 1298
12 1299
57 1276
49 1300
39 82
49 1301
33 1302
57 543
13 1303
13 1304
49 1305
13 1101
5 287
13 1306
10 1307
10 730
13 811
49 1308
49 1309
10 1310
13 1311
5 572
12 130
57 164
5 1312
33 1313
33 1314
57 1315
43 545
39 968
33 224
39 61
39 1316
49 701
13 1317
10 1318
10 1319
39 317
13 679
10 1320
5 330
13 250
10 230
10 340
10 62
49 1321
10 317
49 110
13 1322
49 214
10 955
49 1323
43 520
13 1324
49 1325
43 214
49 1326
10 1327
13 1328
43 1152
49 907
5 276
49 1329
13 1330
10 1331
10 1332
43 506
12 1333
34 1334
13 177
49 26
57 803
5 1335
10 1336
10 179
49 1337
11 1338
11 1339
11 1340
11 1341
11 1342
11 1343
13 1344
11 1345
11 1346
10 1347
13 970
49 21
13 1348
11 502
11 1349
12 1350
13 1351
11 1352
12 1353
13 1354
13 456
3 128
3 130
12 1355
13 1295
10 1356
10 1357
3 407
10 913
10 942
11 1358
57 1359
49 1360
49 506
39 324
11 1361
33 1362
11 1363
41 178
11 1364
11 1365
33 1366
43 1185
13 632
10 1367
13 211
49 225
49 224
10 916
10 1368
10 1369
10 1370
39 128
11 1371
33 1372
3 1088
49 1373
49 1374
13 1375
3 419
10 1376
10 1377
13 1378
33 62
33 72
41 1379
41 995
3 7
10 1380
13 1381
13 647
12 557
12 213
33 76
10 736
10 1382
39 112
12 201
12 1383
41 899
33 257
13 199
48 241
4 105
10 1384
43 1138
33 494
30 1076
13 1385
33 1386
33 1387
33 568
39 1388
39 1389
10 1390
3 331
13 69
30 317
39 1391
57 203
41 1274
10 1316
13 910
33 1392
33 1393
10 1394
3 806
13 1395
41 1396
13 1397
10 315
13 1166
10 930
13 1398
33 1135
12 419
33 686
10 1399
10 316
13 1400
13 1401
10 318
49 72
13 137
57 124
33 1402
11 1403
41 1282
43 287
33 1404
41 1405
13 840
41 214
3 426
13 273
33 228
10 931
39 1406
33 1407
13 1408
13 1409
11 1410
49 1411
18 1237
33 1412
43 1413
41 913
49 179
5 1414
13 1415
41 197
43 288
41 1416
39 1417
49 1418
41 1297
33 1419
41 1420
43 394
39 1421
30 540
49 1422
5 242
41 1014
5 1423
30 1424
3 717
13 1425
3 935
10 1426
3 284
13 8
10 1427
13 155
5 288
43 87
3 115
13 256
12 1428
49 1429
30 324
49 1430
13 496
33 1431
57 1432
41 207
12 1433
5 1434
3 1435
49 1388
12 1436
41 1437
41 1438
12 603
11 1439
11 1440
5 685
13 1441
13 1442
12 1443
5 1444
43 69
41 919
49 1445
13 1446
5 1447
10 1448
13 332
10 773
13 275
49 340
5 327
3 602
10 124
13 500
13 1449
41 1450
33 1040
5 1451
49 1452
57 23
12 1453
5 329
13 802
43 1276
10 1454
57 1455
12 604
3 1456
3 189
57 47
10 1457
49 228
12 602
33 1458
5 1459
39 1460
3 1006
49 1461
33 1087
57 1462
5 1463
41 890
41 1464
43 1465
33 1466
39 730
49 1467
41 101
43 327
10 101
10 1468
49 1469
33 1106
39 1470
10 1471
49 761
10 1472
13 779
39 541
33 1473
41 114
13 1474
49 1475
49 1476
1 1477
43 1151
49 315
49 316
11 1478
49 1479
41 211
49 1480
43 157
49 318
10 1481
49 971
39 842
39 1482
13 20
5 1483
10 583
41 622
11 1484
11 1485
13 1486
12 696
13 1487
10 1488
49 398
39 1489
5 1490
49 478
49 1491
33 103
10 1492
43 1493
57 1188
33 542
11 1494
57 162
5 1495
5 1496
12 611
13 230
43 1497
39 1498
49 1499
49 16
43 241
49 1500
43 935
49 290
43 717
13 1501
10 73
11 1502
11 1503
43 1504
43 596
10 1505
41 1506
49 1507
10 1508
12 1509
39 901
13 176
43 199
10 1510
39 734
41 942
3 1511
49 1512
33 1513
10 1514
41 47
57 211
43 620
49 1515
57 1516
57 1517
3 135
39 203
10 1518
49 1519
33 128
10 1520
13 164
39 202
10 1239
11 1521
13 747
39 292
13 1522
5 1523
33 815
5 308
13 1524
49 1525
12 612
5 1499
11 1526
13 1362
10 466
11 1527
11 1528
10 1529
57 194
5 587
10 1530
13 1438
5 1531
57 195
49 1532
49 419
13 1533
11 1534
41 894
43 774
43 1535
12 275
41 1536
10 1537
12 1538
11 1539
11 1540
5 1541
5 1542
39 148
10 1543
49 215
49 407
49 1544
13 1545
12 211
41 1546
11 1547
11 1548
57 327
41 1480
49 1549
10 1550
49 345
41 773
41 204
5 143
11 1551
43 1552
49 1319
11 1553
39 1554
49 1555
49 642
49 472
5 1556
11 1557
10 202
49 499
10 203
5 1558
11 1559
49 1560
33 1561
39 1562
12 1563
41 1564
49 1565
12 1566
43 164
43 1567
41 230
43 1568
11 1569
49 816
41 1570
41 377
49 424
41 1026
49 1571
5 1572
13 1573
13 1574
11 1575
41 378
43 203
49 1576
5 1055
13 1577
41 379
11 1578
41 1579
49 1580
3 1581
39 139
10 72
49 149
33 311
13 1582
57 1011
49 1583
49 147
39 1399
39 1269
49 393
49 1139
43 1584
13 1585
33 230
39 1586
49 1587
13 1588
41 1589
3 1590
41 161
39 164
39 1591
43 821
11 1592
49 1517
11 1593
11 1594
11 1595
43 1596
49 1597
11 1598
49 1599
41 1600
39 1601
43 129
5 332
11 1602
11 1603
11 1604
33 1605
11 1606
11 1607
11 1608
41 1319
49 1609
5 462
41 244
43 1113
43 1610
33 536
11 1611
43 630
43 1612
43 1613
41 105
49 100
11 1614
11 1615
11 1616
11 1617
11 1618
33 1619
11 1620
11 1621
39 73
41 80
11 1622
13 64
11 1623
39 135
39 1624
11 1625
11 1626
12 331
5 1627
10 1628
11 1629
5 1630
12 29
49 1631
41 1632
41 1462
39 405
5 77
49 230
34 53
12 1633
11 1634
11 1635
33 164
38 1636
11 1637
3 69
39 1326
43 1638
49 0
11 1639
5 1640
49 1641
49 1000
13 1642
13 1643
13 1644
10 1133
49 1645
49 334
10 103
11 1646
49 311
11 1647
39 1648
11 1649
11 1650
13 1651
49 1652
5 328
13 1653
41 225
41 1654
43 211
5 398
49 1011
5 825
5 1276
13 1655
5 478
11 1656
33 1657
28 103
49 1658
5 575
43 1659
11 1660
39 1661
43 1464
41 1662
41 224
49 1663
43 1664
10 1665
13 1666
43 1667
39 330
33 1662
13 1668
10 1669
11 1670
33 1151
10 1671
33 1152
10 1672
33 1673
10 1674
49 712
49 90
49 677
12 1675
12 1676
43 1677
49 1678
43 1679
43 1023
57 62
43 1680
43 1681
5 1678
39 1682
11 1683
11 1684
11 1685
11 1686
49 1687
48 1688
5 1689
10 933
11 1690
11 1691
11 1692
5 1693
12 1694
10 734
33 1638
43 1450
10 1695
10 1696
13 32
5 1697
33 1158
43 1415
41 600
13 1698
49 888
43 1699
43 1700
49 1427
13 1581
3 786
13 1701
13 1702
30 1703
49 1704
43 1705
49 1039
10 937
3 1706
11 1707
41 127
13 1708
43 330
13 1709
41 334
11 1710
57 52
5 1011
49 1711
11 1712
43 1713
41 1714
41 1715
57 53
49 1716
10 1717
41 1718
13 1370
3 810
13 354
39 327
41 1719
12 23
41 308
49 932
10 502
49 153
49 1720
49 1721
49 133
49 574
11 1722
49 1370
13 1723
10 503
39 1724
39 1725
10 1726
49 185
57 69
41 1727
10 1728
11 1729
10 1730
41 1731
43 1732
41 526
57 1294
41 455
41 1733
13 1734
39 696
41 1735
13 1736
13 1737
33 1738
43 483
11 1739
12 607
13 75
11 1740
5 1741
43 291
49 1273
49 1662
41 1742
13 1326
33 1292
10 1572
41 1596
3 104
43 831
13 1743
43 81
11 1744
11 1745
11 1746
49 630
5 981
49 1747
11 1748
43 1749
5 392
49 631
13 436
41 203
49 1170
57 1750
43 910
49 141
5 129
10 1751
49 1752
49 1753
49 1754
43 90
12 566
12 1755
11 1756
11 1757
49 1758
41 685
11 1759
11 1760
5 1761
43 1480
3 107
10 702
11 1762
49 1763
12 1764
13 1765
10 212
28 53
11 1766
11 1767
11 1768
49 1769
49 1770
12 394
14 101
57 1771
13 1772
5 1773
5 1774
49 1775
38 248
3 1776
57 1777
49 553
49 968
10 284
3 199
10 1778
14 642
3 108
49 87
13 1779
49 1780
38 1781
5 340
38 140
13 26
3 109
41 974
13 1782
11 1783
28 968
13 765
49 1016
49 1784
5 1785
28 686
12 1038
43 1784
11 1786
11 1787
11 1788
11 1789
11 1790
11 1791
5 1735
11 1792
11 1793
11 1794
11 1795
57 702
5 729
12 1796
3 714
11 1797
11 1798
11 1799
11 1800
11 1801
11 1802
11 1803
11 1804
41 1066
33 1596
3 1805
49 1806
5 728
49 647
38 1807
11 1808
12 328
11 1809
38 52
33 1810
12 1811
41 284
12 1812
28 1421
41 1813
12 1814
5 1815
5 742
28 589
33 1654
38 1179
11 1816
11 1817
5 590
10 1818
38 1819
41 1820
33 1821
49 1822
14 1335
41 62
10 1823
11 1824
11 462
11 308
11 1697
11 1825
41 1826
39 1370
11 1827
3 1654
43 1828
3 631
5 1829
43 1830
41 630
5 1831
41 1810
38 194
3 773
11 1832
13 1833
12 1834
14 1630
38 195
1 1835
14 1076
11 1836
3 148
57 1135
43 290
28 1224
3 193
38 575
41 1837
5 760
43 942
1 1776
38 1838
43 1839
5 1377
43 1587
11 1840
41 1841
11 1842
39 1179
39 1843
13 1844
14 1653
43 913
10 1845
5 765
43 1738
43 178
11 1846
11 1847
11 1848
11 1849
11 1850
3 1135
43 29
5 23
11 1851
11 1852
43 1853
41 625
43 15
12 287
38 1854
11 1855
11 1390
11 1856
13 1857
43 1858
38 1859
38 203
43 1662
49 713
43 590
1 1860
43 659
38 1861
11 1862
11 1863
49 392
11 1864
11 1865
11 1866
11 1867
11 1868
11 1869
11 1870
11 1871
5 311
12 1872
13 1873
13 1874
12 288
12 427
30 124
1 1875
12 428
38 1876
12 100
49 1877
1 890
14 1878
43 1879
11 1880
11 1881
11 1882
33 373
43 1883
38 1884
3 1609
49 1239
1 605
11 1885
1 1886
28 1887
57 1888
38 1889
14 1890
38 1891
28 1089
38 1612
43 1405
13 1892
13 458
39 81
38 1893
10 1894
14 1239
14 1895
11 1896
1 160
14 630
13 1167
14 1897
14 631
11 1898
38 1899
28 1900
38 333
33 105
11 1901
11 1902
11 1903
33 315
38 211
33 316
11 1904
11 1905
11 1906
33 318
43 1907
11 1908
11 1909
43 860
12 1910
11 1911
49 482
11 1912
11 1913
11 1914
1915 38
11 1916
11 1917
38 1918
14 143
43 1919
43 1920
12 1921
43 1922
49 1923
11 1924
43 1925
1 1926
41 81
11 1927
41 842
14 570
33 1928
33 1929
14 239
41 19
13 1930
48 732
41 462
38 1931
49 1108
11 1932
11 1933
33 502
33 503
11 1934
33 189
1 894
3 179
38 1935
38 560
33 1936
13 99
3 1937
33 1938
3 196
41 402
39 1332
41 135
11 1939
13 97
5 538
3 1835
5 1940
14 1000
41 454
49 1941
10 1942
43 701
33 1943
43 677
3 636
41 1359
13 87
13 1944
49 1945
1 1946
12 506
28 460
43 1492
10 1477
48 239
12 732
33 800
49 61
48 1947
49 142
48 506
1 211
33 1948
11 1949
11 1950
11 1951
44 620
49 610
28 464
43 72
49 1952
5 1953
41 1679
49 1274
5 1954
3 1344
49 81
49 1955
43 1376
33 1956
14 90
44 334
43 1039
43 230
5 178
33 81
33 1957
33 1658
38 1958
38 1959
49 1280
43 1056
5 1960
33 1531
43 1807
11 1961
14 1480
38 1962
49 1282
41 303
38 562
14 1963
43 1964
49 1069
49 71
14 1965
1 176
14 1966
1 623
14 311
12 112
5 47
5 483
43 686
43 242
12 1967
38 1968
5 1969
1 143
14 1970
41 970
49 37
38 1971
41 1972
41 1973
28 1974
38 236
49 1975
5 1976
49 982
28 37
14 647
43 632
28 179
43 1977
41 1978
49 1979
5 1980
14 128
49 1297
5 1981
49 673
38 81
14 1208
49 974
38 77
38 1925
33 1982
11 1983
41 1170
38 1065
41 54
14 85
10 576
14 76
12 214
5 696
44 1089
43 1597
5 1984
49 1985
49 1820
33 642
38 735
11 1986
44 1662
49 1987
43 1988
43 1040
44 1613
43 1989
41 77
49 1990
49 1613
49 1066
38 230
38 1991
33 1992
49 1993
1 1994
49 1995
33 1996
43 1997
43 1998
49 1999
38 2000
33 2001
44 2002
38 513
1 2003
1 2004
14 491
38 2005
49 1596
49 2006
1 112
14 2007
41 1208
49 2008
1 2009
1 189
38 2010
5 2011
41 373
14 1654
1 227
28 2012
14 1891
14 205
38 6
14 434
41 349
43 2013
49 536
43 853
1 2014
49 194
38 202
43 514
43 637
33 786
14 2015
49 195
43 2016
41 2017
5 1475
5 2018
43 207
14 321
43 631
43 1094
49 80
3 332
1 1096
38 189
41 2019
5 2020
5 2021
1 2022
38 2023
38 2024
1 177
5 2025
43 1239
41 15
14 210
43 2026
5 2027
38 381
1 196
43 2028
33 2029
14 816
14 2030
41 1239
49 322
5 425
49 946
5 701
1 1418
38 2031
43 2032
41 2033
1 2034
33 165
41 2035
38 632
1 15
44 2036
1 2037
1 6
12 116
11 2038
33 2039
38 190
1 2040
43 197
43 82
33 1377
43 968
11 2041
41 1613
33 621
12 2042
49 2043
1 2044
41 2045
41 930
38 844
5 601
1 47
12 330
41 730
38 213
14 1450
33 2046
41 931
13 1948
49 1654
49 600
33 2047
49 2048
41 686
38 847
38 573
38 191
11 2049
49 1679
12 1463
1 2050
41 933
14 1048
28 101
43 982
5 2046
43 1945
33 20
43 1108
41 72
14 1151
49 1276
49 1185
14 1152
41 1574
12 87
14 2051
38 1796
11 2052
49 513
5 1662
1 2053
1 213
5 2054
41 978
28 2055
41 2056
1 2057
14 233
38 2058
1 2059
49 1292
5 545
43 2060
38 2014
49 2061
49 2062
1 2063
38 2064
41 2065
12 2066
43 1210
14 937
49 1208
49 2067
1 2068
41 2069
49 2070
43 93
49 1269
13 1210
28 2071
5 2072
49 1963
43 165
14 2073
43 854
14 2074
14 2075
12 2076
49 2077
1 541
1 630
28 2078
43 7
11 2079
43 884
49 1122
1 139
43 967
38 2080
12 1140
1 427
12 689
14 1662
38 1822
49 128
38 1737
12 139
38 1362
43 1590
38 942
38 2081
1 428
1 2082
49 2083
43 2084
1 2085
5 2086
38 2087
5 2088
5 230
1 2089
1 2090
44 200
49 2091
33 8
33 496
43 2092
33 155
33 256
38 2093
38 2094
49 1462
49 2095
41 537
41 1011
33 23
41 2096
14 2097
49 63
33 394
43 2098
43 541
49 2099
43 1273
49 2100
43 2101
38 2022
14 204
38 83
1 146
1 1708
14 2066
14 1258
38 2102
49 632
11 2103
38 317
11 2104
11 2105
28 1066
43 373
1 2106
30 881
11 2107
5 2108
49 702
1 686
1 2109
38 1536
38 2110
5 1362
43 244
49 1895
1 2111
49 155
38 590
43 542
33 647
5 2112
28 2113
28 2114
49 42
33 392
12 746
3 995
49 2115
38 2116
1 2117
41 2118
41 2119
33 583
11 2120
11 2121
12 2122
11 2123
49 2124
28 1731
49 124
28 957
14 135
1 2125
38 913
43 2126
1 786
38 2127
44 2128
11 2129
41 1065
14 1100
38 2130
38 324
49 2131
38 1404
38 29
14 2132
38 888
43 878
49 1823
38 1407
33 703
49 2133
14 2134
11 2135
1 2136
12 2137
12 2138
41 510
43 2139
14 2140
41 463
1 403
49 2141
41 317
43 2142
1 273
38 786
12 290
2143 5
5 496
1 2144
49 625
3 1014
1 20
11 2145
11 2146
11 2147
11 2148
11 2149
11 2150
11 2151
43 1139
49 1362
41 2152
1 8
5 2153
38 157
33 16
1 414
11 2154
5 526
38 2155
11 2156
5 69
38 2157
38 2158
43 690
14 703
38 2159
38 900
38 878
38 1987
38 2160
39 241
43 37
11 2161
33 2162
10 128
33 2163
11 2164
49 1258
41 698
10 199
41 916
11 2165
11 2166
11 2167
41 700
1 2168
13 2169
38 2170
33 2171
41 699
38 1723
33 21
5 426
33 26
5 562
33 2172
12 128
33 631
10 93
33 2173
14 696
14 968
49 2174
12 2175
13 2067
39 52
33 1999
43 2176
10 2177
38 2178
41 2179
38 2180
14 2181
49 2182
13 2183
13 2184
10 538
33 304
33 595
28 2185
14 1027
13 2186
10 2187
10 2188
10 2189
11 2190
12 2191
14 1613
14 348
5 1236
49 1964
41 2192
13 638
38 482
49 2193
43 1055
10 2194
1 2195
28 317
1 272
49 1947
14 29
13 29
14 605
5 858
49 858
5 148
13 63
3 310
13 2196
49 354
5 2197
1 2198
49 67
5 2199
49 2200
49 196
28 324
10 2201
14 275
1 2202
28 2203
38 1089
43 2204
1 2205
28 2206
3 1230
13 853
14 913
38 2207
10 2208
14 620
14 541
4 206
38 348
10 2209
28 2210
43 308
10 2211
10 2212
11 2213
11 2214
3 2060
33 2215
1 496
1 332
10 2216
57 84
49 2217
49 491
49 2218
28 930
33 398
41 179
33 478
14 2219
13 913
28 931
28 1399
34 2220
49 70
12 291
49 703
14 2221
57 284
13 21
14 1292
49 2222
14 1399
14 2223
14 127
43 2224
49 2225
43 1772
33 112
28 933
41 702
38 64
4 1016
49 2226
10 2227
38 2228
14 2071
43 868
3 291
43 872
14 2229
14 2230
1 587
14 1050
14 942
33 2231
3 389
38 642
38 2232
14 1170
14 2233
14 747
1 2234
1 2235
1 956
3 2224
3 2236
1 702
38 2126
43 2237
14 2238
49 348
11 2239
3 224
43 2240
43 2241
3 1103
3 2242
49 568
3 2243
12 2244
1 1062
43 2245
41 2246
11 2247
11 2248
5 2249
28 1318
48 2250
11 2251
11 2252
11 2253
5 271
14 595
30 2254
33 377
11 2255
11 2256
12 2257
14 160
33 378
14 1136
11 2258
49 2259
33 673
33 379
43 2260
14 61
49 2261
14 562
14 0
1 2262
14 1567
38 610
49 507
1 2263
14 2264
38 2265
49 2266
33 161
1 201
28 1552
14 1568
38 1313
38 2264
14 2267
49 256
14 2268
14 1587
38 2269
11 2270
11 2271
14 699
41 811
38 2272
43 2273
11 2274
38 2275
38 2276
43 885
41 1398
14 700
1 2277
14 2278
14 2246
10 276
11 2279
11 2280
3 2281
14 1596
12 2282
28 1718
5 228
43 2283
5 1262
13 1055
43 2284
14 2285
43 1000
38 1116
11 2286
11 2287
33 499
5 2288
14 505
38 1985
12 2289
14 2290
48 2291
5 220
12 2292
14 1574
14 2293
1 2294
10 250
14 1314
33 387
13 2295
11 2296
41 2297
10 308
10 2298
10 2299
12 2300
41 1151
41 1152
10 1489
14 970
38 2301
3 2302
41 2303
14 974
1 2304
3 2305
33 956
10 2306
49 425
28 1294
39 2307
33 2290
1 642
41 816
5 1185
28 81
10 2308
5 215
33 2309
12 2310
11 2311
1 290
28 69
14 2312
13 70
11 2313
14 2065
14 698
1 194
49 2314
1 195
11 2315
3 635
5 2316
14 702
49 2317
49 292
5 442
5 239
41 1189
5 141
38 583
49 2318
49 1076
41 2319
12 642
11 2320
33 139
38 2321
1 287
12 2322
28 545
41 1280
1 1954
1 288
1 2323
12 1753
41 2324
34 1069
1 2325
11 2326
11 2327
11 2328
11 2329
12 2330
57 2331
41 638
18 200
12 2332
5 133
5 153
5 147
5 149
14 1784
49 330
43 2333
5 73
49 2334
41 2335
33 1480
33 1319
41 1501
12 2336
49 308
1 583
28 110
41 2337
28 2338
28 2339
33 2340
49 2341
43 1179
18 2342
12 97
5 2343
33 2006
43 2344
43 2345
14 2346
12 74
12 99
41 2347
43 2348
5 2349
43 2350
41 6
12 1963
49 2351
14 701
43 2352
33 482
33 206
38 67
3 330
44 104
14 2353
12 2354
33 2355
38 206
33 813
44 107
44 108
28 105
44 310
5 238
43 2347
1 585
5 1406
44 111
44 2356
1 2357
41 2358
49 696
41 2359
49 2360
33 2361
33 176
33 623
33 213
49 2362
14 629
33 1100
14 1504
14 1955
33 0
41 73
49 1190
38 128
14 2363
14 1585
38 390
14 2364
30 916
28 129
14 2365
14 2366
14 2367
38 597
28 2368
14 317
14 2369
14 962
41 2370
14 2371
49 343
28 730
1 643
5 2372
5 394
28 0
38 736
43 2373
41 2374
1 2375
33 1062
33 570
5 130
28 2376
14 2297
14 842
14 1189
14 928
33 538
41 239
14 114
41 387
38 2377
49 1998
5 2378
14 2379
43 317
49 910
43 642
41 202
33 2264
43 2006
43 2380
14 324
5 510
43 729
14 1295
5 1066
38 2381
14 2382
5 2383
38 2384
43 2385
43 575
43 248
12 135
43 2386
1 1963
41 304
12 2387
33 2388
49 2389
33 1998
49 2390
41 2391
5 2392
41 626
5 2393
43 916
43 2394
5 193
49 510
49 1997
14 2395
43 2396
33 2092
43 2397
14 224
1 2398
14 42
1 2347
1 2399
5 2400
1 155
43 970
49 2401
14 482
33 2402
49 2403
1 1895
28 2404
33 204
11 2405
5 2406
5 274
5 2407
38 373
49 2408
43 2409
5 2410
5 2411
49 2412
49 156
1 2413
1 2414
43 2415
2416 11
49 134
5 2417
41 201
14 331
12 632
41 2418
13 1525
41 2419
33 2420
12 2045
1 1151
1 1152
1 1089
5 2421
5 974
5 2418
12 2422
33 19
49 2423
38 2424
38 2425
14 2418
43 2426
28 178
33 770
33 2427
33 2428
33 2429
12 2430
48 114
48 2431
41 2432
30 2433
39 74
14 2434
48 2435
43 2436
1 758
57 881
33 2437
38 816
38 557
38 1957
38 2438
49 2439
49 427
43 526
33 842
33 526
49 2440
33 454
33 1113
33 215
33 455
49 2201
33 157
5 275
41 74
33 1450
33 2441
33 141
12 235
14 2442
33 42
12 913
33 2443
28 42
49 583
3 427
33 124
33 149
5 2444
33 153
33 147
33 574
49 2445
41 483
49 1152
49 1151
14 2446
43 194
43 195
43 1378
43 2447
5 1417
43 2448
43 2449
12 2450
12 521
28 978
38 1422
5 2246
5 1189
3 201
5 2451
5 745
5 214
38 2452
49 207
5 2453
38 2266
43 2454
1 340
12 745
49 2455
13 2456
49 2457
39 0
49 2458
43 2459
57 677
1 124
57 2460
49 2461
10 376
33 2380
13 2462
33 729
39 53
13 1274
10 2463
13 2464
34 2465
13 1100
30 1963
13 16
13 1076
10 2466
49 735
13 2467
12 2468
10 183
10 311
10 2469
38 673
12 491
12 2171
13 1280
10 2470
39 2471
10 2472
39 890
13 2473
33 742
39 2474
13 1282
12 2475
57 213
57 390
10 2476
33 2477
33 760
13 1297
33 765
13 2478
10 2479
33 2480
39 2481
10 696
14 1641
10 2482
13 2483
10 2484
33 2485
13 1596
13 207
3 428
57 185
13 2374
10 2486
57 946
13 2487
57 2488
13 773
13 1714
13 2480
39 199
10 313
39 894
3 2456
33 620
3 2489
33 2490
3 2491
10 2492
3 1671
12 2493
13 1613
33 910
3 1672
33 701
3 2494
3 37
39 2495
13 630
10 565
10 2496
39 214
13 2418
39 598
13 1319
13 536
49 2497
13 2498
13 685
3 1945
57 2489
10 196
49 197
10 2499
38 1276
14 1276
3 2067
39 610
49 2500
33 2501
3 143
3 1751
3 967
3 1717
43 2502
13 2503
10 2504
10 387
33 1960
33 1641
57 2505
49 244
10 239
57 489
57 1895
57 573
57 2423
3 63
1 613
43 2506
3 2507
33 2508
14 2509
3 2510
3 469
43 426
48 2511
10 2495
13 2512
13 2495
28 980
5 686
13 1813
33 630
13 483
13 2513
13 2514
13 1188
11 2515
13 506
39 6
38 1272
10 349
13 1654
13 2516
57 148
13 2517
57 291
57 60
13 942
28 2432
57 2518
39 213
57 538
10 2519
13 1048
33 255
10 2520
33 1981
14 2521
12 2522
39 2132
39 1641
3 2523
3 211
33 2524
10 184
13 204
10 1011
49 2525
49 327
57 55
3 1071
57 29
13 2526
3 873
10 2527
3 896
38 155
13 1480
13 47
49 2528
1 400
3 2529
39 166
14 2530
3 1066
28 2531
39 162
49 2532
28 779
13 2533
39 2456
5 2495
57 6
57 773
13 1422
43 2534
13 1294
5 211
10 127
49 694
13 189
28 2535
10 2536
13 464
39 614
10 2537
39 615
13 642
57 913
11 2538
11 2539
11 2540
57 460
2541 13
34 322
13 460
13 2542
1 115
39 146
10 2126
5 942
14 1998
33 66
57 464
49 2543
5 913
10 2544
57 1121
3 82
41 2545
57 2546
13 2547
11 2548
1 69
39 257
39 583
13 1955
39 830
39 1822
10 2549
13 1202
13 2550
11 2551
13 707
3 417
33 2552
1 2553
10 1306
10 831
1 2554
13 197
10 2230
13 1071
10 573
39 2555
10 2217
39 1552
39 157
3 1166
43 1675
13 244
13 2556
39 556
1 2489
43 855
49 2557
13 2558
39 1323
13 2559
39 779
39 177
49 674
10 2560
3 2536
34 855
34 872
34 881
1 2561
14 1281
13 343
13 2562
39 773
10 290
13 659
39 623
13 1462
13 2563
14 2545
12 617
39 2564
3 134
11 2565
10 1000
13 1258
11 2566
10 2567
1 860
10 854
39 1099
39 707
10 2568
43 2569
49 2570
13 2571
13 2572
43 2573
28 304
10 885
11 2574
11 2575
11 2576
11 2577
3 29
57 1100
3 454
43 2578
3 526
39 854
3 455
57 686
3 1362
39 62
3 2579
39 1415
43 189
13 76
3 672
11 2580
3 2581
11 2582
3 1109
3 595
1 2583
13 2584
11 2585
11 2586
12 1536
13 874
13 607
13 620
39 2587
39 2588
13 545
39 2053
13 190
13 2549
13 2589
13 1872
13 701
39 242
11 2590
3 2591
39 1481
13 732
11 2592
11 2593
13 885
14 2594
10 2595
10 2596
13 831
57 2581
57 530
13 2597
13 62
10 855
10 2598
33 728
1 156
3 1735
39 2599
11 2600
11 2601
33 1422
39 2602
13 884
13 2603
33 2604
33 2605
11 2606
13 191
57 1596
13 284
13 2438
39 2607
13 2608
3 1921
13 2609
57 860
44 2610
57 2611
41 2612
41 2613
11 2614
11 2615
13 2616
39 189
13 1094
39 2617
13 872
13 1700
44 407
33 2011
11 2618
11 2619
11 2620
3 2621
10 454
57 1654
57 2059
28 2457
13 2622
13 2612
3 2084
3 70
10 2623
13 2402
57 955
10 526
13 868
10 2624
5 2625
11 2626
11 2627
12 1065
14 2628
14 2629
38 2630
10 455
11 2631
57 2529
13 854
43 1066
10 2632
33 855
33 146
13 2633
11 2634
3 870
12 486
3 928
10 2635
10 886
39 658
13 334
49 2636
49 448
28 177
44 1587
44 2637
12 1208
3 133
39 595
49 685
44 2638
13 2639
3 241
44 1784
44 1480
3 1167
28 74
1 831
33 2640
33 1173
33 211
57 425
10 631
3 164
3 1820
48 1699
13 989
41 2074
44 2201
3 185
12 409
57 868
28 2641
57 2642
10 1179
12 1185
12 333
13 2643
41 143
43 349
13 1206
5 2641
5 1437
49 212
39 206
39 2644
43 2645
57 2646
57 2126
43 2647
39 2028
39 230
10 1925
5 207
12 1977
39 872
41 213
33 1101
13 1970
13 2648
57 315
39 735
1 394
10 2649
33 227
49 22
44 2006
44 913
57 204
57 318
57 2380
33 629
13 1292
57 729
41 884
13 1784
41 2650
13 2651
39 456
49 2652
13 2653
12 494
12 272
13 2654
57 742
5 2655
57 58
13 726
5 1612
38 514
57 2656
5 199
13 2657
13 255
11 2658
11 2659
12 1123
48 2660
57 696
14 2661
41 2662
13 2663
11 2664
11 2665
13 15
13 1227
13 686
57 2666
44 1654
57 2667
44 631
11 2668
41 2269
39 2669
57 759
39 2670
13 2671
10 2065
57 2269
13 1262
57 596
3 2584
41 855
41 2136
28 2096
49 1080
41 542
43 2672
13 77
13 19
39 2673
3 206
57 760
41 273
33 2674
33 1210
11 2675
11 2676
57 2677
49 1582
10 1718
11 2678
13 2266
39 196
3 139
49 2679
3 47
49 2680
39 381
39 464
10 2681
13 2307
10 2682
33 2683
10 2684
13 1662
10 2685
3 2307
57 765
3 2686
13 1587
39 2687
57 275
3 603
43 2688
1 2689
10 1421
39 460
43 2690
14 2307
3 2691
3 901
5 155
11 2692
11 2693
3 831
5 156
43 2694
13 1450
13 631
43 2695
13 2696
43 2697
13 780
10 703
13 2698
43 2699
57 2700
3 274
10 1613
57 1921
43 2701
11 2702
11 2703
57 2704
10 2705
57 77
41 607
13 1796
43 2706
57 2707
57 630
28 2708
2709 11
11 2710
11 2711
10 434
43 2712
57 747
57 116
1 2713
10 2714
38 1055
10 1391
3 2715
49 1294
33 64
10 2716
11 2717
3 2718
10 1654
5 115
39 124
10 2719
49 2623
39 2720
5 1267
1 2721
43 2722
57 2307
10 1807
41 1095
11 2723
57 2724
57 2725
43 1734
13 2726
13 572
57 749
13 1567
43 1087
49 593
11 2727
57 1422
33 2728
33 15
43 2729
5 29
13 2730
10 2731
39 786
49 2732
10 2210
11 2733
10 1210
28 327
57 2728
11 2734
43 2735
57 2736
43 1377
10 2071
44 419
57 112
57 2737
49 2738
13 2739
33 2740
3 2741
57 289
5 197
39 2742
57 779
3 1194
5 244
43 2743
11 2744
43 2745
43 2746
57 316
13 2747
57 2748
43 2749
13 241
3 449
43 2750
11 2751
3 2752
3 885
11 2753
3 450
10 158
43 2754
43 2755
43 2756
57 545
11 2757
28 87
1 2758
39 601
13 2759
57 1636
10 1122
11 2760
39 69
12 2761
14 2762
43 2763
10 2764
12 2765
14 103
11 2766
3 2767
38 728
38 1953
10 1699
13 179
1 491
13 52
57 74
38 2768
13 80
13 1272
13 1810
57 2768
3 2721
43 2514
49 2769
3 530
14 1822
38 742
13 600
10 1596
13 228
14 2770
10 2771
57 248
1 2772
41 286
38 2477
41 2773
38 760
38 765
10 2774
33 2775
41 227
39 545
1 1066
39 1135
10 205
13 1089
38 2776
38 58
3 2777
3 112
3 2778
3 2779
39 2780
13 1281
13 2781
57 728
57 2782
57 1953
10 605
13 200
11 2735
3 2783
57 2784
3 2785
10 1406
1 637
13 2786
39 2787
39 2788
10 210
12 1992
13 2789
57 2790
41 868
49 19
57 2791
33 937
57 2792
12 2793
57 2794
13 2795
13 2796
10 334
3 1875
43 2797
39 338
39 2798
57 115
39 2799
39 8
10 1554
43 2800
39 860
57 830
49 2801
57 290
13 2802
39 1185
43 2803
57 2199
43 2804
57 230
10 2805
38 916
43 2806
38 469
39 2807
38 2643
3 394
10 1562
34 301
3 1055
38 2808
3 2809
39 2810
43 2005
14 463
39 855
43 2811
14 2812
43 2813
28 90
38 729
43 2814
10 1648
10 700
10 1417
43 2815
57 139
43 2816
3 2044
3 860
57 1387
39 20
39 114
10 2817
43 2818
43 2819
43 2820
10 2821
10 1326
57 345
43 2822
39 496
39 155
39 156
48 2823
48 2824
3 538
14 773
57 2825
39 42
43 2826
38 896
38 873
13 2045
13 373
10 1661
3 2457
57 2827
39 1274
3 745
10 878
3 1700
3 2828
38 2829
38 200
13 860
3 1872
38 2830
13 702
14 1589
1 2831
38 2552
39 2832
38 2833
10 1586
39 2834
14 2835
14 80
13 2741
10 1480
1 2836
28 1966
41 2837
14 2838
38 2380
10 860
1 597
1 2839
3 637
39 2835
13 7
13 2840
39 2841
39 1396
13 257
48 347
39 2842
39 2460
3 90
39 1297
3 502
39 2843
57 2844
13 625
38 1831
38 1981
13 74
57 271
4 2845
1 2846
3 2846
39 16
3 1208
14 2847
14 284
14 679
39 885
10 2848
10 2849
3 93
1 2850
38 2851
14 176
39 1282
14 2498
1 129
39 26
14 677
14 146
13 2852
13 347
13 2853
39 2854
57 502
39 2855
14 600
10 610
10 327
39 597
10 354
10 2856
39 130
3 1294
1 2857
39 21
38 2858
48 1925
14 193
38 66
10 2859
10 2842
39 2860
3 2849
3 214
38 2508
39 1382
14 390
14 2603
39 2861
13 2862
3 2863
3 111
14 2837
57 2673
1 2849
3 545
14 2864
3 630
14 2865
13 1853
38 90
3 816
28 189
10 2661
14 6
14 2866
10 2867
13 809
10 47
10 2438
14 1413
3 727
28 7
10 2868
10 2869
3 2870
57 99
39 1145
3 819
57 97
39 2871
3 2872
10 2873
10 2874
39 506
57 193
14 622
39 185
14 185
13 2075
14 621
57 1099
38 395
14 2875
11 2876
57 372
1 2877
28 127
10 2878
3 2879
14 157
39 2880
39 2881
39 2882
57 93
3 2883
34 2884
3 156
10 1065
10 2885
1 29
14 2115
30 598
39 2886
10 2603
14 736
10 2887
38 2888
30 597
4 2889
39 2890
10 627
10 1725
10 2891
57 2669
38 405
38 2849
14 489
10 2892
3 2893
3 2894
1 930
38 1960
3 542
39 1480
13 2895
1 931
38 2896
39 2433
48 1055
14 627
39 713
13 2897
13 2898
14 625
4 2899
28 226
14 2900
57 228
3 2901
57 2902
14 671
38 2088
10 1930
39 544
3 2903
10 1123
30 76
39 712
14 2904
14 2905
14 139
38 2906
14 672
10 1050
14 201
14 112
3 6
13 786
1 2907
13 2908
28 64
28 211
10 2909
1 933
10 2910
10 2911
10 1587
39 2912
39 201
10 458
10 2913
3 2914
14 2915
14 1370
14 2916
39 1596
57 322
39 2917
3 87
14 186
57 2918
48 2919
57 340
39 1462
14 2920
39 1613
38 1288
1 178
14 2921
44 2194
38 2794
44 2922
1 516
39 2923
39 2924
39 880
14 2925
10 2926
39 2927
3 2928
3 572
3 292
57 2929
57 257
1 32
38 2930
10 507
3 2931
10 287
14 2932
14 2933
10 2934
10 2935
57 2490
44 677
3 1326
28 197
10 2936
14 2126
10 2937
10 1389
14 2203
39 2210
39 2938
38 2939
3 913
14 2940
13 2941
1 1344
1 2942
3 762
10 2943
1 803
1 2944
3 2945
1 197
44 2946
28 116
44 703
3 155
10 514
10 2947
39 499
44 1190
3 343
3 2948
44 955
14 506
38 1815
10 506
3 2641
14 2949
14 2950
57 2951
38 2011
13 2061
14 2952
14 2953
14 2954
10 513
1 784
14 2955
14 2269
28 207
14 2956
14 2957
28 967
44 2061
44 1276
44 681
44 1895
44 496
44 2958
14 2959
13 718
14 2960
3 2005
38 1379
44 2961
44 935
14 1286
38 995
14 455
39 2962
10 332
39 2963
1 64
39 2964
1 2641
14 454
10 1784
57 2965
14 1319
10 2966
10 1889
10 477
14 1026
38 956
28 870
33 137
1 2152
33 1306
10 690
38 55
14 213
57 1963
13 2782
3 460
57 2967
14 1511
39 426
14 241
38 1014
39 2968
39 2969
14 2970
38 53
3 2971
14 1362
3 464
3 1065
14 572
39 2972
10 288
1 207
3 2973
41 137
13 886
41 2974
13 224
13 1985
33 138
41 729
33 1175
3 466
3 2975
41 728
41 2976
3 2525
1 1190
3 632
1 1113
3 2977
10 211
41 1382
1 2978
1 2979
12 967
41 2980
14 327
33 895
41 937
57 469
39 2981
10 2982
57 371
33 2196
3 124
14 2983
38 2108
14 526
39 2984
39 2985
14 1095
41 1981
1 978
14 1753
1 2986
10 1267
41 2987
3 1087
11 2988
1 1294
14 274
39 2989
11 2990
14 2991
14 2061
14 2992
13 2993
33 2994
5 179
39 2117
57 2995
57 2996
49 890
49 2997
13 2998
13 2999
28 1582
30 128
10 3000
10 400
39 3001
3 623
14 717
10 100
3 2130
3 146
3 213
3 3002
1 3003
28 698
3 1354
57 3004
38 595
14 935
1 87
38 15
28 244
1 3005
38 2086
14 3006
3 3007
14 3008
10 328
5 1287
14 573
49 3009
39 1574
39 480
12 3010
14 1438
38 713
3 3011
1 3012
5 3013
38 712
43 3014
5 1613
43 3015
39 3016
44 99
12 3017
44 2933
49 1581
10 2864
5 3018
44 675
44 97
49 894
28 699
28 700
43 3019
49 3020
14 419
39 3021
44 100
43 989
57 68
14 3022
38 1207
14 407
12 164
1 3023
10 485
10 560
1 631
10 3024
39 3025
11 3026
14 326
11 3027
38 75
10 3028
11 3029
10 2070
10 3030
13 3031
12 2584
13 79
14 3032
12 3033
12 3034
14 3035
14 2491
57 3036
57 3037
10 3038
57 398
38 2736
57 478
12 3039
1 244
38 2641
14 3040
14 3041
33 862
38 2648
1 3042
39 3043
10 1190
1 816
57 2842
12 1071
10 3044
14 568
10 3045
3 713
3 712
3 418
14 916
3 1463
3 1401
57 129
57 3046
28 873
38 1552
1 419
13 598
38 3047
13 2132
13 597
13 3048
3 19
28 205
3 3049
3 23
14 3050
3 3051
57 276
41 1815
41 2011
33 3052
33 901
41 3053
13 1116
10 3054
10 29
12 2269
57 3055
38 3056
14 485
38 3057
1 2096
41 809
14 334
10 3058
5 1190
41 575
28 210
1 407
14 2070
1 3059
13 3060
38 201
28 1609
1 1265
14 3061
48 484
38 2728
14 3062
14 341
14 3063
3 3064
28 874
14 3065
14 3066
43 809
14 3067
14 3068
14 292
14 347
18 230
1 3069
28 1873
5 1127
3070 11
12 590
34 3071
14 1368
3072 3
1 3073
43 3074
13 2070
1 3075
38 148
10 80
10 189
1 2070
39 959
41 1306
39 3076
28 896
39 1294
1 520
41 830
1 2075
14 3077
28 405
39 3078
1 380
49 2715
39 1818
13 1257
39 3079
12 1166
39 19
12 1167
10 1080
10 2851
57 87
38 758
57 3080
10 637
41 934
41 2875
39 903
41 3081
41 1415
10 816
38 506
13 1641
38 2387
38 2076
10 3082
38 872
38 3083
1 2209
13 3084
43 890
1 331
38 1700
48 1754
39 1777
38 3085
39 831
48 1000
57 178
38 856
41 3086
57 2053
41 860
28 2209
12 728
14 81
12 729
41 2643
41 138
14 107
41 196
33 1304
12 1960
5 610
43 894
5 1208
10 3087
41 2648
43 2503
41 112
41 3088
49 3089
12 3090
12 255
10 600
12 3091
12 1981
38 830
33 3088
41 289
5 3092
33 114
33 3093
33 774
5 3094
5 3095
41 873
5 1700
5 1754
5 3096
5 3097
43 3098
49 3099
33 2045
5 1699
41 3100
33 2730
5 3101
14 405
12 103
12 3102
43 0
39 3103
43 956
33 854
43 101
43 418
33 135
33 884
49 3104
5 868
33 1415
33 872
28 3105
28 333
5 3106
13 855
39 3107
10 1450
34 311
49 967
34 3108
1 452
5 3109
38 860
10 3110
12 3111
10 3112
10 3113
5 595
39 3114
12 1701
10 673
10 3115
12 1274
10 575
43 3116
34 3117
43 3118
49 275
10 625
1 1777
5 831
43 621
39 3119
12 244
10 786
41 409
43 3120
33 127
41 1096
41 3121
12 1249
33 477
39 2269
12 1448
33 1955
12 197
39 3122
41 2085
10 3123
49 874
41 3124
28 331
33 3125
41 3126
14 886
12 1048
10 540
12 1280
41 562
13 3127
33 3109
13 3128
1 1176
57 199
10 3129
5 345
49 3130
3 686
12 1297
12 1282
33 3131
39 3132
28 3133
38 3134
12 207
41 3135
41 870
12 3136
10 3137
41 1055
39 676
41 248
57 196
10 1987
10 3138
10 1055
41 3138
49 3139
10 67
43 587
33 2946
48 809
33 541
41 3140
5 76
41 2622
33 3141
5 3142
5 597
41 3143
5 598
49 3144
43 2215
12 1481
49 3145
43 398
13 3146
43 425
43 2605
12 3147
10 3148
33 175
39 380
43 3149
10 3150
11 3151
41 3152
5 146
14 3153
33 1481
41 596
41 967
49 3154
49 276
41 3155
41 139
41 3156
49 3157
33 3158
5 542
33 3127
12 3159
41 3160
41 2563
43 2210
43 3161
41 3162
48 3163
14 3164
33 3165
12 2088
14 3166
33 390
33 425
41 3167
49 3168
43 3169
49 2611
12 3170
49 494
12 3128
41 2730
33 1080
5 3171
41 2115
10 1738
12 2086
41 2905
5 623
43 1475
12 583
33 405
43 257
5 3172
43 522
1 2997
5 3173
43 710
43 3174
44 2371
39 3175
49 3176
43 3177
43 626
12 1529
43 1062
5 200
44 37
43 1089
5 3036
12 3178
12 3179
41 3180
5 3181
12 3182
43 3003
5 1405
49 3183
49 3184
49 3185
43 3186
41 946
41 3187
11 3188
41 3189
41 2514
39 2929
43 3190
12 2681
41 3191
11 3192
11 3193
11 3194
41 2835
5 3195
43 3196
11 3197
11 3198
11 3199
12 2728
43 3200
43 765
39 3201
34 3202
11 3203
11 3204
33 565
41 679
33 2189
41 469
11 3205
11 3206
44 948
44 1113
11 3207
41 2639
12 1984
41 2086
5 1239
41 3208
13 3209
10 1085
13 3210
33 1104
38 3128
41 1407
41 1532
41 185
41 3211
12 1462
41 977
41 1040
41 1326
33 2212
43 3212
43 3213
49 469
49 3214
49 3215
1 3216
49 1163
12 1332
43 3217
38 1473
39 1015
39 3218
5 3219
49 1176
5 550
39 703
10 361
39 3220
39 204
41 3221
49 1166
13 407
5 3222
49 1071
49 99
33 1089
5 213
38 3223
41 718
41 115
49 97
38 175
10 3224
43 3225
43 3226
41 1960
33 3227
5 390
41 3228
39 1997
5 3229
33 3230
41 590
13 1129
41 256
41 155
33 242
3 1274
10 3231
33 3232
39 3233
39 540
3 1396
3 1282
49 3234
28 3235
13 540
10 717
3236 41
39 3237
43 354
5 3238
5 286
5 527
3 3239
13 1040
41 560
41 208
41 3240
10 3241
5 227
5 80
41 3242
12 759
12 1378
12 1086
43 2457
43 3243
43 99
3 1297
39 1895
57 1080
43 97
14 3244
14 3245
57 1209
12 3246
5 874
43 3247
44 1000
49 3248
5 257
43 2070
49 3249
10 3250
5 1977
43 124
43 3251
43 3252
12 3054
12 1138
49 3253
49 1314
43 42
14 3254
14 3255
14 3256
39 3257
5 773
49 3258
39 3259
49 870
12 2736
13 1822
12 145
49 3260
49 3261
28 562
5 135
38 3262
12 760
49 3263
5 3264
41 439
13 3265
14 1190
14 858
33 1274
14 3157
33 1280
12 3266
38 3267
38 165
5 203
1 3268
5 2357
28 510
5 3269
14 1206
38 127
12 868
12 3270
41 69
38 868
14 1665
5 860
33 1297
33 713
41 20
41 8
41 343
41 480
14 3271
38 3272
13 419
33 712
33 3273
13 3274
5 600
14 3275
14 3276
14 129
14 3277
38 315
39 2823
38 701
43 417
38 316
14 521
43 3278
5 2136
5 273
12 3279
49 428
33 466
14 3280
43 228
14 3281
33 3282
38 318
12 2527
38 1167
12 3283
49 2805
38 3136
10 3284
3 1462
38 3285
38 1249
12 1831
14 3286
41 1831
49 2338
5 625
49 3287
5 3288
41 760
49 3289
49 1415
5 177
5 3290
41 765
1 3291
43 1368
49 3292
38 3293
49 3294
5 2721
43 1380
18 101
43 2307
14 3295
38 1285
5 636
14 3296
49 1357
5 430
14 2821
48 1257
5 884
13 3297
14 831
49 885
12 3298
14 1113
43 2360
43 3299
12 1699
1 110
38 2490
14 3300
39 3301
5 659
12 659
10 248
14 417
5 854
39 3302
30 2450
38 3303
30 3304
48 3305
14 3306
38 2310
28 190
38 3307
12 3308
30 3309
14 3310
38 179
11 3311
13 90
11 3312
11 3313
11 3314
11 3315
14 2587
11 3316
1 659
1 3317
10 1274
48 3318
39 1955
39 3319
39 379
57 2997
38 730
39 3320
11 3321
30 343
12 3322
10 3323
38 3324
5 855
38 2740
39 3325
38 3326
39 378
39 534
39 3327
41 617
39 3328
13 3329
38 759
14 3330
28 191
33 1282
41 2679
41 2680
33 1462
3 625
3 600
13 3331
10 1297
13 2728
14 1754
10 2380
10 729
39 275
10 742
10 1396
57 831
39 3332
13 3333
39 1076
10 3334
39 377
3 735
41 466
13 348
38 3335
3 409
10 759
10 760
14 3336
14 3337
39 868
14 225
10 3338
10 590
14 178
39 3339
49 1167
10 2728
10 3340
13 656
38 1699
38 3341
3 1295
10 765
10 3318
41 2088
5 3342
3 974
3 203
39 886
3 381
38 1040
49 854
57 1395
1 480
10 1282
3 1777
14 3343
14 3344
14 2537
14 3345
49 3346
43 1641
13 1086
38 465
3 3333
3 970
3 3347
3 884
38 1460
30 2075
14 1631
14 2045
10 2740
38 3348
1 3349
12 3350
38 3351
14 3352
10 1700
13 2088
14 3353
10 2088
38 3354
3 1582
13 1138
10 3355
13 400
39 2422
48 884
38 3054
13 1532
39 161
39 2233
38 255
49 830
57 394
14 3259
38 1326
14 2191
28 728
14 855
10 110
28 729
28 742
28 1831
28 760
28 2088
28 2108
1 696
38 828
28 913
44 536
44 2864
44 1170
13 2740
1 647
11 3356
11 3272
28 765
11 3357
38 1385
38 418
38 2338
10 1462
57 81
44 3358
44 540
44 3038
44 1810
44 717
44 223
14 2714
38 380
28 29
38 2267
28 942
3 3359
38 1262
38 607
28 916
28 3360
28 3361
14 559
1 417
14 1841
28 2480
38 3362
10 809
4 3363
3 1179
49 3364
41 2380
41 2736
33 3365
33 1954
4 128
41 2728
41 514
30 1965
49 3366
41 3367
10 75
41 3170
41 333
49 3368
49 104
49 3369
49 107
49 108
49 109
41 509
41 1700
49 714
38 3370
38 37
38 3371
12 3372
12 2380
12 1396
49 3373
5 967
14 1065
38 773
12 3374
49 873
43 3375
5 540
5 3376
12 685
12 3377
12 765
5 870
12 3378
48 3379
48 3380
34 3381
34 2683
34 3382
34 477
34 3383
1 1000
34 2674
49 3384
48 690
49 3385
12 2503
34 128
34 3386
34 3387
34 1152
49 1844
34 156
49 3388
34 2209
48 130
48 3144
18 425
34 646
4 1066
4 3389
4 160
4 728
48 3390
4 729
30 3391
4 3392
30 7
4 2736
18 601
5 1888
48 601
41 3393
4 601
34 317
48 3394
48 3241
4 742
18 69
18 755
18 728
18 729
4 311
18 82
4 3395
34 2536
34 200
11 3396
34 1963
12 3397
4 1422
12 3398
18 110
30 62
18 15
4 3399
18 2736
18 621
18 942
30 510
4 956
4 2477
41 130
1 1669
4 760
48 3400
41 104
4 3401
18 128
33 198
34 73
48 3231
4 642
33 3402
4 765
48 1116
18 2359
4 3403
30 3404
48 3405
34 672
48 913
48 637
33 3406
48 155
48 1777
4 1777
18 742
34 913
48 2209
4 3407
34 29
41 107
48 2605
34 47
30 623
41 3128
34 324
41 108
48 603
34 3408
41 310
49 305
4 3409
48 890
18 2477
41 111
18 760
34 3410
18 765
4 3411
34 3412
34 3413
48 69
18 3414
18 90
18 587
4 1151
4 1152
30 1895
18 735
48 211
4 562
18 1777
30 176
41 1276
48 995
30 3415
41 3416
48 233
30 52
30 516
4 3417
30 241
4 130
33 886
48 541
30 968
4 201
41 3418
48 20
41 3267
4 480
49 111
30 274
49 929
4 3419
48 8
4 3420
48 480
41 21
30 148
18 1163
30 143
41 26
48 973
48 3421
18 76
4 419
12 3422
48 2353
41 494
34 239
34 387
18 1176
4 103
34 3423
4 407
18 480
18 3424
18 20
18 47
18 8
18 3425
34 687
34 3426
4 930
48 3284
48 3303
4 931
48 3250
18 3035
49 310
4 933
18 3427
30 2366
18 937
34 610
48 3428
48 1014
14 2730
48 3429
4 1011
34 3404
18 3430
18 164
18 160
48 3431
18 3432
4 3433
4 3434
34 3435
18 115
18 273
18 2460
5 15
43 773
18 910
43 47
34 3436
5 3437
12 3438
12 3439
43 1448
34 392
30 90
30 136
43 3440
5 872
5 3441
30 3442
48 29
5 40
48 21
18 381
30 211
12 3443
48 97
34 155
11 3444
11 3445
11 3446
11 3447
11 3448
30 831
18 868
4 978
11 3449
11 3450
11 3451
48 26
34 491
18 432
18 40
18 3063
18 881
43 348
30 3452
48 99
48 1103
30 142
48 894
18 3453
30 449
11 3454
11 3455
11 3456
11 3457
18 155
18 343
5 3458
48 830
30 830
34 230
30 450
18 3459
5 2823
4 358
34 3460
48 659
30 3004
34 466
18 745
18 1700
18 3461
18 26
48 3462
4 3463
30 971
18 311
30 179
18 16
11 3464
30 1379
48 3465
4 69
30 995
30 555
48 3466
18 116
48 498
18 3467
4 745
4 214
18 2674
18 22
30 610
4 1274
18 659
4 1396
4 19
18 3081
4 1282
18 424
18 1754
30 647
4 2728
48 3224
1 3468
4 26
41 3469
30 3470
30 2555
18 3440
30 1099
18 156
4 21
34 560
34 878
30 304
11 3471
11 3472
34 3473
48 3474
48 1089
48 2272
4 2096
4 696
18 201
18 3475
18 21
1 601
30 1014
48 1151
48 3476
4 1297
18 2987
18 3086
48 1152
18 830
11 3477
11 3478
11 3479
11 3480
11 3481
11 3482
11 3483
11 3484
18 3485
18 3486
11 3487
4 3128
617 11
617 3488
18 1295
48 1700
4 164
11 3489
48 3490
4 647
33 919
30 64
33 327
48 1129
617 3491
617 3492
5 469
34 405
34 910
34 3493
34 685
34 1700
34 3494
48 509
48 76
34 3495
49 3496
34 3497
18 3498
34 3499
48 230
18 394
48 3500
18 73
48 189
34 3501
18 227
30 3502
34 343
30 3503
48 868
11 3504
34 395
30 3505
18 2010
30 37
49 370
34 3506
4 1517
18 196
5 896
4 464
34 207
48 3507
48 3508
18 3509
30 1276
48 1422
4 3510
48 1086
18 87
3511 4
18 959
30 562
18 3124
30 502
4 460
30 3354
18 2542
34 3415
34 1699
4 3512
34 507
30 3513
48 2266
18 903
18 1040
18 3514
49 3515
38 659
30 73
30 185
48 1138
48 3516
4 2353
18 774
18 800
48 696
18 855
48 2126
4 1878
18 3517
34 1151
30 3518
4 1700
14 272
30 3519
34 3520
4 855
34 3521
30 454
30 455
34 3522
48 816
48 3523
48 1957
48 47
48 2438
5 3524
34 890
34 419
18 208
18 64
34 407
48 275
4 272
18 1820
4 1062
18 854
18 3525
34 1697
4 340
34 2035
34 1973
30 435
18 250
41 2789
18 3526
18 2001
48 1958
48 1636
4 1462
34 40
30 440
30 438
38 542
49 3527
48 0
18 598
34 894
34 2033
30 441
18 995
48 194
48 3528
48 195
48 2527
18 1997
18 3529
4 2875
48 642
18 596
41 540
41 2487
4 22
41 3530
41 935
1 3531
4 830
48 710
11 3532
48 104
18 1151
18 1152
34 197
48 3533
34 2480
48 3534
34 3535
34 3536
48 107
34 164
48 3537
34 2179
48 108
34 244
34 3538
48 109
44 3539
48 3540
18 1014
48 685
48 573
48 111
14 659
48 747
14 2209
4 1089
4 860
34 327
18 626
48 379
48 377
48 146
48 176
38 967
48 831
48 1415
48 3378
1 343
18 520
38 3541
30 230
48 378
38 3542
14 3543
48 3443
18 209
41 2640
34 3544
33 587
18 2246
48 64
41 3545
44 225
41 58
48 2480
41 3546
48 647
48 2301
48 2642
48 161
33 3547
38 1265
18 786
44 2388
38 40
48 3548
11 3549
11 3550
43 52
38 3551
44 830
44 3552
41 3440
34 3553
41 3089
41 3485
41 3554
41 3555
41 3556
33 3345
18 464
11 3557
4 373
5 127
41 3558
33 1754
41 3559
5 842
49 287
18 460
30 354
5 3560
12 321
49 288
1 3561
38 1066
34 596
34 354
34 3442
34 1574
12 968
14 3340
34 2005
48 42
49 3562
34 3563
34 3564
43 2132
43 1754
30 1892
49 3565
34 148
34 513
34 201
49 2909
4 3566
18 1086
48 1096
48 1963
4 3567
18 1103
48 3568
18 3569
18 1779
48 3570
4 99
38 3571
18 354
18 3572
4 97
14 1810
1 16
4 100
30 206
30 3573
34 1048
18 3574
18 575
12 177
38 162
48 3054
48 3575
30 3576
44 3577
18 349
48 3578
48 3579
38 3580
18 913
48 1899
48 1772
18 3416
38 62
18 1438
48 3581
41 3582
38 166
44 230
41 2768
48 2307
48 702
33 332
18 496
18 1138
48 2085
12 2181
34 2641
12 3583
39 3584
10 3585
10 2622
48 888
1 779
34 854
34 1011
48 2376
48 1122
13 434
39 3586
4 1955
13 3587
4 393
48 310
4 2094
5 3588
49 242
39 1464
39 3589
13 3590
3 3591
18 378
5 3592
5 3593
18 379
10 3155
10 3594
49 329
12 37
18 161
33 1700
39 116
48 1974
34 483
34 3469
39 446
38 233
3 3595
34 3596
39 3597
48 3598
48 872
48 854
10 3599
4 717
39 343
48 3600
39 608
13 3601
48 224
57 735
18 1963
10 3602
39 40
39 3603
18 544
4 1292
13 1899
18 545
39 2094
3 3485
3 3416
13 830
3 934
57 1612
3 225
3 3604
13 1267
13 3442
18 377
1 21
48 2434
1 26
18 2681
13 2264
13 426
4 3605
48 3606
4 3607
57 381
4 223
48 3608
4 2730
48 225
13 3609
48 373
28 3610
10 830
11 3611
34 831
39 3612
48 3582
34 1570
34 3613
34 809
57 1362
39 935
3 3614
39 1267
14 860
3 3615
13 3616
39 3617
10 190
34 728
34 602
13 3054
34 729
34 494
10 191
1 499
34 3618
34 1086
34 179
41 3619
41 2443
34 3620
13 508
34 90
34 2108
13 888
34 2088
4 466
18 3621
12 890
30 3622
39 1700
39 1699
39 884
39 3623
34 742
34 189
30 3624
30 3625
30 3626
14 2012
14 2055
14 1347
14 3599
10 215
34 206
3 2269
34 3627
34 759
34 760
18 1206
13 482
34 765
1 25
48 522
48 3628
48 137
48 3629
18 103
18 2450
4 1480
30 730
48 3630
48 477
48 3631
34 3632
34 1208
4 541
48 1294
12 894
13 100
10 3127
18 105
18 906
18 3633
18 730
18 788
34 3634
10 141
39 3137
39 1160
34 3635
39 956
1 676
18 2108
34 3636
18 491
4 2217
34 1138
18 215
18 810
39 536
34 3637
13 3638
39 3639
34 1065
48 148
18 759
34 3416
34 3640
18 696
18 177
4 3138
34 3641
18 2997
18 3642
4 129
18 7
4 784
4 477
10 134
18 784
18 1080
34 3582
4 620
18 3643
10 574
10 133
48 3644
48 3645
4 910
18 213
18 202
18 3646
18 25
18 1422
10 153
18 143
4 2958
48 1394
18 256
10 221
34 3647
18 3648
34 3056
34 3360
18 3137
34 3649
34 868
18 3650
18 717
1 959
18 922
39 3651
48 1224
10 444
10 3652
13 3653
13 292
18 141
34 66
18 3654
48 1272
4 3655
34 2552
39 3656
48 93
4 3540
39 3657
34 1239
48 325
34 1981
13 3658
48 2075
18 338
18 610
34 632
18 66
39 3659
34 875
1 903
3 105
4 735
1 2220
18 842
48 1306
39 3660
18 1274
4 935
34 2006
18 147
48 215
18 2552
48 206
3 398
34 3661
34 2246
18 149
18 574
18 134
34 198
3 2605
18 340
39 3662
39 2059
13 3353
48 3648
3 728
4 3663
4 257
3 729
18 3039
18 1280
34 3664
39 3665
34 1422
18 3666
3 2552
18 1282
18 124
18 1981
34 2987
48 3667
34 373
4 2030
48 294
3 742
4 1193
30 542
48 1285
39 1102
4 202
4 381
4 3668
18 2829
4 189
39 3669
18 1297
48 313
18 614
18 615
48 935
4 2617
3 2477
10 3670
13 3671
34 590
57 3672
39 1062
3 760
13 725
48 3673
13 196
44 385
3 765
13 3526
18 214
18 199
10 490
4 1087
34 1022
34 2438
48 3674
39 1090
3 439
39 3675
34 6
48 256
4 228
57 3676
18 967
13 3677
34 1957
44 386
34 3678
34 214
18 23
18 1396
39 3382
34 3679
3 3680
11 3681
18 2524
34 1997
44 1970
57 354
3 784
18 1249
39 3682
10 3683
57 1930
18 2858
34 3267
13 1399
1 3684
3 1981
44 2187
4 3685
39 3686
13 1417
34 946
48 942
44 388
4 901
18 2454
18 3687
13 573
34 19
44 29
14 746
3 1818
18 874
34 284
34 2196
3 1689
18 3688
34 76
39 620
48 3689
4 179
38 1129
34 3609
14 1023
34 3523
11 3690
14 223
3 2768
18 436
34 3691
18 3692
3 2730
57 3693
18 255
11 3694
48 1807
3 2740
44 3695
34 647
3 2383
11 3696
3 2648
14 3697
11 3698
12 2366
4 178
48 610
4 82
39 3699
48 3700
30 466
39 3442
11 3701
39 3702
18 1499
30 394
4 596
34 3615
34 213
4 2740
10 71
48 3703
48 2730
18 1462
39 3704
13 3705
48 141
10 3706
18 1828
39 1292
11 82
11 3707
34 1464
34 333
18 19
34 74
48 149
18 3161
18 1287
4 1831
34 730
4 242
39 190
5 2132
39 236
39 819
48 153
39 1312
18 446
34 1677
3 3708
39 115
48 147
48 133
39 191
34 1415
14 105
4 3709
39 3710
3 103
3 946
57 435
18 1359
13 3063
10 3711
13 3712
18 1714
39 3713
3 2380
3 1953
57 438
3 647
34 3714
4 469
48 538
57 440
4 3715
18 3177
34 2266
39 701
10 3716
18 779
39 334
38 3442
39 634
10 2045
34 1754
44 396
39 233
34 2380
38 1402
13 3717
34 1953
18 1166
11 3718
3 2794
3 373
3 77
11 3719
11 3720
11 3721
44 2010
39 1631
3 3060
3 22
34 3722
18 685
3 1529
38 1166
18 573
39 3485
48 2159
18 3723
39 3724
4 538
14 2201
18 398
18 1858
13 466
18 3725
18 2603
18 2233
18 399
3 3726
34 3727
3 340
18 1460
18 3728
28 466
18 3729
34 2740
57 441
34 1920
3 3730
34 3731
13 3732
34 860
3 3733
34 3734
1 1970
3 3735
18 3470
13 3736
3 1895
18 2293
10 225
3 3714
39 622
4 913
4 595
48 3737
39 3738
18 560
3 3739
18 540
18 193
48 3740
39 3741
5 2767
39 3742
48 3743
3 878
38 3582
34 1095
18 97
11 3744
4 483
48 3745
39 950
4 2768
48 3635
39 3746
3 853
39 2051
3 2455
13 3747
11 3748
48 2070
39 922
34 1883
39 1258
13 317
39 3749
34 1667
39 64
39 430
39 3750
39 1283
4 3751
34 3752
39 1095
13 1318
13 3753
39 77
13 1498
39 906
39 3754
39 3755
18 2324
13 146
3 2875
4 542
13 916
39 3756
10 3442
4 3757
39 840
34 1919
3 3758
3 2011
3 1960
39 3759
18 507
39 788
57 1892
57 3760
3 3761
13 800
3 510
39 1011
18 3762
13 290
3 1172
3 3763
39 3764
13 3765
3 3766
18 276
39 3767
39 977
34 623
34 146
3 3768
34 3769
34 3770
39 35
4 80
13 1447
13 3771
3 527
41 156
3 3772
39 1206
4 600
34 2013
39 3041
48 2005
39 873
3 74
34 637
4 3773
39 22
39 1545
34 3774
34 3763
4 135
39 1362
39 3648
3 1080
41 1427
11 3775
11 3776
11 3777
11 3778
39 3138
13 3725
34 3547
11 3779
3 159
13 1738
13 1394
39 3780
38 1016
3 3781
4 510
13 1285
34 3782
3 430
34 135
34 607
4 110
41 3783
34 256
10 3784
3 294
3 1209
14 294
39 304
48 425
18 510
48 3785
3 2152
34 3485
13 2905
38 3635
34 3467
30 1323
30 1086
34 325
18 3054
3 2139
48 3786
18 1318
48 1240
38 864
34 3787
18 3788
3 3789
3 3790
18 1406
34 1210
30 3791
14 3792
34 951
14 1232
39 3793
14 3138
14 3794
18 2491
18 2075
4 3795
30 901
3 1239
34 3796
13 901
4 274
30 1138
34 642
48 2023
48 3797
30 3798
13 583
18 3799
48 242
34 439
39 1669
39 3800
34 2981
48 202
48 3801
39 3802
4 1280
41 632
34 3803
33 325
18 2196
30 213
10 3266
34 2768
3 2225
18 3804
34 3155
39 25
3 2226
18 52
34 773
48 3805
48 784
13 2457
30 1828
48 179
48 730
1 596
4 625
30 541
39 3806
18 158
48 3807
3 308
3 3808
49 325
4 842
34 1545
13 3809
18 55
18 53
4 622
30 3274
18 3810
48 403
4 2307
18 3635
4 3811
4 148
18 302
4 380
34 1772
1 703
18 3812
48 3813
1 1319
14 3814
14 3815
18 1179
18 1807
4 430
4 3816
4 23
4 3166
4 3746
18 290
48 3817
34 3818
39 3819
48 2263
48 3820
39 105
1 886
18 1958
39 3821
13 403
13 3036
48 414
18 211
1 3822
1 2698
1 717
13 3823
48 3824
13 3825
18 3826
39 310
13 414
30 3054
13 1427
30 2379
3 3827
39 3828
39 109
39 3829
10 3830
1 901
3 3831
57 190
57 191
3 2427
3 2428
3 2429
18 3745
48 623
34 58
3 380
3 3828
3 3832
3 2209
18 242
14 956
39 3833
3 3834
1 3582
39 2730
4 3835
14 3746
14 3836
14 1436
49 3781
44 3837
28 311
30 3633
49 3838
49 1588
44 287
44 190
44 3839
44 3840
44 288
44 1100
44 191
49 3841
18 617
44 601
49 3842
49 3843
18 514
49 3789
49 3790
49 3844
49 3845
49 3846
49 3847
49 3848
57 3849
39 1322
14 3850
13 3851
44 3852
49 3853
4 1359
49 3854
34 3855
34 129
44 1777
34 3856
49 3857
49 3834
39 3858
49 3859
49 3828
39 1168
13 93
13 3606
34 1470
34 3860
34 349
13 3861
39 745
18 129
18 3862
4 426
48 3531
30 313
39 500
18 597
39 802
18 1113
3 3697
3 3863
11 3864
48 3865
34 3866
18 3250
13 875
57 2392
3 3867
34 1475
34 398
18 3224
18 562
34 399
49 3868
30 115
3 2234
49 3869
49 3870
43 2066
10 3871
34 2728
49 3872
18 3284
39 3873
38 3874
10 2905
4 3875
48 3876
18 3231
28 610
18 886
14 3877
14 1062
4 15
48 3878
38 3879
34 3880
18 935
18 3041
18 3881
34 3303
18 500
18 501
48 19
13 870
44 331
18 2642
41 1076
18 3882
18 291
41 1292
18 2851
41 3179
49 3883
49 3884
18 3241
18 3303
49 3885
49 3886
3 333
41 209
41 3475
41 3646
14 3882
41 1250
18 3887
11 3888
11 3889
11 3890
34 3882
1 3891
14 3600
18 513
34 178
13 220
12 3882
30 110
18 498
14 3892
38 645
48 417
10 3893
30 3894
49 3882
18 178
18 3895
4 3896
14 3897
18 3898
30 3899
4 196
38 646
30 69
34 2605
38 502
12 3892
14 1742
14 3900
4 3901
10 3882
38 3882
18 3902
34 2736
18 637
34 587
49 3892
1 627
5 3882
18 3892
18 3903
18 80
30 583
5 3892
18 3904
34 3905
1 3906
48 510
4 502
48 7
34 3907
30 82
18 3908
34 3892
18 3909
18 625
10 3892
30 696
14 3902
18 3910
34 3903
18 816
18 878
30 275
34 3911
34 3912
5 3913
39 1119
14 3903
18 600
48 3914
14 3915
18 3916
30 937
18 3400
34 3917
18 2005
39 3918
49 3907
39 2844
38 3902
49 3903
30 3919
30 3920
14 3921
38 3892
49 3922
38 3903
38 3923
12 18
38 3668
12 3903
34 81
34 686
14 1985
41 3924
12 3907
10 3902
1 1276
10 3903
1 701
10 3925
48 3882
5 3907
39 3926
48 3927
39 3928
5 3903
14 3822
1 540
1 3815
48 3902
34 14
38 257
44 3929
41 3930
41 341
5 48
5 3931
44 189
14 1422
12 3904
41 3185
33 324
1 937
38 320
14 212
38 93
38 100
34 1448
49 2081
48 3892
49 3925
38 3932
14 3933
48 3934
34 3935
48 3903
18 3936
34 103
34 2561
5 3937
10 3938
34 1742
4 1076
12 3939
34 3940
34 377
18 1925
44 3209
34 696
44 786
44 3941
41 3942
18 3943
11 3944
48 1065
18 3945
18 2381
41 2460
18 3946
4 224
18 1584
48 881
34 161
18 2896
33 942
14 179
43 3947
14 1066
18 1742
14 315
14 316
14 318
38 835
33 607
18 561
14 3948
38 839
48 3949
18 3950
12 1742
14 22
14 3951
38 3952
12 1597
14 3953
12 3954
14 1853
11 3955
34 3956
11 3957
11 3958
11 3959
11 3943
11 3960
11 3961
11 3962
11 3963
11 3964
11 3965
34 561
34 3966
14 3950
14 561
34 3950
14 3967
14 3968
14 730
38 105
14 3969
14 3970
14 3971
38 3972
14 3973
14 1498
18 3974
38 377
38 1183
14 3975
14 3976
14 3977
14 3978
14 3706
18 3960
38 3979
14 930
14 931
14 3137
14 933
38 379
14 3980
14 3981
28 614
28 615
14 1772
49 561
38 561
18 75
34 204
49 7
14 3982
49 3950
38 3950
14 1777
38 354
14 1658
30 104
38 72
34 956
14 951
30 107
34 540
34 225
34 3138
30 108
30 310
30 714
38 815
48 284
18 3983
48 3984
48 1907
12 561
3985 11
38 3805
38 2224
48 956
48 842
48 1292
48 3986
38 910
48 596
10 561
4 1100
57 3987
1 3988
38 1190
18 3469
10 3950
14 3989
38 1930
14 978
14 3990
14 3675
38 458
5 561
48 540
14 3991
48 1193
38 3992
12 3950
18 284
48 2821
38 1892
48 2137
18 3993
14 3994
48 717
14 328
4 1283
34 1517
18 2384
34 1100
5 3950
5 1895
38 3995
14 72
14 2527
39 1567
38 3996
34 3997
48 1062
14 2266
14 2196
38 886
38 717
14 1283
34 1276
34 747
48 536
38 3365
34 3998
4 3999
34 3741
34 717
48 2635
14 2096
4 703
18 648
14 989
30 477
18 1987
11 4000
38 4001
18 757
18 758
14 4002
34 1062
48 1742
18 3813
48 886
48 15
18 1239
48 626
4 816
18 4003
4 1239
48 4004
18 776
4 886
48 4005
18 4006
4 4007
18 4008
14 1011
4 4009
4 4010
38 378
41 736
14 2420
1 1258
38 161
48 3950
11 4011
48 954
18 67
11 4012
5 4013
38 4014
38 2966
14 4015
14 4016
14 4017
34 713
34 712
1 4018
49 4019
14 206
1 4020
14 4021
38 1239
14 1377
39 4022
4 4023
44 4024
18 179
44 204
44 3138
44 3648
1 4025
38 1108
4026 11
11 4027
11 4028
14 4029
41 3085
41 4030
38 124
1 1076
44 290
14 177
28 115
1 114
1 4031
48 273
1 4032
28 20
28 8
28 155
28 156
28 4033
48 4031
38 1257
18 4033
14 211
48 4034
48 1708
1 409
34 969
41 2740
41 3805
41 4035
41 2293
14 4036
1 1206
14 4037
41 4038
12 276
18 4039
48 4040
28 2513
48 1102
34 1227
18 6
4 540
18 856
18 3047
1 326
14 4041
14 1123
38 1274
28 21
28 26
28 25
38 1396
48 4042
48 3245
48 4043
49 4031
48 1841
28 1188
38 1292
14 4044
38 1113
14 131
14 132
14 4045
14 3741
38 1297
38 4046
38 1742
13 4047
13 4048
14 4048
38 540
38 572
38 3746
38 2292
1 127
10 4049
38 4050
41 4051
28 62
14 287
14 288
1 2402
14 126
14 2758
38 1282
38 4052
38 4053
28 502
38 1462
33 1689
14 2467
38 647
14 330
38 3298
39 85
38 4054
44 748
44 1151
44 1152
1 4055
14 290
1 1641
48 4056
14 2803
48 3287
1 3127
48 3468
48 4057
44 1781
14 4058
12 1711
38 1280
38 874
14 4059
34 4060
14 1624
28 1379
38 3910
34 4061
14 4062
14 1138
38 982
38 3525
14 4063
28 995
14 1094
18 4064
48 1206
34 1170
48 3561
18 1170
48 227
14 1612
18 4065
34 1895
28 1014
18 4066
48 334
48 337
48 315
48 316
48 318
18 4067
14 576
18 4068
18 2229
38 2503
48 2958
18 2961
4 4069
48 4070
18 4071
4 2289
18 3583
18 3166
4 4072
48 1076
1 2603
48 4073
48 4074
48 4075
48 4076
14 373
34 4077
18 3801
18 676
1 622
48 1276
38 464
18 4078
38 460
18 2126
1 4079
18 1055
33 4080
34 930
34 931
34 933
18 888
48 23
48 4081
1 1422
14 4082
18 4083
48 3910
18 4084
18 4085
38 19
34 4086
30 177
14 4087
18 831
14 4088
18 1699
18 860
48 3440
38 541
14 4089
48 204
38 4090
4 1190
14 1552
48 4091
48 4092
1 1281
38 779
4 1170
38 968
48 4093
48 4094
48 4095
38 4096
38 1696
38 1695
28 2293
28 3063
34 2075
38 855
48 1584
48 916
18 4097
18 4098
18 308
18 4099
1 872
34 4100
1 1742
34 4101
1 935
1 289
18 2269
12 176
12 623
18 72
12 854
12 1415
1 830
34 620
34 417
18 1285
14 1069
34 425
48 4102
34 379
34 22
34 2495
34 1232
34 978
18 2272
48 2603
34 2821
34 4103
34 4104
4 233
48 4105
34 1724
34 1292
18 1190
34 2332
18 4106
48 1796
48 4107
48 520
48 1724
34 378
34 4108
18 2443
1 1480
34 2681
49 4109
34 1436
18 204
48 200
48 3725
48 779
18 1258
18 4110
38 4111
34 850
48 2269
48 786
34 821
34 995
11 4112
11 4113
18 4114
1 4114
18 1089
48 542
48 1596
18 4115
14 492
18 1838
18 703
48 645
11 4116
18 4117
34 1014
4 4118
4 357
4 384
18 3876
18 4119
18 4120
18 4121
18 4122
34 4123
34 1190
11 4124
1 620
18 271
18 946
48 1464
4 315
4 316
4 318
48 4125
18 4126
48 1677
18 4127
18 4128
18 225
34 575
4 2495
4 868
34 901
34 157
48 3398
1 4129
44 2805
18 542
18 1116
48 855
48 2495
34 886
4 313
18 2660
18 4130
48 2132
48 4131
18 2310
18 3530
18 628
18 1638
44 696
34 2094
18 240
18 194
18 195
34 1206
34 935
18 686
34 196
34 3337
48 4132
18 4133
18 1877
48 2339
48 4134
48 1667
48 135
48 1362
38 112
48 1919
18 523
34 1108
18 4135
18 1609
34 1039
48 201
18 4136
18 4137
18 4138
1 1068
18 840
18 289
18 1186
34 1103
18 1424
1 4139
18 1257
41 136
38 520
18 3989
18 4140
18 3252
18 2173
18 454
4 587
18 4048
18 1095
11 4141
48 1208
18 4142
4 4036
18 99
18 3163
39 1190
48 1920
34 224
34 1273
48 4143
18 4144
4 4145
48 2013
18 4146
4 291
34 3041
4 4147
18 3615
18 387
18 239
18 1523
18 3318
18 4148
34 3440
34 72
34 4014
12 4149
12 3337
4 1379
12 4150
4 995
12 4151
18 248
14 1274
14 1280
11 4152
11 4153
18 4154
38 139
18 2285
4 1014
18 673
14 1297
18 901
34 64
34 4155
30 114
18 93
14 4093
18 4156
18 4157
38 4158
34 4159
14 340
12 4160
13 2380
13 729
43 478
38 3367
12 4161
13 742
18 62
38 114
38 4162
14 1610
38 4163
1 1955
13 1831
13 760
1 1274
39 2502
38 626
14 1282
14 1462
1 1297
1 1396
48 3518
1 1889
1 1282
34 830
41 1132
41 4120
48 2055
41 1597
41 4119
1 4164
14 4165
34 1319
14 393
14 4166
4 3333
14 1900
13 1960
38 1894
14 329
38 3927
1 913
4 127
48 4129
4 1307
14 1705
4 632
1 2223
4 875
34 4167
34 3137
41 4168
38 4169
4 937
4 275
14 4170
4 2589
18 275
4 193
1 1462
1 2388
48 157
34 139
34 409
48 4171
38 621
48 4172
34 112
1 942
18 4173
1 4174
48 127
4 967
48 115
1 4175
34 2045
4 1208
34 786
34 209
4 3251
1 536
4 873
30 1066
4 90
18 4176
18 570
4 573
18 1066
18 850
48 4177
34 1822
48 4178
4 124
34 4179
18 294
4 3953
4 1699
4 1071
18 3431
48 4180
34 464
1 3137
34 460
14 910
34 235
14 3631
14 4181
1 590
18 4182
18 2023
18 3476
1 2097
18 747
34 4183
18 292
4 4184
12 587
48 4185
38 881
48 4186
14 4187
34 292
18 743
4 112
38 4188
1 4189
38 4048
30 642
34 3811
18 3805
34 3910
1 1065
48 968
4 3910
33 200
48 4190
1 3675
1 4191
48 982
48 1732
18 632
4 590
18 1000
1 1587
18 690
28 1276
38 4192
41 4193
1 567
4 1166
4 1167
1 477
1 573
48 2623
1 1796
18 1362
14 3279
38 242
14 596
1 348
34 701
34 521
38 3177
38 1470
4 139
18 483
1 1784
38 809
34 4164
34 4194
14 4195
1 3746
1 1450
1 1568
1 4196
34 4197
28 4198
1 1232
14 483
1 3667
4 74
1 1567
34 4199
34 4200
1 2285
1 1511
39 4201
1 1292
38 4202
44 4203
44 4204
11 4205
11 4206
14 3354
44 676
14 685
14 4207
44 325
14 4208
14 3734
14 3378
34 3300
14 3443
1 224
34 745
48 946
34 2671
1 3836
34 1859
18 4209
11 4210
18 3516
44 2681
1 225
4 4197
18 4211
5 4212
5 4213
44 328
48 4214
1 3742
14 1344
18 1636
1 4215
4 1405
30 4216
41 2187
13 627
39 1742
18 526
18 455
41 3615
38 4217
5 4218
30 1316
30 526
11 4219
18 590
13 4220
14 4221
5 256
13 468
1 1699
13 4222
13 4223
13 4224
14 2761
13 1405
39 4225
49 4226
49 328
39 4227
1 434
1 2290
1 4228
1 2774
14 4229
13 4230
14 3910
13 541
39 1653
41 2353
44 1955
44 1274
41 570
44 1396
1 37
44 1282
34 126
44 3741
44 1297
44 1742
1 3166
44 4231
18 1899
14 52
14 4232
14 53
38 205
1 204
38 605
41 4233
38 210
38 4234
38 3416
38 2545
44 4235
34 737
1 4236
1 4237
1 4238
34 703
34 69
34 4239
1 1086
44 1462
34 1294
1 2480
1 1138
34 348
28 1781
38 403
38 1165
38 1123
38 2473
34 4240
38 4241
14 4242
18 4243
34 628
34 4244
34 1910
34 545
30 930
1 746
18 1085
14 4245
4 114
18 135
18 2266
30 931
48 595
14 2764
38 2075
1 4246
1 1853
48 598
34 338
34 8
34 496
14 1463
14 430
14 214
38 97
38 99
48 4247
18 3523
18 1957
18 2438
1 4248
1 2061
34 242
5 4249
14 227
34 4250
38 4093
1 1048
38 4251
34 114
14 4008
14 4252
1 334
1 2092
1 2093
34 1955
1 373
1 2312
34 21
34 26
34 25
1 4253
1 4254
38 4165
5 4255
14 203
18 4256
39 4257
39 4258
39 929
1 3138
10 1066
13 4259
13 215
39 7
39 3080
39 4260
13 4261
13 245
3 126
39 4262
3 4263
3 705
13 134
3 287
3 288
39 2310
3 494
57 2088
39 4264
3 2006
13 141
3 256
3 1247
3 4265
57 1831
3 3954
3 131
3 132
3 4266
3 4267
3 4268
13 153
13 133
13 149
39 1182
10 4269
39 4270
10 99
44 374
10 97
44 811
3 276
44 221
3 378
3 377
3 803
3 379
57 2108
3 161
3 4271
13 4272
39 4273
13 1742
44 595
34 2061
33 4274
48 82
34 2307
34 4275
1 190
4 334
44 4276
1 191
44 968
4 4277
14 110
28 22
38 4278
38 1672
14 273
14 944
14 4257
14 427
14 428
38 4279
38 1928
38 160
38 4102
4280 11
14 953
38 4257
1 3794
28 503
28 1086
33 3051
34 1185
41 432
14 520
14 3795
14 3377
38 4281
38 4282
14 4283
14 4284
38 4285
38 449
14 202
28 1138
38 450
14 4286
10 4287
30 407
14 4288
14 4289
4 394
10 2737
14 3416
14 3615
14 1820
1 1662
30 419
4 4290
14 1055
38 3835
38 3046
41 2377
38 3531
48 3377
4 831
4 520
41 4291
14 73
38 69
38 1294
38 4244
38 3648
38 676
44 4292
44 701
12 1714
12 2293
1 1464
44 2730
12 325
18 1129
44 730
44 4293
44 454
44 1237
44 4294
44 1399
44 1716
41 433
44 4295
41 1895
33 4048
11 4296
11 4297
11 4298
33 4299
1 1997
49 399
44 476
34 245
34 2132
5 573
4 4300
44 4301
5 4302
44 4303
44 646
44 340
44 22
44 784
4 245
44 4304
48 4305
30 80
38 321
30 135
44 550
41 4306
44 4307
41 896
44 542
1 4308
1 1415
30 625
44 2950
44 4309
1 502
44 165
44 4310
44 937
1 3422
1 1677
41 215
41 141
1 1667
38 491
4311 11
41 153
1 67
41 147
41 149
41 574
1 690
44 4312
1 1920
1 4313
44 3710
44 4314
44 4315
44 4316
44 4317
14 4318
14 4108
33 3138
33 4319
14 4320
14 425
14 1731
14 1225
14 4321
14 1421
14 1572
14 4322
14 4323
38 322
14 4324
39 4325
34 538
14 1294
14 4326
1 4132
39 4327
14 3485
14 4328
38 4329
14 289
38 22
14 4330
38 23
1 1919
28 112
14 4244
14 4331
14 4332
14 4333
1 2013
1 514
30 600
1 276
1 4334
14 4007
3070 144
1 503
38 74
14 4335
1 4336
44 198
44 956
44 638
1 482
1 1170
14 4337
14 4147
33 1718
33 2682
33 1498
34 199
28 139
44 3547
44 4338
34 2086
44 4339
44 4340
1 4341
1 3704
44 506
34 2264
34 115
14 199
33 1742
18 1272
1 1985
28 354
1 327
1 328
44 4342
44 1062
30 381
1 330
33 37
33 1077
41 71
28 813
28 4343
1 2360
28 646
30 380
41 939
33 3953
30 203
14 4344
18 4345
28 4346
1 2264
14 2118
38 1103
3 4244
38 104
38 107
28 521
38 108
38 109
38 714
1 3691
28 1546
14 4347
1 72
33 3989
1 1421
44 4348
44 4349
44 4350
44 4351
44 477
34 20
14 4352
44 1738
1 2071
44 3440
44 2959
44 3166
48 4353
44 872
44 2716
1 292
1 1318
44 373
28 15
28 621
28 47
14 934
43 112
44 4354
14 4355
18 4356
1 4119
18 4357
18 4358
4 225
34 304
38 7
48 464
1 2132
48 460
43 139
14 4359
14 3086
30 284
18 4360
18 332
1 4343
1 1724
12 4361
49 4362
1 628
1 646
49 4363
43 40
1 1596
1 4364
1 149
4 1206
1 147
4 1596
4 4365
14 4366
14 349
1 1654
38 1675
33 4367
14 4368
41 194
41 195
41 3175
33 4369
14 4069
14 4370
1 4346
1 134
1 215
33 449
14 4371
33 450
28 256
5 1128
30 4367
28 4367
1 4372
1 4373
14 4374
1 574
43 116
4 2075
18 4375
14 623
14 3769
14 1354
1 1179
33 4376
1 141
1 4007
1 4377
1 153
1 133
1 4378
1 1700
28 343
33 4379
34 105
1 2126
34 1089
34 482
33 4380
33 2719
41 4381
34 436
1 4382
18 1999
12 596
4 4383
12 4384
12 4385
14 4386
18 403
1 2269
48 4387
13 371
13 4388
13 4389
1 4390
1 4391
12 1669
34 4392
44 466
30 4393
12 3582
1 946
18 2263
1 3252
1 626
14 200
13 276
14 1086
30 4394
30 4395
30 248
14 784
1 3782
1 1584
30 3582
4396 11
14 4397
38 2894
14 1087
1 3734
14 4398
14 4399
1 3575
38 3330
14 209
1 1087
1 3578
1 3818
1 71
33 1226
33 1417
1 3763
33 885
38 2419
34 82
1 1828
49 2905
34 2360
34 3951
48 103
4 982
30 809
48 4400
14 4401
1 1998
1 2181
28 1065
30 4402
34 4403
14 1545
14 830
30 4404
14 4405
4 1316
41 1175
30 1742
4 37
34 4406
1 4407
1 3261
30 3805
30 1734
1 4408
30 773
34 4409
38 890
33 3905
33 4121
5 4410
1 4140
1 910
28 160
38 894
5 4411
1 677
1 1427
14 3467
44 1470
1 1859
1 3954
44 1239
49 575
44 209
14 3422
44 934
28 598
28 597
41 2805
1 4412
34 2835
1 185
11 4413
11 4414
34 1492
33 4415
5 101
48 434
4 701
4 1662
4 1039
4 1056
13 4416
44 426
14 4417
14 4418
48 4419
48 4420
34 4421
4 1613
44 3416
48 81
44 164
44 1820
4 4014
13 1407
14 378
14 377
14 379
1 4422
34 4423
34 4048
48 4424
11 4425
11 4426
11 128
48 1531
34 1040
34 4427
1 3716
14 906
14 4369
1 390
5 4428
34 3677
14 4429
14 291
14 873
34 4430
38 503
34 185
44 4431
12 1066
4 968
33 4432
41 4433
41 4434
33 3603
33 4435
33 926
12 4436
49 4437
43 409
38 842
5 2902
5 4061
5 2790
5 4438
5 3466
43 3600
1 2098
33 927
5 4439
41 4440
41 4441
41 1258
41 313
5 4442
41 4443
12 2998
5 4444
12 4445
41 1754
41 4047
41 1090
41 4446
12 304
41 4447
41 4448
41 4449
41 4450
41 4451
41 4452
41 745
33 1714
33 589
12 906
49 1689
5 2835
33 4453
5 1963
43 610
5 1955
33 333
43 2419
49 686
49 377
33 7
43 4454
12 821
49 379
38 3518
33 2929
33 2985
33 971
5 736
41 4455
33 982
33 4456
33 69
43 4457
43 3211
5 4458
33 4005
43 3167
33 3330
33 3729
12 788
5 4459
33 115
43 4277
14 4460
12 432
5 438
12 377
12 379
33 4461
12 378
49 1055
5 72
5 4462
5 4463
39 2498
12 161
12 35
5 491
5 3138
5 2730
11 4464
5 176
57 377
57 378
57 379
12 1754
12 3175
14 608
33 946
49 4465
57 161
49 1316
49 304
28 573
18 313
43 813
48 4466
33 968
5 185
5 186
33 179
33 330
33 2230
12 608
33 3371
49 4467
33 3470
48 3416
48 3485
48 1095
48 4468
30 130
41 1074
41 862
41 4069
41 4469
41 4470
1 1100
34 3278
33 1184
34 16
1 2730
1 2371
44 2835
28 596
44 4244
44 1294
49 378
49 161
18 583
48 142
48 2091
34 4471
4 874
4 734
4 3609
44 545
18 909
41 749
41 2173
33 426
34 942
34 3345
5 906
33 1388
5 1779
4 1823
4 1269
48 2246
33 3615
33 2246
49 4472
5 3475
49 4244
5 4473
5 788
5 35
4 858
28 890
41 1525
41 1101
44 598
44 597
38 1086
28 894
4 232
38 1138
48 3615
48 164
48 2545
2541 14
14 460
14 464
39 4474
5 2224
48 1436
48 2054
48 3953
57 1742
41 4475
41 4476
41 2509
33 1236
41 4477
41 3769
49 4478
57 1396
1 4479
5 4480
12 4481
5 1056
33 4482
5 1108
12 634
41 4483
5 2460
43 434
43 4484
43 4485
14 4486
49 1777
5 2060
49 676
33 288
43 881
30 483
5 4487
43 3663
49 4488
49 4489
33 3416
33 1026
43 1065
33 4490
33 2673
43 2073
43 4491
41 3147
12 4369
12 4492
5 419
49 4493
33 4494
5 440
5 407
5 1039
43 205
1 1153
49 4495
12 3035
49 480
30 4496
41 784
49 2491
41 4497
43 210
49 4498
5 317
49 373
49 4384
49 4385
41 3054
5 1590
41 4499
41 4500
41 4501
5 324
33 4502
5 4503
41 4504
41 4505
43 64
5 4014
41 4506
49 296
12 4507
41 4508
38 1000
11 4509
5 2875
49 4079
33 4510
41 4511
33 87
12 2643
34 1066
34 190
43 4512
5 2494
33 4513
33 4514
33 329
34 4515
34 191
41 4516
43 562
41 2048
43 19
43 4517
4 1498
41 4518
41 4519
5 4520
10 1731
41 4521
18 166
18 162
18 3333
12 202
18 710
12 203
12 922
48 4522
41 4523
33 1572
43 4093
44 745
41 3601
41 3732
49 4524
41 3747
44 1287
41 3353
44 3485
44 1295
44 149
34 480
41 2075
41 4525
49 608
38 1584
5 1294
41 490
41 177
41 392
41 342
43 864
43 1123
49 500
49 501
33 4526
12 143
12 449
12 450
44 1754
41 1281
41 989
41 4527
33 3787
44 942
5 968
12 4528
38 4529
45 4530
33 1294
33 4531
4 308
4 2060
5 4244
41 3425
43 2589
12 4532
5 4533
1 610
12 809
33 4534
33 4535
33 935
45 4536
33 4244
33 1777
1 4537
1 4538
49 950
5 1777
14 634
14 633
5 2561
41 2070
41 2480
14 4539
12 4540
33 676
33 3728
1 203
5 4541
49 655
33 480
49 4542
12 3756
41 4250
44 686
5 159
41 4543
41 4544
41 4545
5 343
12 3800
43 2218
5 2209
33 1190
1 2611
33 4546
12 901
5 37
33 4547
38 4548
14 4515
41 3345
33 490
41 165
34 2070
18 1491
33 858
33 4549
33 4550
14 4551
33 4552
33 4553
33 4554
5 289
5 105
33 1448
49 4555
49 788
18 345
34 621
5 4556
18 4557
4 2977
14 4558
33 1735
1 3041
49 35
48 3467
4 2641
33 1925
33 4559
33 308
49 1653
1 103
49 85
14 74
14 788
34 506
18 1208
48 4560
4 896
4 943
1 3169
18 982
18 1405
18 148
34 2233
48 4561
48 4562
39 2680
39 2679
41 233
3 4563
33 4564
48 4565
14 4566
41 109
4 1945
41 714
18 1316
44 4567
4 1108
5 4568
30 816
38 1405
39 4569
14 4570
49 1492
38 2218
39 436
11 4571
30 377
30 3990
30 379
30 4572
38 1330
38 810
14 4573
39 4574
49 186
12 3633
12 3391
12 2379
14 4575
34 2875
43 1244
34 3127
18 1475
4 2071
48 205
48 1166
48 605
18 1696
18 1695
39 4576
5 4577
4 4578
48 210
48 4151
18 4579
4 881
4 773
48 1026
48 1153
48 2312
41 4580
48 1654
5 2084
41 735
14 1732
48 4581
30 4582
48 4583
41 381
1 3217
33 734
33 4584
44 4585
44 1517
44 1319
33 2089
44 2513
5 1316
33 337
33 4586
12 2950
33 4587
30 1215
18 4588
12 896
44 166
34 4589
4 1182
34 4590
39 4591
48 2622
48 4592
33 1224
48 3274
33 1258
38 1735
48 4593
48 4594
48 4369
48 4595
48 706
48 4596
48 456
10 253
1 1123
48 4597
48 4598
48 4599
48 4600
33 4601
48 4602
33 4603
44 62
48 4604
12 1564
44 242
28 542
48 4605
48 4606
38 430
14 4607
38 311
48 4608
48 4609
33 4610
33 784
4 4611
1 351
30 378
48 4612
4 4613
4 4208
48 4614
48 4530
30 1888
48 4615
14 3578
18 3092
30 161
4 3092
4 870
12 417
34 3638
34 4616
34 4617
14 967
14 2460
43 1050
41 482
41 3734
14 917
14 4618
41 311
48 4619
4 843
12 677
44 610
5 198
44 642
4 1419
4 4620
12 736
33 2218
5 1184
4 2849
4 213
48 1438
48 600
43 901
44 343
4 3127
4 2944
48 625
48 80
34 626
41 583
14 4446
4 4621
18 968
4 1000
12 185
12 186
1 4093
48 773
44 647
48 4622
34 326
48 4611
48 4623
14 2187
48 4624
30 910
30 4625
30 157
33 3725
48 4626
14 632
1 3518
1 2504
1 1727
33 4627
34 858
34 1985
4 4628
1 881
34 2096
4 325
1 2502
33 104
33 107
33 108
33 310
33 111
48 2418
1 4496
41 4629
33 3458
1 575
43 4630
30 4631
33 1344
44 4093
44 162
44 613
4 378
4 377
4 379
4 327
18 3045
4 4406
18 331
44 890
1 4632
4 329
1 730
4 161
44 1188
33 1463
12 1362
44 894
48 3246
41 4633
1 4634
33 385
1 4635
33 386
48 4636
44 2359
1 3074
48 4637
33 388
48 4638
44 3470
44 3428
28 425
44 2075
33 396
5 730
33 284
14 4630
48 1470
48 957
4 3278
1 1399
48 2118
1 1280
1 248
4 1822
1 3805
30 4639
48 4640
14 4641
49 160
30 1080
48 4642
33 2071
44 614
44 615
4 4643
48 449
4 788
4 35
48 450
30 75
4 732
48 934
14 1506
14 2319
18 4644
30 784
30 614
41 821
30 615
1 745
14 4645
5 417
5 374
5 375
34 3828
48 3177
48 1126
48 4646
48 4647
4 3828
14 896
1 3910
1 868
14 2829
14 17
38 2875
1 1208
1 2324
34 991
33 1394
43 4648
34 732
48 620
4 241
4 4540
4 418
4 2643
4 890
4 4649
4 4493
18 287
34 968
18 4650
4 1818
18 328
34 982
4 506
4 894
48 4651
14 2480
1 4652
1 1991
34 4047
33 2339
43 4238
28 4653
38 159
38 702
34 37
18 4654
30 425
33 4655
44 4369
44 418
44 4656
48 4657
33 810
38 3907
49 3902
14 3907
12 3902
44 1596
44 4197
44 3828
10 4658
48 3756
14 4659
34 3939
48 4660
49 4661
38 3933
18 4662
5 3933
12 4663
44 304
38 614
38 615
33 1109
14 4664
5 4665
1 3440
1 821
48 4666
30 1209
44 140
1 4667
1 4668
14 1153
1 2273
34 1113
1 4669
1 1807
41 1641
41 1048
4 1164
4 2792
33 109
33 516
44 4670
44 1963
4 4671
1 4672
30 103
4 1742
48 3361
1 1239
48 4673
30 4674
44 347
34 1153
30 946
34 4675
48 4676
11 942
30 4677
11 4678
11 4679
34 313
34 2730
34 3031
1 4680
44 648
1 2005
1 4681
41 326
44 491
33 1122
1 4682
11 4683
30 4392
18 4244
48 4684
1 3226
48 4160
1 62
41 2767
30 402
1 1714
28 496
1 162
1 313
14 4685
28 4686
41 434
1 2293
1 1188
43 4687
14 392
1 506
5 1818
1 3213
33 2075
1 3120
34 1662
34 544
48 4688
34 80
18 2006
48 4048
48 901
34 4689
30 1955
4 1080
18 449
18 450
34 228
30 146
34 2092
30 918
34 4690
34 4691
30 3413
1 855
57 906
57 4369
1 884
30 919
34 625
34 600
3 222
1 3015
30 4692
1 4693
30 886
1 2645
33 721
5 2471
1 4694
30 4695
44 4696
33 3157
30 4697
30 3307
44 4698
13 4699
48 4700
48 1167
57 4701
41 3283
41 4702
12 241
43 141
49 403
44 236
5 387
44 77
44 637
44 1925
44 4703
44 4704
44 2467
44 4705
1 1040
5 4706
43 147
43 149
43 574
43 153
5 4707
48 1820
49 460
49 464
43 215
38 4708
48 3228
34 1368
18 4709
1 4710
4 2997
18 4369
33 550
33 1477
34 2389
28 946
1 853
1 589
28 241
30 4093
1 4711
18 185
1 2210
4 3905
18 1259
1 1925
39 853
39 2455
39 4712
10 2055
10 1314
14 3282
34 2191
4 3044
39 3905
3 4713
3 4714
34 4318
28 647
48 74
44 207
1 4715
1 250
3 4716
34 2229
39 2139
34 4717
28 347
44 197
1 1080
44 244
44 83
28 4718
48 123
12 72
48 4719
34 4369
1 7
1 854
1 885
1 1209
14 1993
14 1995
14 1999
14 2008
34 562
34 1480
28 903
28 143
14 2005
43 2471
14 2095
49 3668
48 4454
18 3518
18 556
18 4435
14 4269
18 926
30 3402
30 4720
1 433
28 959
34 508
34 1987
28 275
30 214
39 706
34 673
5 1987
38 4721
1 1921
39 4722
5 560
44 233
28 148
44 3333
44 4723
48 4724
34 3054
34 499
39 4725
28 3319
33 4726
5 1332
1 449
41 2264
44 1807
34 75
12 390
1 450
1 1989
34 1587
48 112
4 3156
48 139
1 425
1 3156
4727 11
5 4728
1 4648
48 1182
34 1784
1 4729
48 4730
41 1370
34 1878
48 235
18 257
34 3954
12 831
18 872
48 409
48 272
1 3828
34 4731
44 1700
30 755
30 1190
48 2319
48 62
48 4732
30 659
48 4733
44 702
1 1359
