0 30 88
0 43 1050
0 18 735
0 43 2284
0 11 3964
0 43 330
0 57 80
0 3 3726
0 14 1998
0 18 561
0 41 2648
0 43 2447
0 13 2572
0 12 304
0 41 4544
0 10 605
0 49 896
0 39 3675
0 1 1229
0 41 809
0 10 72
0 4 531
0 13 500
0 38 650
0 48 854
0 44 251
0 57 1750
0 14 627
0 13 3601
0 48 272
0 33 141
0 12 1120
0 14 4359
0 10 2194
0 49 1679
0 41 291
0 28 2055
0 10 88
0 14 3282
0 4 22
0 57 377
0 10 1648
0 39 241
0 49 3263
0 18 1838
0 41 1714
0 34 590
0 10 2567
0 14 608
0 14 2587
0 14 4332
0 39 1283
0 12 18
0 48 67
0 38 2075
0 44 1784
0 34 3782
0 39 1699
0 41 717
0 12 1185
0 3 527
0 3 494
0 33 742
0 18 3526
0 49 77
0 39 2456
0 18 696
0 11 3944
0 18 3654
0 41 830
0 49 2423
0 43 2694
0 43 1000
0 39 970
0 1 3252
0 13 7
0 11 2104
0 44 701
0 41 873
0 39 2807
0 33 124
0 14 2992
0 38 1473
0 41 3345
0 49 1140
0 10 2470
0 10 1377
0 39 348
0 39 22
0 4 3999
0 34 292
0 43 2026
0 1 3059
0 10 361
0 18 328
0 41 4441
0 18 3762
0 18 816
0 14 496
0 5 197
0 14 225
0 12 3372
0 13 32
0 34 490
0 39 3665
0 10 64
0 33 2006
0 41 434
0 14 407
0 13 245
0 28 42
0 3 1435
0 5 111
0 18 4209
0 30 596
0 38 317
0 14 3040
0 13 2514
0 10 2869
0 34 2070
0 12 2257
0 4 3463
0 18 3642
0 34 399
0 41 3208
0 44 388
0 11 119
0 4 11
0 18 8
0 44 288
0 41 1960
0 34 3383
0 41 4119
0 4 3905
0 11 4571
0 14 633
0 49 1754
0 3 2849
0 14 3279
0 11 3203
0 10 2486
0 10 1427
0 5 659
0 33 2163
0 34 1151
0 33 193
0 38 377
0 33 1223
0 11 2280
0 18 982
0 38 311
0 49 82
0 33 707
0 12 623
0 11 3448
0 11 1961
0 39 1415
0 11 867
0 49 2611
0 30 194
0 11 2258
0 3 1014
0 34 387
0 49 915
0 39 1596
0 39 2923
0 5 3937
0 57 1432
0 33 324
0 10 196
0 1 1828
0 3 1835
0 41 1250
0 4 69
0 14 1354
0 49 1096
0 41 933
0 33 4367
0 34 4108
0 34 400
0 49 2225
0 48 1292
0 18 542
0 13 3771
0 10 2230
0 48 315
0 12 3159
0 34 4077
0 5 701
0 41 1096
0 33 1925
0 12 2527
0 5 1735
0 10 2632
0 28 1966
0 41 3185
0 13 1026
0 43 2350
0 34 312
0 33 835
0 3 1689
0 48 284
0 1 575
0 38 2094
0 34 2740
0 12 510
0 33 200
0 39 3325
0 5 3437
0 33 179
0 49 100
0 13 1019
0 39 2927
0 41 4306
0 10 987
0 28 37
0 1 2263
0 11 3557
0 30 4582
0 4 1822
0 38 691
0 44 968
0 3 762
0 11 2693
0 5 710
0 18 659
0 34 552
0 33 683
0 3 1529
0 38 191
0 34 1334
0 41 625
0 48 2511
0 38 4052
0 57 1888
0 57 425
0 1 2220
0 4 90
0 38 1470
0 5 101
0 1 784
0 10 758
0 48 449
0 1 4693
0 38 1584
0 14 1995
0 13 788
0 41 1179
0 18 90
0 11 1756
0 12 2330
0 33 7
0 11 1528
0 57 566
0 57 4701
0 1 2235
0 34 4104
0 48 536
0 44 4314
0 34 211
0 14 239
0 14 944
0 49 765
0 48 1167
0 39 855
0 38 2966
0 38 2170
0 5 308
0 5 230
0 11 1559
0 49 3789
0 5 96
0 41 590
0 1 2978
0 14 1050
0 43 288
0 14 634
0 18 294
0 18 1055
0 14 4036
0 34 4590
0 13 1150
0 34 4617
0 44 242
0 5 40
0 41 466
0 12 521
0 34 134
0 33 418
0 57 435
0 5 1779
0 33 228
0 57 2642
0 38 646
0 4 4036
0 44 179
0 28 334
0 49 512
0 44 419
0 3 88
0 44 273
0 39 2053
0 28 1731
0 57 284
0 48 3245
0 34 3860
0 41 760
0 11 1846
0 44 301
0 33 2212
0 11 1847
0 39 2981
0 13 2480
0 41 508
0 4 3512
0 38 348
0 18 703
0 14 3443
0 1 2013
0 41 1011
0 38 58
0 41 638
0 49 883
0 34 2671
0 44 197
0 11 121
0 41 4030
0 41 80
0 41 3135
0 10 3112
0 48 3490
0 34 1987
0 1 314
0 28 76
0 4 357
0 18 562
0 41 816
0 28 4653
0 49 2636
0 1 3818
0 48 222
0 48 588
0 34 1022
0 4 956
0 14 2061
0 18 587
0 33 1247
0 38 1737
0 10 3138
0 41 202
0 4 157
0 33 3402
0 38 583
0 41 115
0 33 3141
0 13 2781
0 48 934
0 12 642
0 4 773
0 43 199
0 43 2347
0 14 4366
0 43 1123
0 13 965
0 18 1899
0 12 2292
0 12 211
0 3 2130
0 14 659
0 49 1373
0 18 156
0 48 4454
0 12 1633
0 49 1480
0 13 155
0 14 3061
0 13 456
0 13 2418
0 49 4109
0 38 450
0 38 765
0 43 1012
0 43 1368
0 10 202
0 41 3124
0 38 665
0 13 1446
0 14 348
0 11 1534
0 41 74
0 1 3746
0 18 434
0 13 63
0 1 854
0 18 213
0 33 646
0 13 3851
0 1 1796
0 49 1652
0 14 2223
0 28 256
0 11 4027
0 39 2882
0 14 3066
0 43 1049
0 10 3599
0 44 15
0 10 328
0 12 1563
0 44 328
0 34 3856
0 44 2961
0 34 3056
0 1 1699
0 43 364
0 41 4505
0 38 62
0 3 199
0 28 508
0 38 3882
0 12 2122
0 34 230
0 14 321
0 1 4346
0 57 906
0 13 3210
0 13 230
0 44 233
0 34 4690
0 11 1983
0 3 185
0 49 161
0 1 450
0 10 703
0 33 1700
0 43 1405
0 48 1688
0 13 3265
0 5 23
0 30 916
0 57 115
0 39 886
0 30 3503
0 57 1046
0 39 1482
0 49 1999
0 11 1787
0 1 273
0 38 2076
0 14 2118
0 5 1423
0 13 1399
0 11 1364
0 43 784
0 43 2803
0 38 214
0 48 732
0 49 3168
0 33 971
0 38 3805
0 33 1284
0 18 1999
0 33 396
0 5 1414
0 38 2087
0 13 434
0 14 4195
0 41 1597
0 5 601
0 39 496
0 48 4031
0 14 1810
0 41 128
0 41 112
0 38 864
0 48 331
0 39 189
0 18 311
0 34 311
0 5 685
0 49 291
0 48 493
0 5 345
0 38 4165
0 30 3442
0 14 1153
0 39 703
0 3 1937
0 5 4438
0 33 1605
0 12 1086
0 44 597
0 43 177
0 57 1921
0 10 925
0 10 1059
0 43 2006
0 38 257
0 41 930
0 49 4498
0 49 1011
0 4 3434
0 13 227
0 14 2761
0 18 73
0 11 3549
0 39 2474
0 28 205
0 11 1802
0 33 4244
0 41 1170
0 34 22
0 41 860
0 48 831
0 5 257
0 11 1614
0 11 797
0 57 55
0 11 2601
0 48 348
0 14 2233
0 39 3301
0 28 1582
0 12 203
0 57 2792
0 13 4230
0 39 1053
0 1 143
0 14 2900
0 49 2006
0 10 230
0 1 197
0 49 968
0 38 248
0 49 3215
0 28 2404
0 10 3148
0 13 4223
0 41 1015
0 10 349
0 3 1139
0 48 542
0 44 107
0 41 2319
0 49 2070
0 38 315
0 1 4634
0 41 3100
0 33 198
0 49 1000
0 18 3137
0 33 595
0 13 702
0 13 1743
0 13 888
0 57 142
0 5 1190
0 48 4638
0 1 351
0 34 139
0 10 2209
0 0 1
0 18 425
0 10 76
0 11 3479
0 14 3300
0 13 1206
0 1 414
0 33 4461
0 43 503
0 43 104
0 1 238
0 13 1970
0 49 756
0 33 2355
0 3 1818
0 11 2757
0 18 4039
0 34 105
0 28 189
0 14 677
0 41 72
0 11 1851
0 14 4659
0 33 381
0 1 2085
0 18 83
0 57 464
0 48 4419
0 10 3338
0 5 675
0 33 1477
0 43 1139
0 18 1257
0 39 1724
0 3 3768
0 48 660
0 49 70
0 28 2108
0 5 4463
0 1 4246
0 11 1902
0 13 2609
0 12 202
0 10 1177
0 13 2169
0 38 1636
0 48 456
0 30 931
0 1 482
0 10 1572
0 43 2749
0 1 189
0 34 1920
0 12 759
0 13 3590
0 1 3667
0 14 2770
0 34 854
0 28 2531
0 1 3763
0 14 4398
0 33 6
0 41 1718
0 13 313
0 13 90
0 41 214
0 49 332
0 48 2132
0 13 35
0 57 712
0 11 1361
0 48 4530
0 4 242
0 12 325
0 34 424
0 33 1263
0 11 2105
0 12 1282
0 49 211
0 33 427
0 18 710
0 5 1335
0 30 366
0 5 561
0 18 1138
0 18 64
0 13 2852
0 43 695
0 34 4047
0 49 1955
0 34 717
0 57 2611
0 11 1748
0 5 761
0 30 82
0 12 3950
0 48 514
0 38 1385
0 30 1424
0 5 2132
0 4 868
0 57 978
0 18 4579
0 49 2528
0 5 3238
0 18 510
0 57 2489
0 13 204
0 38 354
0 14 177
0 14 970
0 10 1562
0 13 1060
0 34 978
0 14 88
0 38 779
0 49 1241
0 34 3649
0 34 637
0 39 929
0 11 1801
0 10 466
0 11 1691
0 39 162
0 38 4329
0 13 2516
0 4 128
0 14 2956
0 5 491
0 14 3063
0 39 951
0 12 1536
0 48 1907
0 4 4540
0 39 1312
0 4 334
0 49 4524
0 14 830
0 38 1055
0 39 3741
0 18 455
0 1 248
0 14 1545
0 49 478
0 5 135
0 33 1929
0 41 3393
0 4026 11
0 4 3685
0 43 2743
0 14 294
0 13 1101
0 18 203
0 33 4552
0 3 3416
0 44 275
0 3 1872
0 18 1086
0 28 712
0 10 1520
0 12 395
0 57 702
0 18 2642
0 43 848
0 41 203
0 49 1257
0 14 1631
0 5 863
0 13 157
0 33 1943
0 14 4607
0 41 2269
0 43 3161
0 39 3724
0 48 2823
0 28 332
0 4 1316
0 13 573
0 57 97
0 10 1391
0 13 214
0 41 4525
0 10 982
0 11 144
0 34 737
0 38 466
0 30 380
0 3 428
0 49 4467
0 43 2816
0 14 2266
0 41 204
0 48 481
0 28 460
0 5 133
0 5 271
0 11 2620
0 41 29
0 49 7
0 33 540
0 11 2166
0 14 1138
0 28 713
0 57 614
0 5 4213
0 39 894
0 43 2763
0 33 64
0 34 779
0 33 1122
0 14 3975
0 49 1166
0 38 110
0 11 401
0 44 22
0 43 3003
0 5 16
0 12 849
0 13 460
0 49 3925
0 18 779
0 48 901
0 4 427
0 34 4123
0 39 3080
0 44 717
0 44 545
0 43 2688
0 38 742
0 4 3417
0 1 4668
0 43 677
0 43 139
0 4 77
0 44 3741
0 14 623
0 43 1065
0 13 2651
0 28 207
0 28 1294
0 49 110
0 14 2219
0 57 2053
0 14 4446
0 18 3881
0 18 1438
0 5 942
0 34 3618
0 57 29
0 48 4561
0 48 203
0 13 1162
0 41 2136
0 11 1906
0 13 1381
0 5 1627
0 1 4025
0 1 178
0 14 3259
0 14 2074
0 43 82
0 43 389
0 33 811
0 39 196
0 14 572
0 18 2454
0 3 928
0 10 1370
0 44 2638
0 43 1131
0 1 2583
0 28 2078
0 18 3400
0 12 3279
0 13 148
0 41 1382
0 11 1626
0 49 1071
0 48 477
0 14 1662
0 48 148
0 43 805
0 13 1175
0 10 74
0 39 1382
0 11 1594
0 43 2415
0 33 227
0 4 214
0 49 1300
0 34 392
0 3 82
0 1 2264
0 30 642
0 48 3440
0 12 1910
0 14 203
0 10 1007
0 49 3950
0 34 1206
0 34 419
0 5 1640
0 33 1184
0 14 3077
0 5 2418
0 39 1145
0 33 2443
0 49 593
0 30 37
0 38 2643
0 11 2123
0 18 345
0 13 540
0 11 640
0 44 4310
0 57 2725
0 38 1113
0 34 4197
0 14 1878
0 41 284
0 13 1545
0 14 1772
0 57 816
0 38 2896
0 41 3559
0 3 206
0 14 2096
0 11 4124
0 5 1405
0 34 3907
0 38 2930
0 43 193
0 38 2116
0 1 313
0 39 773
0 14 601
0 4 3278
0 48 3518
0 3 602
0 14 542
0 14 1274
0 44 373
0 18 158
0 39 224
0 10 1818
0 39 614
0 48 139
0 48 4642
0 3 714
0 41 326
0 13 62
0 11 1670
0 13 696
0 1 153
0 33 1422
0 41 1040
0 13 2663
0 39 543
0 41 2033
0 44 601
0 5 560
0 11 3532
0 5 242
0 4 2958
0 10 1259
0 34 304
0 30 4674
0 41 69
0 30 178
0 11 1697
0 10 2873
0 38 1893
0 4 1462
0 41 855
0 41 1973
0 49 897
0 3 357
0 48 696
0 49 345
0 1 4139
0 39 2963
0 3 1166
0 13 1742
0 4 1066
0 10 854
0 4 632
0 33 1158
0 13 765
0 4 82
0 43 466
0 1 1662
0 38 1272
0 14 3953
0 38 4257
0 1 596
0 12 603
0 34 910
0 44 1462
0 4 3828
0 5 426
0 48 2339
0 14 3794
0 34 245
0 18 2660
0 13 1030
0 33 255
0 38 956
0 18 2674
0 44 181
0 10 1163
0 5 623
0 30 2366
0 39 4574
0 48 42
0 18 162
0 57 1596
0 28 2114
0 3 143
0 41 161
0 57 139
0 49 732
0 38 1781
0 38 2776
0 49 2115
0 4 2617
0 5 496
0 5 4503
0 48 1153
0 14 32
0 18 3635
0 41 1282
0 48 968
0 1 2290
0 38 2728
0 13 1081
0 12 4445
0 5 566
0 10 1085
0 12 2950
0 44 99
0 38 509
0 48 206
0 57 538
0 41 4477
0 11 3611
0 33 1981
0 49 2570
0 11 2574
0 33 3371
0 14 2075
0 1 4175
0 10 1066
0 28 69
0 5 220
0 5 332
0 43 2756
0 10 1417
0 34 526
0 28 597
0 5 178
0 13 970
0 33 815
0 10 2189
0 48 99
0 38 910
0 28 223
0 12 1984
0 33 1236
0 49 718
0 18 128
0 5 1066
0 28 52
0 49 2008
0 57 1455
0 10 400
0 11 1349
0 41 884
0 1 4407
0 1 2202
0 41 735
0 49 333
0 28 64
0 11 1885
0 14 200
0 30 1076
0 4 15
0 48 1138
0 39 3639
0 38 873
0 14 1450
0 10 3110
0 14 4318
0 48 4091
0 57 927
0 3985 11
0 4 2643
0 33 2218
0 33 1077
0 14 3086
0 28 1318
0 49 1687
0 4 3433
0 13 191
0 48 1394
0 13 20
0 49 20
0 33 831
0 48 3476
0 34 496
0 1 334
0 41 2293
0 5 702
0 48 377
0 41 718
0 14 4551
0 39 157
0 1 452
0 38 2545
0 44 134
0 4 642
0 4 3128
0 38 2477
0 12 1448
0 4 394
0 5 2112
0 30 2555
0 33 4513
0 33 2189
0 43 1922
0 14 146
0 34 2132
0 43 763
0 48 4581
0 57 642
0 34 256
0 39 379
0 18 3427
0 5 1056
0 34 1108
0 49 913
0 41 946
0 39 872
0 3 275
0 5 1208
0 11 3963
0 3 595
0 57 3672
0 38 3134
0 57 2059
0 1 1708
0 11 1852
0 4 1699
0 1 2414
0 18 628
0 38 632
0 33 3052
0 38 1190
0 28 573
0 13 620
0 44 303
0 49 460
0 13 1292
0 12 2503
0 30 631
0 33 1393
0 33 4603
0 14 3902
0 30 189
0 18 3318
0 41 2011
0 39 3025
0 44 274
0 13 583
0 44 157
0 49 1228
0 13 256
0 48 2824
0 48 1820
0 34 1040
0 33 905
0 11 1494
0 44 4348
0 3 729
0 28 2339
0 49 47
0 10 2885
0 48 179
0 33 2673
0 1 2050
0 12 407
0 33 760
0 12 1814
0 34 77
0 30 3990
0 1 2285
0 14 4641
0 13 597
0 33 1078
0 10 2496
0 44 4567
0 33 1407
0 33 76
0 14 3164
0 38 1292
0 13 3442
0 14 3836
0 18 3887
0 43 621
0 33 1480
0 48 198
0 43 1659
0 11 2658
0 14 816
0 4 1170
0 11 1904
0 1 276
0 1 205
0 38 4192
0 10 3058
0 18 513
0 5 3931
0 30 381
0 3 449
0 38 1086
0 11 2120
0 41 1831
0 49 179
0 30 213
0 38 1735
0 14 3256
0 10 1055
0 11 2129
0 11 2593
0 10 507
0 10 1297
0 4 1000
0 30 148
0 13 3616
0 41 2347
0 5 11
0 41 4501
0 1 4412
0 4 933
0 13 1071
0 39 1480
0 1 403
0 44 4204
0 3 189
0 44 4703
0 4 542
0 38 830
0 39 2588
0 5 244
0 38 4050
0 41 1292
0 3 162
0 5 696
0 33 1718
0 33 47
0 30 230
0 39 3686
0 1 631
0 39 53
0 41 1837
0 12 197
0 4 380
0 11 3889
0 48 2418
0 4 2768
0 41 3601
0 41 221
0 41 3475
0 18 3054
0 34 3951
0 11 277
0 34 3911
0 33 1372
0 30 623
0 49 407
0 38 2127
0 10 80
0 57 1387
0 43 2084
0 4 114
0 41 147
0 13 1813
0 38 3056
0 49 1587
0 48 4143
0 12 1967
0 18 93
0 14 2991
0 34 555
0 11 1932
0 48 586
0 5 3913
0 13 6
0 5 3342
0 48 3274
0 1 340
0 4 2792
0 43 1749
0 1 2075
0 44 69
0 33 2719
0 14 4289
0 4 1945
0 34 1570
0 48 3743
0 49 1427
0 14 632
0 41 1820
0 39 1399
0 34 830
0 43 830
0 41 2740
0 3 4244
0 4 1039
0 48 3568
0 38 321
0 13 1831
0 38 230
0 18 464
0 13 1126
0 57 60
0 39 1102
0 30 449
0 13 1244
0 18 1925
0 41 4038
0 41 139
0 11 1410
0 3 3789
0 28 414
0 41 1306
0 33 1462
0 18 257
0 34 2108
0 12 1714
0 39 2117
0 41 2358
0 10 1480
0 18 3516
0 43 2746
0 4 4014
0 11 3445
0 38 205
0 13 1401
0 5 4302
0 43 4512
0 4 1089
0 38 2849
0 14 4344
0 38 177
0 28 132
0 1 2071
0 41 4193
0 10 1671
0 33 625
0 41 480
0 5 221
0 48 47
0 33 2380
0 3 1776
0 5 860
0 1 3582
0 39 460
0 18 3486
0 49 1141
0 30 598
0 12 922
0 34 347
0 34 2495
0 14 2267
0 39 853
0 14 873
0 43 29
0 18 1295
0 44 4293
0 18 856
0 39 2455
0 14 349
0 39 2962
0 14 224
0 10 998
0 10 179
0 48 3575
0 43 153
0 48 4056
0 34 951
0 13 1442
0 28 2708
0 33 1561
0 33 455
0 30 1888
0 34 153
0 49 143
0 13 967
0 12 200
0 38 148
0 30 4093
0 3 104
0 1 348
0 30 143
0 13 1249
0 33 2001
0 14 4037
0 1 1292
0 1 4164
0 41 2789
0 38 4053
0 57 2794
0 3 1055
0 48 335
0 14 3422
0 18 626
0 41 2487
0 4 596
0 14 928
0 4 492
0 14 802
0 13 244
0 3 3763
0 5 340
0 49 686
0 12 632
0 41 37
0 1 3268
0 1 2022
0 1 2223
0 33 926
0 41 3546
0 11 1933
0 14 2115
0 3 3485
0 14 4029
0 18 1714
0 33 23
0 38 2858
0 57 129
0 41 227
0 13 860
0 13 464
0 5 2902
0 41 1662
0 48 425
0 48 4636
0 57 3760
0 39 3754
0 38 72
0 11 3481
0 14 968
0 57 161
0 14 2246
0 4 483
0 48 128
0 14 4088
0 12 947
0 18 2443
0 48 872
0 4 318
0 39 906
0 49 230
0 44 2716
0 49 214
0 13 2905
0 1 3074
0 34 2229
0 4 3663
0 30 322
0 48 380
0 10 1310
0 11 1485
0 3 1089
0 13 2402
0 48 1796
0 5 542
0 11 3450
0 44 2002
0 57 1000
0 5 1122
0 33 386
0 41 4443
0 3 1875
0 57 996
0 12 3939
0 14 432
0 11 1832
0 38 395
0 57 931
0 39 1822
0 44 176
0 30 304
0 49 2131
0 43 2457
0 4 8
0 41 342
0 43 1210
0 39 15
0 44 2194
0 18 1208
0 39 1362
0 13 2183
0 49 534
0 57 3004
0 34 239
0 38 839
0 1 4710
0 39 2307
0 14 1225
0 14 2045
0 39 2139
0 18 3166
0 1 8
0 3 995
0 1 29
0 5 3588
0 1 434
0 57 203
0 13 2608
0 10 2210
0 1 1076
0 48 3224
0 18 4110
0 44 4307
0 33 204
0 3 1294
0 18 3895
0 13 141
0 5 327
0 14 463
0 34 224
0 18 3745
0 44 1294
0 34 3436
0 5 3290
0 49 6
0 38 3541
0 10 2216
0 49 932
0 1 643
0 13 466
0 4 1206
0 39 3755
0 43 520
0 38 83
0 34 686
0 41 2085
0 14 141
0 18 1237
0 49 2077
0 14 178
0 5 116
0 4 275
0 13 1322
0 28 87
0 10 3028
0 30 105
0 48 509
0 38 1918
0 5 287
0 33 66
0 13 873
0 13 1501
0 33 3230
0 30 142
0 44 108
0 34 543
0 3 3708
0 34 4403
0 5 1699
0 1 2057
0 11 2271
0 49 1947
0 14 499
0 3 107
0 48 3533
0 11 2049
0 41 974
0 12 3035
0 33 659
0 30 1742
0 5 1955
0 48 4076
0 28 190
0 14 4187
0 1 630
0 18 379
0 1 393
0 34 623
0 30 455
0 49 1469
0 11 1855
0 44 4276
0 28 1224
0 12 735
0 4 870
0 4 178
0 48 1699
0 41 4233
0 57 1209
0 10 2560
0 10 1672
0 41 52
0 14 4288
0 48 4596
0 39 425
0 57 2951
0 49 111
0 30 919
0 12 64
0 49 574
0 57 562
0 13 468
0 14 428
0 30 3502
0 48 1000
0 3 1401
0 1 4055
0 43 1448
0 10 1318
0 43 982
0 44 3710
0 5 386
0 38 1675
0 49 1517
0 1 4007
0 41 215
0 13 590
0 44 2036
0 10 3137
0 49 2500
0 11 258
0 49 2408
0 12 3800
0 38 1249
0 43 64
0 5 417
0 28 2203
0 38 3354
0 49 1998
0 10 677
0 30 881
0 43 81
0 14 4286
0 14 858
0 44 133
0 48 935
0 39 1095
0 5 504
0 12 810
0 41 1190
0 41 55
0 1 885
0 5 4411
0 18 2233
0 3 2234
0 39 583
0 38 2011
0 39 3107
0 1 2413
0 11 280
0 34 317
0 14 164
0 18 4588
0 48 3485
0 14 1585
0 30 421
0 43 702
0 39 1323
0 44 937
0 43 23
0 12 685
0 57 779
0 38 4251
0 57 228
0 34 2768
0 43 4491
0 18 937
0 34 460
0 49 1118
0 11 1623
0 1 540
0 13 273
0 49 3261
0 48 605
0 39 4725
0 41 622
0 14 903
0 34 1239
0 44 211
0 12 1289
0 44 881
0 49 2390
0 10 2217
0 3 3781
0 48 4651
0 3 2883
0 14 2051
0 1 803
0 33 256
0 1 2375
0 3 2901
0 43 1293
0 4 1182
0 28 930
0 49 3214
0 43 2073
0 33 4490
0 18 2858
0 34 3460
0 43 2066
0 44 3485
0 1 935
0 57 831
0 11 1842
0 34 3912
0 38 1891
0 41 3121
0 14 2983
0 28 813
0 5 2411
0 14 1295
0 44 193
0 57 932
0 49 771
0 18 4097
0 57 162
0 3 42
0 18 2310
0 13 2654
0 10 502
0 43 2712
0 28 225
0 43 626
0 5 3222
0 1 4681
0 44 100
0 44 1754
0 57 104
0 44 784
0 39 2881
0 14 3345
0 11 2619
0 11 1757
0 18 523
0 28 115
0 11 792
0 48 74
0 12 1921
0 41 156
0 3 3060
0 12 604
0 34 73
0 41 1189
0 49 1274
0 14 199
0 13 2796
0 38 2160
0 48 659
0 38 2377
0 57 1127
0 49 164
0 41 2017
0 33 1191
0 14 622
0 34 1464
0 18 2010
0 49 135
0 11 2627
0 5 69
0 39 842
0 41 2035
0 18 946
0 57 191
0 10 2177
0 14 4016
0 48 290
0 34 4423
0 39 542
0 34 730
0 34 809
0 13 292
0 48 4600
0 11 3204
0 10 2504
0 1 529
0 3 2307
0 10 1084
0 34 2013
0 33 1152
0 14 1027
0 5 855
0 14 16
0 18 460
0 11 1882
0 34 760
0 5 478
0 34 2736
0 33 681
0 49 2557
0 38 1179
0 33 701
0 34 553
0 38 2380
0 18 2829
0 39 3328
0 14 1276
0 1 2111
0 39 3819
0 38 316
0 43 855
0 43 3600
0 1 1258
0 28 241
0 44 52
0 28 88
0 18 637
0 48 3500
0 49 3176
0 11 794
0 12 72
0 30 377
0 28 82
0 10 3115
0 48 137
0 44 1279
0 13 496
0 44 223
0 33 1080
0 33 638
0 57 440
0 38 1103
0 10 2851
0 1 3138
0 5 153
0 12 593
0 41 6
0 10 1210
0 41 334
0 41 1815
0 57 1099
0 14 3933
0 41 4504
0 57 289
0 57 759
0 43 398
0 3 2779
0 49 1945
0 1 3073
0 12 1462
0 39 696
0 33 3138
0 30 103
0 33 1288
0 1 1926
0 1 496
0 44 428
0 33 4546
0 30 179
0 57 49
0 34 625
0 13 2498
0 5 689
0 48 773
0 5 3106
0 5 2209
0 11 2760
0 1 203
0 10 2622
0 39 2855
0 41 2187
0 12 1509
0 3 1700
0 28 2535
0 5 584
0 39 1297
0 3 62
0 34 1883
0 34 4515
0 5 2060
0 38 886
0 39 735
0 49 781
0 38 1854
0 4 2096
0 5 273
0 1 2850
0 43 3019
0 30 4695
0 12 1566
0 1 1667
0 14 1377
0 18 4142
0 41 4381
0 18 840
0 44 290
0 48 710
0 33 379
0 39 3259
0 49 598
0 11 4683
0 18 4435
0 3 1463
0 5 76
0 48 2919
0 57 81
0 4 407
0 33 526
0 49 63
0 30 3307
0 13 1089
0 49 311
0 30 2075
0 11 1792
0 43 717
0 33 1222
0 34 860
0 44 4656
0 38 2641
0 43 211
0 33 695
0 49 11
0 49 1076
0 57 93
0 5 256
0 5 425
0 43 127
0 18 2552
0 18 615
0 11 3957
0 34 241
0 49 1995
0 3 455
0 44 289
0 12 160
0 10 444
0 39 127
0 4 901
0 38 4090
0 30 830
0 4 2889
0 28 354
0 33 629
0 1 4390
0 11 3962
0 1 3468
0 33 563
0 41 3416
0 4 701
0 49 3089
0 41 1036
0 18 3047
0 34 2389
0 43 197
0 33 80
0 10 700
0 44 2864
0 43 99
0 1 913
0 18 302
0 13 116
0 49 37
0 14 292
0 48 4105
0 5 1976
0 38 143
0 1 139
0 10 702
0 33 135
0 1 978
0 18 4650
0 33 138
0 57 469
0 39 3302
0 33 3615
0 10 479
0 49 1747
0 3 1511
0 39 598
0 33 2674
0 44 184
0 28 333
0 44 104
0 14 3897
0 10 485
0 33 583
0 4 830
0 18 399
0 38 1330
0 57 1395
0 41 54
0 18 4345
0 14 322
0 34 1919
0 49 673
0 26 5
0 49 608
0 28 483
0 44 148
0 14 655
0 10 4658
0 41 313
0 38 874
0 49 772
0 1 686
0 39 819
0 33 3125
0 49 370
0 43 1612
0 13 1008
0 39 610
0 11 1951
0 48 1096
0 43 348
0 1 574
0 3 542
0 34 855
0 18 4140
0 34 3966
0 49 860
0 38 464
0 57 65
0 39 3320
0 49 104
0 41 176
0 14 541
0 43 202
0 41 2987
0 11 2515
0 13 1265
0 11 1856
0 3 760
0 41 967
0 57 2997
0 49 1163
0 34 3636
0 34 946
0 38 2503
0 13 248
0 38 868
0 43 813
0 3 1202
0 13 77
0 43 1677
0 14 2916
0 4 4147
0 18 2324
0 14 1087
0 41 899
0 3 134
0 10 574
0 38 4202
0 43 2506
0 38 3903
0 39 605
0 41 3805
0 38 3902
0 1 289
0 49 1422
0 48 494
0 12 2998
0 49 1990
0 43 1086
0 12 1350
0 28 426
0 33 311
0 28 110
0 12 409
0 13 858
0 3 1066
0 18 2263
0 14 1589
0 41 2069
0 14 568
0 12 1831
0 5 817
0 33 541
0 39 956
0 13 1311
0 44 7
0 44 180
0 39 1066
0 38 2424
0 33 3273
0 30 4404
0 33 3345
0 34 901
0 33 143
0 38 2473
0 49 2099
0 3 292
0 34 197
0 41 2730
0 43 1492
0 48 478
0 49 454
0 14 139
0 18 196
0 14 4539
0 11 265
0 57 677
0 33 1392
0 39 1259
0 48 982
0 18 600
0 41 3619
0 43 147
0 41 53
0 38 1108
0 18 1089
0 43 483
0 33 2264
0 43 2092
0 1 1344
0 33 1821
0 34 3386
0 18 127
0 11 1800
0 18 19
0 11 3447
0 48 4177
0 14 131
0 33 3093
0 10 1080
0 18 55
0 41 2065
0 34 3620
0 10 2878
0 39 910
0 10 1088
0 1 2489
0 1 407
0 33 1417
0 57 2728
0 11 4152
0 13 29
0 48 3429
0 38 958
0 1 22
0 28 276
0 12 4385
0 49 290
0 38 3927
0 4 99
0 5 15
0 5 3195
0 10 3585
0 1 1724
0 13 1166
0 13 22
0 38 595
0 3 127
0 13 736
0 18 1040
0 49 1844
0 48 141
0 49 854
0 44 894
0 1 3891
0 38 1838
0 43 831
0 38 1116
0 10 1069
0 10 100
0 48 2159
0 12 108
0 5 822
0 41 483
0 33 426
0 44 550
0 41 4455
0 4 3605
0 30 284
0 3 1071
0 5 394
0 10 1000
0 34 3523
0 44 200
0 13 1874
0 4 189
0 13 11
0 48 4043
0 28 62
0 33 103
0 14 2920
0 1 160
0 41 1574
0 33 890
0 48 3507
0 30 930
0 18 195
0 5 3458
0 49 155
0 14 3008
0 14 302
0 34 659
0 30 1138
0 13 1522
0 10 3250
0 48 642
0 13 2993
0 1 237
0 38 610
0 2143 5
0 39 330
0 5 1127
0 44 164
0 44 2371
0 14 11
0 18 1179
0 12 291
0 43 620
0 34 520
0 10 1010
0 39 4201
0 18 3993
0 41 1379
0 49 858
0 43 1858
0 14 4355
0 41 15
0 43 40
0 14 4044
0 33 665
0 5 1741
0 43 541
0 48 3801
0 28 116
0 18 3688
0 4 1596
0 1 2063
0 13 69
0 34 890
0 30 3354
0 11 3207
0 38 2023
0 11 3455
0 3 1167
0 12 821
0 1 2181
0 49 568
0 14 2134
0 34 703
0 4 4628
0 33 127
0 13 343
0 44 610
0 49 914
0 5 77
0 18 1460
0 1 4377
0 49 1388
0 34 503
0 10 555
0 3 1130
0 38 4158
0 41 165
0 44 2933
0 43 390
0 38 561
0 14 1970
0 34 652
0 1 98
0 12 854
0 44 830
0 41 149
0 44 3839
0 13 1737
0 12 1033
0 38 23
0 14 3306
0 43 3217
0 41 464
0 14 1011
0 18 2001
0 28 946
0 41 191
0 49 3843
0 14 485
0 3 2269
0 39 4273
0 3 28
0 57 74
0 13 1094
0 11 1656
0 18 676
0 18 4068
0 38 3571
0 4 2075
0 33 1213
0 49 2439
0 38 809
0 39 242
0 13 1857
0 41 872
0 13 1196
0 13 2467
0 34 3609
0 14 2904
0 14 214
0 10 637
0 28 590
0 4 418
0 41 890
0 18 37
0 12 1333
0 49 3157
0 38 1313
0 33 713
0 18 23
0 38 3177
0 18 3909
0 48 2434
0 43 310
0 34 8
0 34 3998
0 41 3152
0 41 228
0 28 101
0 41 4035
0 41 4069
0 4 995
0 12 3246
0 48 2821
0 41 2019
0 18 26
0 14 562
0 4 196
0 34 626
0 48 3231
0 43 242
0 33 1208
0 43 110
0 13 707
0 34 747
0 39 959
0 4 70
0 13 2495
0 14 1732
0 10 968
0 34 653
0 41 1076
0 14 4486
0 1 32
0 13 1171
0 1 4373
0 11 2631
0 48 3876
0 4 913
0 48 296
0 48 133
0 10 1406
0 13 953
0 49 2334
0 49 373
0 3 1243
0 33 830
0 10 1448
0 38 449
0 617 3491
0 13 1055
0 5 2471
0 43 1681
0 12 1675
0 49 1329
0 41 1132
0 39 25
0 14 1283
0 48 3817
0 5 4487
0 12 2681
0 1 1418
0 5 1434
0 11 282
0 11 3777
0 49 99
0 14 4322
0 14 160
0 43 90
0 44 429
0 11 1871
0 1 1399
0 10 3925
0 13 2547
0 38 712
0 5 1185
0 1 3828
0 12 896
0 48 548
0 13 1822
0 1 4253
0 44 748
0 41 1280
0 4 161
0 14 540
0 1 2357
0 49 1276
0 18 4176
0 3 320
0 28 397
0 3 450
0 48 1920
0 44 2946
0 5 3172
0 10 831
0 49 292
0 5 506
0 18 210
0 18 3453
0 38 161
0 10 1543
0 3 200
0 13 1274
0 41 1546
0 39 3332
0 3 597
0 11 1768
0 3 384
0 43 2210
0 18 3633
0 12 1235
0 34 3634
0 38 190
0 14 4229
0 18 625
0 39 1090
0 41 642
0 10 1725
0 18 642
0 13 3705
0 34 1152
0 44 3552
0 13 1582
0 18 758
0 10 1041
0 3 66
0 14 3310
0 44 183
0 11 1865
0 48 115
0 38 19
0 34 4421
0 57 179
0 1 176
0 1 16
0 10 198
0 30 3622
0 33 1415
0 11 1526
0 12 207
0 49 788
0 39 199
0 14 2446
0 33 1466
0 48 1062
0 28 2071
0 14 2661
0 1 316
0 10 1530
0 41 3558
0 10 311
0 18 2108
0 43 205
0 4 3607
0 34 4427
0 10 2603
0 39 225
0 48 913
0 10 284
0 34 666
0 49 3104
0 5 107
0 43 2283
0 12 4160
0 39 3079
0 41 3240
0 33 385
0 1 701
0 41 698
0 41 1536
0 48 916
0 11 3321
0 43 164
0 34 3661
0 13 964
0 49 387
0 48 4178
0 5 595
0 34 453
0 14 72
0 14 460
0 14 1641
0 13 190
0 14 328
0 18 2359
0 41 1101
0 13 4416
0 39 536
0 10 1065
0 48 868
0 34 2233
0 38 1407
0 10 1006
0 39 993
0 18 4243
0 49 464
0 48 4623
0 49 884
0 14 1820
0 4 2060
0 41 4451
0 34 3905
0 14 210
0 14 3271
0 34 3641
0 33 913
0 41 333
0 14 8
0 1 587
0 44 6
0 11 2566
0 11 1611
0 39 21
0 38 40
0 3 1671
0 5 4428
0 14 2181
0 18 3241
0 12 617
0 3 1344
0 34 3547
0 1 157
0 57 276
0 38 2310
0 4 4069
0 48 673
0 44 2805
0 48 645
0 1 1954
0 33 2361
0 33 146
0 38 1861
0 34 3731
0 10 604
0 1 383
0 57 613
0 34 16
0 14 4352
0 18 1754
0 13 1182
0 18 878
0 10 2380
0 14 273
0 12 1156
0 48 340
0 49 583
0 18 4369
0 14 159
0 1 2293
0 5 1558
0 13 1324
0 12 3439
0 14 4048
0 43 2514
0 48 23
0 34 274
0 43 2814
0 13 974
0 38 562
0 49 273
0 3 2510
0 41 2045
0 18 3862
0 10 477
0 41 3143
0 49 545
0 30 1099
0 10 189
0 5 4728
0 49 424
0 12 2269
0 5 3181
0 41 248
0 5 885
0 39 2844
0 43 853
0 44 438
0 10 538
0 48 4353
0 30 1276
0 48 3598
0 38 615
0 1 933
0 33 69
0 18 2987
0 3 29
0 14 2952
0 38 165
0 43 696
0 39 1160
0 13 631
0 14 1890
0 33 673
0 5 193
0 14 842
0 18 3687
0 11 3194
0 14 3994
0 48 842
0 11 1914
0 39 620
0 38 53
0 49 256
0 4 313
0 1 2109
0 28 2206
0 38 430
0 41 736
0 3 1065
0 38 1899
0 39 1545
0 33 478
0 11 3484
0 13 809
0 44 942
0 44 4197
0 43 2142
0 1 2096
0 4 2353
0 10 1347
0 38 659
0 18 4146
0 10 696
0 10 1061
0 44 4303
0 39 3137
0 14 2866
0 18 2246
0 43 3247
0 44 385
0 49 1139
0 28 347
0 41 135
0 43 4457
0 33 2427
0 28 131
0 57 23
0 13 199
0 13 26
0 43 2385
0 39 275
0 41 196
0 12 425
0 44 266
0 48 4420
0 13 701
0 10 1002
0 13 100
0 39 42
0 30 701
0 34 236
0 30 1316
0 5 562
0 11 4296
0 10 1396
0 13 1765
0 28 700
0 14 1665
0 18 3416
0 39 1274
0 12 1362
0 44 3840
0 10 2466
0 34 2196
0 38 3551
0 11 1602
0 13 2186
0 38 942
0 33 4005
0 44 1237
0 38 4102
0 5 2406
0 34 632
0 33 776
0 12 228
0 11 2988
0 44 585
0 14 2905
0 43 230
0 30 3576
0 43 2352
0 3 19
0 34 47
0 44 196
0 10 1239
0 44 4312
0 33 1998
0 44 125
0 14 2865
0 4 968
0 43 506
0 38 3330
0 30 440
0 49 142
0 10 135
0 41 3769
0 12 1167
0 13 207
0 43 291
0 13 1123
0 13 1734
0 1 292
0 44 872
0 28 274
0 39 61
0 49 2491
0 4 2289
0 28 2338
0 14 193
0 5 2372
0 18 157
0 4 469
0 10 760
0 18 1163
0 11 3444
0 4 2030
0 44 1810
0 57 2581
0 10 1264
0 48 1464
0 44 4203
0 18 4133
0 34 3202
0 48 2730
0 43 417
0 28 226
0 33 126
0 5 981
0 3 2715
0 43 884
0 12 255
0 18 745
0 44 3038
0 48 334
0 49 770
0 28 1781
0 44 2922
0 18 3799
0 30 4639
0 49 674
0 10 2911
0 34 3387
0 39 4569
0 4 4578
0 3 742
0 49 1066
0 48 3144
0 38 503
0 14 4570
0 3 287
0 13 1116
0 13 176
0 38 2740
0 30 402
0 1 623
0 39 2310
0 18 575
0 11 308
0 38 99
0 57 143
0 43 203
0 3 58
0 13 2464
0 49 4661
0 18 906
0 48 328
0 49 2200
0 38 648
0 1 910
0 38 1065
0 10 101
0 44 190
0 39 23
0 48 578
0 4 65
0 39 1050
0 39 2912
0 11 4426
0 48 3914
0 44 4349
0 10 1508
0 14 1065
0 49 2738
0 57 863
0 33 2477
0 33 1210
0 5 139
0 43 916
0 48 1065
0 28 502
0 43 1273
0 5 148
0 30 310
0 13 2462
0 13 1407
0 1 2774
0 43 228
0 57 1280
0 48 747
0 18 2450
0 28 99
0 33 2039
0 11 3960
0 14 784
0 4 1396
0 1 425
0 48 4131
0 57 735
0 18 830
0 1 647
0 48 890
0 41 1407
0 34 878
0 39 707
0 38 673
0 43 2032
0 1 1232
0 41 3283
0 33 2490
0 57 881
0 18 2006
0 43 864
0 57 1282
0 28 139
0 10 1661
0 48 29
0 12 177
0 11 1788
0 39 284
0 12 1166
0 11 3456
0 30 1892
0 41 2662
0 44 4431
0 49 950
0 28 1086
0 3 981
0 1 213
0 34 378
0 45 50
0 57 4369
0 18 500
0 57 6
0 28 595
0 14 3882
0 13 1105
0 10 886
0 48 706
0 14 29
0 12 2493
0 33 359
0 1 11
0 38 97
0 30 1066
0 34 213
0 33 460
0 3 4271
0 4 686
0 48 4605
0 11 4414
0 33 1619
0 14 3981
0 49 466
0 33 503
0 1 1280
0 33 3416
0 4 1208
0 34 587
0 43 3190
0 11 1604
0 28 340
0 30 206
0 5 1984
0 33 224
0 49 16
0 3 3002
0 49 203
0 48 4619
0 33 1215
0 43 4485
0 14 2953
0 1 1274
0 10 647
0 38 157
0 49 26
0 4 3411
0 38 3907
0 33 506
0 39 1464
0 1 2603
0 10 513
0 18 449
0 48 4615
0 1 215
0 18 3974
0 3 3051
0 33 4510
0 41 937
0 18 1362
0 18 3723
0 4 2736
0 34 194
0 13 1417
0 11 2582
0 13 257
0 3 2777
0 48 685
0 49 630
0 33 729
0 28 1188
0 5 1773
0 38 1536
0 18 3903
0 41 1437
0 13 1447
0 5 3013
0 43 1258
0 18 855
0 30 160
0 33 175
0 13 679
0 12 3054
0 38 2005
0 13 3606
0 33 464
0 3 363
0 18 2293
0 57 2996
0 41 4580
0 49 480
0 12 450
0 48 627
0 3 211
0 43 1988
0 38 3874
0 5 115
0 34 141
0 3 332
0 41 4633
0 49 2083
0 41 892
0 44 160
0 38 760
0 18 686
0 3 603
0 41 3128
0 48 3629
0 5 357
0 13 2616
0 3 1945
0 13 1147
0 18 1151
0 34 398
0 14 1152
0 48 4093
0 49 491
0 30 597
0 5 4255
0 39 450
0 3 2948
0 49 1822
0 10 148
0 33 317
0 18 381
0 3 225
0 1 636
0 1 1998
0 10 2211
0 18 3231
0 10 2859
0 39 4225
0 33 15
0 30 242
0 49 1316
0 10 3024
0 41 3088
0 12 2336
0 33 1810
0 10 1845
0 48 855
0 33 4534
0 38 2269
0 57 2546
0 39 913
0 49 1144
0 13 2264
0 12 859
0 18 4644
0 43 1239
0 14 536
0 18 3812
0 48 561
0 34 3763
0 49 647
0 41 209
0 3 111
0 43 394
0 14 1281
0 12 2379
0 18 392
0 14 2363
0 5 3036
0 41 1589
0 38 127
0 41 2509
0 38 2829
0 34 214
0 1 1100
0 1 585
0 3 2931
0 28 1887
0 11 1439
0 44 96
0 30 594
0 41 2837
0 1 177
0 34 423
0 38 4048
0 14 1653
0 48 100
0 13 1702
0 34 4199
0 43 1504
0 34 801
0 41 935
0 41 2768
0 33 111
0 1 703
0 33 107
0 28 53
0 33 1198
0 48 2246
0 28 324
0 1 541
0 4 538
0 34 2438
0 12 3582
0 30 200
0 11 2247
0 10 972
0 5 2875
0 48 3431
0 57 3080
0 10 128
0 30 600
0 48 229
0 4 728
0 49 540
0 43 129
0 5 149
0 1 3805
0 14 331
0 48 3608
0 5 1128
0 49 348
0 49 1952
0 38 4054
0 43 143
0 3 2523
0 5 874
0 34 701
0 11 3744
0 10 3871
0 1 272
0 18 59
0 30 257
0 38 3298
0 13 1944
0 28 1399
0 33 881
0 13 1782
0 10 134
0 49 4079
0 5 159
0 57 22
0 14 149
0 18 2173
0 3 149
0 1 71
0 49 2048
0 4 1071
0 38 2552
0 34 2035
0 3 2621
0 3 2236
0 10 1145
0 10 2463
0 1 196
0 12 736
0 49 1576
0 12 1249
0 14 2498
0 49 308
0 12 3182
0 4 874
0 18 244
0 48 96
0 34 3544
0 39 105
0 18 16
0 34 1878
0 4 3419
0 34 200
0 39 155
0 43 418
0 39 2720
0 48 1636
0 18 4033
0 48 1438
0 41 1281
0 1 3440
0 10 1380
0 4 426
0 39 3648
0 39 2985
0 41 164
0 44 136
0 39 927
0 30 155
0 34 198
0 49 597
0 12 1872
0 4 384
0 10 560
0 10 1151
0 12 1529
0 38 3972
0 18 3467
0 11 1371
0 11 1593
0 30 4720
0 49 743
0 48 1677
0 49 81
0 57 2392
0 41 4120
0 44 638
0 11 4205
0 11 128
0 49 4362
0 38 1991
0 3 2581
0 5 102
0 39 634
0 1 449
0 14 20
0 13 1303
0 13 3127
0 4 4010
0 18 755
0 3 37
0 57 315
0 28 995
0 49 1964
0 1 3742
0 48 69
0 10 464
0 33 721
0 11 1881
0 3 2846
0 34 3408
0 14 330
0 11 268
0 18 888
0 49 58
0 11 1849
0 13 1642
0 33 784
0 1 2195
0 10 1477
0 3 161
0 10 2943
0 10 3231
0 44 614
0 3 1582
0 34 444
0 57 2307
0 1 2082
0 39 3076
0 11 1148
0 49 742
0 49 249
0 4 3609
0 11 82
0 44 427
0 49 2222
0 4 860
0 14 3343
0 49 213
0 14 454
0 38 233
0 10 786
0 49 885
0 1 2561
0 44 4093
0 49 329
0 14 3980
0 34 4086
0 5 39
0 28 3610
0 12 2728
0 34 942
0 48 470
0 41 1420
0 34 1089
0 49 723
0 44 349
0 14 1436
0 43 225
0 34 161
0 34 562
0 33 310
0 14 747
0 14 685
0 48 193
0 33 1239
0 14 1462
0 49 2043
0 18 872
0 49 1107
0 38 1285
0 43 1675
0 41 2460
0 18 193
0 34 1517
0 49 587
0 5 1693
0 5 80
0 11 2692
0 18 647
0 57 214
0 38 856
0 1 2234
0 28 742
0 38 2158
0 44 623
0 28 23
0 49 780
0 3 2006
0 12 449
0 33 1190
0 10 124
0 48 2005
0 13 1375
0 48 558
0 41 2736
0 48 332
0 43 1610
0 4 232
0 3 1247
0 34 2605
0 44 440
0 10 450
0 44 4369
0 1 4132
0 5 4458
0 57 1294
0 12 2761
0 30 647
0 43 409
0 5 1444
0 10 317
0 1 1040
0 30 3919
0 39 979
0 49 1599
0 14 394
0 28 1089
0 11 2876
0 39 2673
0 5 48
0 34 377
0 38 1265
0 49 196
0 4 4277
0 34 88
0 4 600
0 18 3063
0 38 1819
0 1 492
0 5 968
0 4 3510
0 5 1981
0 39 2433
0 12 1755
0 44 2730
0 4 430
0 49 881
0 1 1776
0 13 1985
0 13 16
0 13 2456
0 41 189
0 34 4159
0 3 103
0 33 109
0 34 2360
0 10 690
0 12 1138
0 14 1206
0 14 3286
0 1 2324
0 14 4284
0 1 2034
0 44 431
0 34 1227
0 41 4470
0 43 72
0 10 924
0 4 2094
0 30 4367
0 13 853
0 1 937
0 3 1154
0 44 1716
0 13 732
0 39 3806
0 1915 38
0 33 202
0 14 621
0 10 239
0 11 3748
0 38 3046
0 1 2092
0 3 1106
0 13 2786
0 1 2388
0 57 773
0 48 2250
0 28 503
0 49 800
0 41 4250
0 43 1039
0 1 2152
0 41 177
0 41 931
0 45 11
0 1 3782
0 11 3890
0 44 1062
0 57 630
0 5 861
0 5 2721
0 1 1179
0 18 155
0 41 1564
0 1 288
0 48 3950
0 11 1790
0 13 1018
0 48 153
0 4 4290
0 10 47
0 3 3739
0 44 340
0 10 2891
0 34 4430
0 34 610
0 33 626
0 12 901
0 43 3278
0 48 816
0 5 2378
0 48 227
0 13 1317
0 41 207
0 38 201
0 48 318
0 10 1728
0 57 2790
0 48 2603
0 10 1367
0 12 327
0 38 320
0 5 99
0 14 156
0 1 2009
0 18 3333
0 57 2704
0 33 108
0 13 255
0 39 701
0 18 4128
0 48 4092
0 3 2302
0 39 2799
0 48 235
0 18 4099
0 39 3756
0 38 2381
0 11 1352
0 5 3219
0 49 2067
0 33 378
0 14 272
0 33 496
0 10 1307
0 1 570
0 18 239
0 39 1552
0 44 1089
0 13 928
0 34 3596
0 14 4069
0 4 2071
0 18 3876
0 3 2783
0 14 3903
0 3 502
0 49 29
0 49 3368
0 34 1065
0 11 2103
0 10 2910
0 41 4440
0 14 917
0 5 377
0 49 3853
0 30 1190
0 39 3662
0 5 235
0 10 930
0 44 3440
0 11 122
0 10 199
0 28 127
0 28 615
0 41 1175
0 5 4533
0 48 1224
0 14 4630
0 14 129
0 57 2460
0 44 1963
0 18 287
0 12 201
0 10 190
0 34 3939
0 41 1319
0 10 1751
0 14 19
0 28 2480
0 3 164
0 34 4048
0 48 4657
0 44 488
0 38 626
0 33 4627
0 1 1700
0 18 690
0 39 4325
0 30 1209
0 3 913
0 43 4687
0 3 213
0 49 891
0 1 4079
0 3 870
0 41 3930
0 18 4375
0 34 1724
0 39 210
0 48 1899
0 10 193
0 3 885
0 49 894
0 3 2584
0 33 565
0 1 37
0 33 2929
0 38 175
0 48 3246
0 48 15
0 57 1001
0 14 700
0 12 3170
0 39 3339
0 49 561
0 34 76
0 18 1700
0 11 2213
0 33 4482
0 11 3316
0 34 228
0 33 894
0 10 23
0 28 2368
0 33 1387
0 33 1948
0 13 872
0 13 2571
0 49 3515
0 14 2530
0 1 3041
0 10 1942
0 10 2764
0 14 2203
0 38 284
0 49 334
0 10 1188
0 14 642
0 1 1991
0 4 202
0 1 1190
0 5 1678
0 30 10
0 12 2171
0 41 1613
0 1 860
0 4 393
0 18 860
0 1 491
0 14 175
0 10 141
0 3 3730
0 14 4007
0 44 407
0 28 371
0 33 686
0 38 894
0 10 2685
0 57 747
0 34 346
0 44 696
0 1 3023
0 30 441
0 13 379
0 10 610
0 5 2084
0 57 396
0 34 2246
0 4 243
0 41 1258
0 43 248
0 13 143
0 48 954
0 18 4144
0 11 4000
0 33 1928
0 14 446
0 5 510
0 1 2106
0 41 194
0 48 330
0 10 2499
0 33 349
0 14 3814
0 5 97
0 43 1784
0 49 778
0 11 1950
0 44 956
0 5 1316
0 49 327
0 18 3432
0 39 786
0 1 1587
0 49 188
0 3 222
0 43 1094
0 34 1973
0 48 1919
0 33 2402
0 34 4691
0 1 3988
0 13 2698
0 10 1462
0 14 545
0 14 464
0 14 1113
0 14 4330
0 44 185
0 49 128
0 49 3668
0 41 19
0 33 1377
0 57 2488
0 10 2849
0 14 1438
0 11 2618
0 38 381
0 14 3792
0 33 1481
0 12 1355
0 39 1011
0 10 2649
0 38 90
0 38 128
0 18 1638
0 41 502
0 1 2117
0 38 1892
0 3 215
0 49 1272
0 49 1069
0 38 3580
0 44 648
0 14 4618
0 14 36
0 4 937
0 10 2482
0 4 3392
0 44 948
0 3072 3
0 1 530
0 3 574
0 18 2126
0 3 2536
0 33 75
0 14 492
0 5 2790
0 1 2126
0 33 105
0 43 2218
0 18 776
0 14 4371
0 30 573
0 49 2458
0 34 358
0 33 706
0 14 3378
0 14 2073
0 48 37
0 10 225
0 44 2681
0 48 209
0 4 734
0 13 2603
0 14 1731
0 33 895
0 3 2718
0 48 4612
0 13 1295
0 33 1513
0 38 2218
0 10 315
0 1 3216
0 14 1610
0 43 514
0 39 1818
0 57 394
0 33 1218
0 30 438
0 33 2309
0 1 1422
0 1 331
0 10 2187
0 18 831
0 18 148
0 41 970
0 49 1662
0 39 161
0 49 2525
0 49 340
0 5 407
0 10 920
0 5 310
0 38 379
0 3 274
0 10 3594
0 12 879
0 39 76
0 44 2075
0 41 4433
0 10 3045
0 13 2478
0 44 4339
0 44 203
0 30 466
0 5 311
0 4 3540
0 43 3014
0 33 712
0 34 3811
0 49 1362
0 28 1718
0 39 373
0 48 4214
0 41 3732
0 34 327
0 3 1282
0 5 3907
0 13 213
0 3 2529
0 28 248
0 13 276
0 48 224
0 4 496
0 14 3978
0 33 744
0 41 2418
0 14 2949
0 38 2939
0 41 2835
0 33 477
0 38 3303
0 4 358
0 49 845
0 1 506
0 49 199
0 38 3923
0 1 1089
0 13 403
0 14 3467
0 44 1274
0 48 532
0 28 2432
0 14 4269
0 10 520
0 34 3892
0 12 659
0 43 241
0 48 1957
0 11 2405
0 3 545
0 33 334
0 5 4480
0 14 967
0 38 2108
0 33 325
0 43 76
0 3 1297
0 38 390
0 3 156
0 41 3170
0 5 773
0 14 2382
0 49 735
0 33 332
0 1 2877
0 5 112
0 34 3499
0 41 3554
0 34 3678
0 48 4468
0 13 1651
0 57 1188
0 12 2086
0 49 224
0 39 3597
0 49 2455
0 43 2459
0 33 854
0 41 874
0 13 1095
0 12 3017
0 11 1905
0 57 2269
0 11 4112
0 41 2370
0 13 802
0 41 93
0 3 1751
0 38 210
0 41 1048
0 38 3416
0 14 3065
0 14 3969
0 33 153
0 49 2440
0 18 404
0 18 560
0 1 1282
0 5 486
0 14 227
0 10 1674
0 10 183
0 33 734
0 33 709
0 1 2262
0 38 3054
0 11 350
0 11 3029
0 39 3802
0 14 1506
0 14 483
0 4 1167
0 14 4460
0 18 3729
0 14 417
0 34 1368
0 14 434
0 41 3734
0 45 46
0 13 2840
0 48 4684
0 49 2679
0 13 1074
0 38 162
0 13 949
0 13 886
0 48 3303
0 1 567
0 5 388
0 57 994
0 57 555
0 38 3525
0 33 896
0 30 161
0 41 1532
0 11 3707
0 1 642
0 5 4061
0 13 2648
0 44 90
0 13 3677
0 38 2130
0 5 538
0 34 4061
0 38 108
0 30 1014
0 13 2853
0 39 2938
0 1 2713
0 13 79
0 5 2400
0 43 734
0 14 2925
0 12 37
0 43 210
0 12 1453
0 48 155
0 34 75
0 34 3632
0 14 1314
0 44 4024
0 12 3391
0 38 736
0 44 325
0 1 6
0 5 2625
0 41 3085
0 39 1185
0 3 377
0 18 21
0 38 1422
0 5 1271
0 39 236
0 10 990
0 1 1641
0 13 1262
0 34 2332
0 30 1963
0 48 127
0 30 1080
0 10 434
0 5 1754
0 11 278
0 1 1742
0 49 417
0 49 149
0 43 2409
0 48 2307
0 4 765
0 41 630
0 13 2075
0 14 956
0 39 730
0 3 784
0 33 398
0 34 886
0 34 1667
0 49 4363
0 57 1016
0 13 177
0 13 944
0 18 387
0 3 1456
0 10 2864
0 18 621
0 1 3815
0 10 61
0 34 868
0 3 623
0 41 3425
0 13 656
0 12 193
0 43 1641
0 38 2272
0 39 1294
0 5 1437
0 18 4085
0 28 398
0 1 1853
0 18 619
0 10 730
0 44 3577
0 48 87
0 39 2854
0 41 2480
0 18 874
0 1 10
0 14 114
0 3 1088
0 14 47
0 18 2524
0 48 3428
0 33 128
0 48 295
0 41 23
0 39 1601
0 39 621
0 44 166
0 41 600
0 14 3697
0 30 400
0 34 3440
0 49 752
0 48 658
0 5 2224
0 13 64
0 38 74
0 57 47
0 49 2201
0 38 758
0 49 354
0 44 1113
0 13 196
0 39 3926
0 10 2492
0 44 2950
0 28 1379
0 12 333
0 12 561
0 48 3630
0 18 995
0 10 1628
0 4 1823
0 48 273
0 38 195
0 33 855
0 12 2322
0 18 343
0 41 58
0 57 573
0 33 213
0 57 105
0 34 3910
0 11 4413
0 1 1568
0 14 3153
0 11 2315
0 13 371
0 1 894
0 43 1113
0 18 3250
0 1 26
0 13 1058
0 38 65
0 34 285
0 5 7
0 13 2556
0 30 146
0 48 3797
0 3 1777
0 38 3892
0 5 2249
0 38 3442
0 5 3475
0 30 2450
0 1 2698
0 34 2821
0 3 398
0 5 4459
0 30 3391
0 43 2344
0 18 1285
0 39 4591
0 34 606
0 49 87
0 12 2387
0 39 3603
0 28 47
0 4 3668
0 12 145
0 44 2388
0 14 978
0 5 882
0 48 596
0 33 369
0 10 93
0 1 1567
0 38 460
0 44 418
0 12 35
0 14 201
0 34 3300
0 49 73
0 57 2967
0 11 2744
0 33 620
0 3 1326
0 3 873
0 5 590
0 49 1122
0 48 4081
0 4 1662
0 41 2613
0 13 1378
0 33 1274
0 11 168
0 5 1189
0 11 2659
0 34 545
0 5 3092
0 41 137
0 57 2
0 44 310
0 12 112
0 34 179
0 21 5
0 38 4163
0 1 3531
0 34 2220
0 48 464
0 41 868
0 10 1319
0 34 480
0 1 2294
0 33 988
0 41 4051
0 18 40
0 49 4488
0 33 1111
0 44 25
0 3 816
0 34 3935
0 18 3459
0 13 1209
0 34 3956
0 38 498
0 33 1089
0 49 1923
0 1 194
0 5 699
0 44 135
0 3 1121
0 11 3027
0 41 136
0 39 868
0 33 26
0 1 3561
0 39 3928
0 28 506
0 49 571
0 49 3183
0 12 1977
0 33 872
0 1 516
0 1 21
0 3 193
0 1 1087
0 34 324
0 30 3626
0 43 244
0 18 1523
0 5 4013
0 41 2643
0 14 343
0 41 1450
0 11 1797
0 34 52
0 33 3088
0 38 1288
0 33 2524
0 5 870
0 18 4078
0 49 315
0 14 4664
0 14 717
0 28 765
0 18 959
0 18 116
0 5 1362
0 43 101
0 33 291
0 10 1179
0 48 149
0 18 227
0 41 1826
0 12 919
0 1 4196
0 12 417
0 11 3720
0 33 2173
0 34 146
0 34 4239
0 5 1267
0 49 3838
0 11 1880
0 4 76
0 13 3333
0 39 202
0 5 462
0 49 1582
0 44 11
0 5 4556
0 44 621
0 41 304
0 12 873
0 30 628
0 33 1302
0 14 25
0 28 341
0 39 901
0 49 1321
0 18 4115
0 18 4121
0 1 3075
0 3 2457
0 38 77
0 34 3041
0 41 912
0 49 4555
0 1 4334
0 30 3404
0 10 881
0 4 1108
0 48 1925
0 12 608
0 34 2730
0 48 1584
0 43 1754
0 3 747
0 10 1613
0 13 934
0 30 583
0 5 872
0 13 1281
0 48 575
0 28 903
0 11 1690
0 1 87
0 49 3841
0 12 377
0 39 381
0 30 610
0 4 206
0 18 673
0 33 1344
0 44 1212
0 41 148
0 49 685
0 49 1641
0 34 3412
0 33 1206
0 30 73
0 28 78
0 43 1945
0 3 942
0 11 667
0 1 520
0 34 1699
0 4 3403
0 14 405
0 5 1572
0 38 3267
0 33 598
0 13 2067
0 5 1490
0 49 3258
0 49 1016
0 10 603
0 30 3633
0 14 702
0 1 2721
0 4 61
0 18 3523
0 14 2915
0 11 624
0 14 2628
0 10 308
0 1 3734
0 1 4391
0 13 15
0 43 3167
0 5 1276
0 28 1421
0 12 100
0 38 597
0 43 989
0 33 982
0 49 939
0 33 1207
0 57 135
0 57 271
0 11 3701
0 43 659
0 48 2545
0 5 727
0 34 344
0 1 1450
0 11 1766
0 33 157
0 48 587
0 30 4625
0 41 1735
0 13 545
0 18 1113
0 3 2209
0 5 186
0 5 4218
0 18 424
0 48 108
0 4 1379
0 3 1108
0 48 239
0 1 3518
0 14 4221
0 39 2787
0 43 1465
0 43 2722
0 43 4630
0 5 825
0 28 3361
0 39 1591
0 5 469
0 57 969
0 11 1553
0 3 310
0 49 1479
0 34 4164
0 13 855
0 57 204
0 5 858
0 48 90
0 48 1754
0 10 2208
0 1 4652
0 43 894
0 43 967
0 44 257
0 41 124
0 33 1104
0 5 3138
0 33 2196
0 49 1275
0 34 556
0 38 239
0 34 521
0 14 4062
0 3 196
0 13 1394
0 49 755
0 33 842
0 41 130
0 39 1586
0 11 1603
0 10 334
0 33 1280
0 49 97
0 49 3848
0 57 2995
0 34 3903
0 34 875
0 5 1895
0 33 448
0 28 1609
0 14 2730
0 18 3804
0 10 1185
0 4 164
0 49 971
0 34 74
0 18 1963
0 48 294
0 39 1388
0 34 203
0 5 200
0 33 1123
0 12 330
0 1 1396
0 10 908
0 11 2329
0 14 4242
0 14 951
0 3 47
0 38 81
0 57 1042
0 10 1389
0 43 2060
0 18 544
0 18 850
0 11 1808
0 41 562
0 39 2669
0 44 62
0 48 603
0 13 228
0 14 76
0 48 3878
0 49 501
0 13 128
0 14 3337
0 4 3795
0 4 293
0 10 2568
0 11 307
0 41 2976
0 57 868
0 10 3938
0 38 1262
0 28 510
0 14 2319
0 41 77
0 18 3574
0 30 506
0 3 197
0 33 1225
0 49 1588
0 57 371
0 49 895
0 48 1596
0 4 1100
0 44 297
0 39 4722
0 38 15
0 49 3854
0 34 2264
0 11 2286
0 14 3948
0 10 2479
0 49 233
0 34 575
0 5 143
0 30 1379
0 57 1274
0 39 146
0 4 3567
0 5 2823
0 33 1999
0 41 3582
0 14 2269
0 3 23
0 41 349
0 34 2681
0 38 3979
0 18 3945
0 5 2655
0 34 596
0 49 3145
0 11 3188
0 48 8
0 41 1066
0 13 1318
0 10 3716
0 12 379
0 39 1210
0 10 201
0 39 540
0 49 343
0 11 27
0 1 105
0 11 2592
0 34 354
0 12 213
0 10 3318
0 33 3365
0 13 1073
0 38 140
0 13 1080
0 41 129
0 34 568
0 48 310
0 12 148
0 13 3054
0 41 1727
0 34 3521
0 30 7
0 39 8
0 41 62
0 14 3137
0 11 3312
0 13 2643
0 14 4328
0 18 398
0 34 2561
0 5 274
0 39 4270
0 14 3280
0 11 1270
0 43 2815
0 11 3482
0 13 291
0 13 1172
0 14 1413
0 41 2056
0 5 2199
0 18 968
0 14 400
0 44 240
0 3 166
0 39 1470
0 33 316
0 30 115
0 48 540
0 12 104
0 5 597
0 39 190
0 49 1233
0 41 513
0 12 557
0 43 2699
0 28 0
0 41 773
0 43 107
0 39 1406
0 43 860
0 49 1238
0 43 2820
0 4 329
0 4 1190
0 41 745
0 14 4041
0 33 570
0 57 506
0 18 913
0 41 2767
0 12 760
0 39 2798
0 30 654
0 3 210
0 43 448
0 33 593
0 48 1470
0 48 995
0 34 466
0 18 80
0 39 2834
0 3 146
0 10 1316
0 30 420
0 10 3711
0 34 494
0 49 107
0 49 64
0 14 2379
0 39 840
0 1 4020
0 30 3470
0 44 55
0 49 156
0 38 676
0 41 509
0 10 1332
0 18 747
0 10 331
0 33 839
0 18 3035
0 5 81
0 461 30
0 33 3157
0 10 162
0 48 520
0 13 955
0 57 116
0 33 841
0 49 310
0 48 522
0 43 806
0 43 738
0 28 22
0 10 1468
0 39 177
0 30 1828
0 18 1116
0 14 2095
0 1 4632
0 49 1500
0 5 155
0 13 179
0 49 1609
0 48 4608
0 44 1517
0 14 324
0 13 189
0 1 3291
0 14 4089
0 39 3122
0 14 4015
0 14 933
0 30 275
0 10 133
0 10 2227
0 11 1346
0 43 2800
0 39 3078
0 43 1464
0 10 1399
0 49 1074
0 49 590
0 49 3385
0 57 2842
0 49 642
0 12 2282
0 38 193
0 10 1052
0 39 884
0 38 625
0 33 1992
0 34 225
0 4 622
0 12 2366
0 41 2680
0 5 343
0 49 832
0 14 2442
0 33 1065
0 34 2884
0 41 1295
0 3 3714
0 5 3173
0 1 1319
0 38 1085
0 12 2181
0 49 890
0 10 2188
0 4 327
0 49 103
0 49 71
0 12 3033
0 11 117
0 3 2641
0 12 4540
0 14 157
0 39 96
0 14 2480
0 38 160
0 41 4527
0 49 893
0 11 2190
0 30 62
0 49 4437
0 18 4136
0 33 42
0 1 628
0 18 1636
0 39 1206
0 18 308
0 10 506
0 44 955
0 13 1525
0 49 1314
0 44 1396
0 10 679
0 33 1175
0 5 2357
0 12 244
0 3511 4
0 43 942
0 33 1982
0 43 3299
0 1 4228
0 12 1208
0 38 2178
0 57 510
0 12 378
0 44 214
0 4 480
0 57 1044
0 49 2805
0 57 2529
0 1 2198
0 43 2070
0 49 553
0 3 2828
0 49 803
0 48 276
0 38 1742
0 34 982
0 14 491
0 33 1135
0 1 1955
0 33 233
0 28 1873
0 10 1152
0 10 3442
0 41 3191
0 11 1916
0 43 380
0 34 2006
0 18 4003
0 3 331
0 43 878
0 14 2603
0 11 174
0 18 22
0 57 178
0 38 2093
0 48 11
0 34 995
0 48 313
0 33 115
0 14 3255
0 34 670
0 34 1415
0 48 1742
0 14 3877
0 41 2264
0 13 729
0 48 287
0 43 1380
0 10 158
0 10 878
0 4 881
0 11 2251
0 1 816
0 1 442
0 1 123
0 1 3156
0 10 340
0 4 843
0 3 466
0 14 959
0 4 477
0 43 901
0 5 4577
0 14 906
0 33 387
0 1 1276
0 38 1859
0 11 3958
0 14 6
0 33 490
0 48 3228
0 33 329
0 1 1677
0 38 2081
0 39 937
0 48 4180
0 39 2823
0 14 2346
0 41 4450
0 41 2612
0 49 80
0 39 989
0 49 4019
0 11 3199
0 49 185
0 39 4264
0 48 379
0 39 214
0 41 490
0 3 2977
0 18 179
0 14 1754
0 33 185
0 44 220
0 12 486
0 11 1547
0 13 2657
0 48 64
0 33 823
0 3 1234
0 28 160
0 12 587
0 39 2810
0 3 3863
0 39 3220
0 4 1076
0 1 91
0 49 202
0 10 759
0 10 62
0 43 575
0 4 241
0 38 649
0 13 1398
0 14 161
0 41 732
0 4 1269
0 49 3562
0 48 6
0 44 4315
0 18 52
0 14 3041
0 18 290
0 43 3177
0 14 2821
0 10 717
0 41 208
0 1 590
0 30 4402
0 11 1684
0 57 385
0 11 2614
0 41 371
0 38 842
0 11 2751
0 44 4350
0 38 2022
0 12 33
0 3 672
0 30 3519
0 13 419
0 41 195
0 33 1366
0 5 419
0 41 2303
0 4 807
0 11 1898
0 10 602
0 14 679
0 10 427
0 34 149
0 43 2028
0 48 657
0 18 3476
0 1 1925
0 14 2932
0 10 1336
0 14 233
0 10 1143
0 49 393
0 39 706
0 5 385
0 3 4266
0 5 1417
0 1 956
0 44 253
0 33 1113
0 14 855
0 57 600
0 49 1308
0 39 1641
0 49 193
0 49 2095
0 5 1969
0 33 2501
0 14 1069
0 14 4566
0 41 460
0 43 1151
0 38 29
0 49 3842
0 14 15
0 49 1129
0 3 241
0 5 2444
0 14 158
0 49 227
0 33 2640
0 1 745
0 3 631
0 48 1732
0 38 714
0 57 372
0 3 75
0 48 202
0 13 1297
0 10 3127
0 1 4129
0 30 52
0 49 22
0 12 4150
0 39 1267
0 38 2794
0 5 3097
0 33 684
0 41 1396
0 5 4439
0 11 260
0 5 625
0 33 1276
0 41 1026
0 28 7
0 41 703
0 57 979
0 28 4198
0 3 2489
0 5 141
0 44 311
0 1 4669
0 5 286
0 43 1174
0 43 71
0 11 1836
0 18 66
0 3 340
0 49 714
0 33 482
0 49 101
0 13 76
0 13 1351
0 33 4319
0 1 890
0 49 524
0 41 71
0 43 732
0 34 1742
0 14 1232
0 39 499
0 38 3835
0 57 545
0 33 327
0 14 4207
0 18 3646
0 11 3550
0 3 3772
0 38 1960
0 1 3069
0 1 2371
0 43 825
0 1 562
0 33 901
0 13 3063
0 38 3326
0 3 2281
0 18 3946
0 33 257
0 34 713
0 57 2126
0 11 473
0 38 1981
0 12 1834
0 12 1669
0 49 3527
0 13 1524
0 38 1699
0 48 2435
0 44 542
0 34 407
0 13 2563
0 41 1464
0 28 20
0 41 4449
0 33 196
0 5 466
0 41 916
0 11 2551
0 38 3952
0 44 675
0 38 155
0 48 434
0 1 1989
0 33 927
0 18 115
0 4 127
0 33 288
0 12 394
0 5 521
0 44 540
0 5 2835
0 44 316
0 14 4397
0 1 190
0 49 398
0 33 1673
0 10 2055
0 49 194
0 34 3442
0 13 1013
0 30 575
0 14 327
0 34 3774
0 4 4009
0 10 3054
0 28 177
0 57 2646
0 44 886
0 48 4724
0 41 3353
0 5 390
0 4 201
0 38 642
0 48 4004
0 43 165
0 41 811
0 5 2421
0 3 705
0 3 133
0 5 35
0 18 3509
0 49 935
0 39 2871
0 12 4149
0 49 469
0 10 1242
0 44 20
0 10 1382
0 48 370
0 41 2173
0 33 3905
0 33 856
0 5 1239
0 41 2563
0 34 506
0 49 3154
0 18 3650
0 14 974
0 13 1596
0 48 3892
0 1 959
0 28 29
0 10 600
0 11 2577
0 39 873
0 38 2058
0 18 3666
0 33 4379
0 13 317
0 44 53
0 4 233
0 38 3362
0 13 1272
0 38 4279
0 4 21
0 33 4080
0 49 316
0 13 1186
0 48 510
0 44 1282
0 34 193
0 18 967
0 33 4274
0 5 1630
0 1 1477
0 13 201
0 39 1370
0 43 406
0 39 903
0 43 764
0 18 166
0 3 2552
0 14 1094
0 28 686
0 34 507
0 57 1831
0 14 2126
0 13 1086
0 48 4637
0 34 620
0 5 913
0 3 3766
0 28 894
0 48 3927
0 13 3297
0 11 4012
0 5 19
0 11 3451
0 39 3749
0 48 211
0 13 901
0 11 2148
0 14 1504
0 14 2230
0 10 3155
0 13 1714
0 5 868
0 49 1985
0 11 1804
0 11 1557
0 3 207
0 13 2295
0 44 1587
0 39 1182
0 33 737
0 11 796
0 3 632
0 43 73
0 28 224
0 39 3016
0 3 974
0 41 185
0 28 129
0 49 129
0 18 87
0 49 3373
0 11 118
0 12 612
0 10 3340
0 13 1441
0 13 2730
0 57 199
0 13 875
0 14 1421
0 1 499
0 49 1337
0 4 4611
0 41 702
0 4 460
0 43 2811
0 43 956
0 18 3950
0 5 1251
0 48 256
0 14 3741
0 3 126
0 13 1065
0 48 3284
0 49 739
0 13 2184
0 10 3683
0 39 292
0 18 2023
0 1 103
0 49 3253
0 44 1100
0 1 64
0 43 3252
0 5 2730
0 48 176
0 3 141
0 41 3646
0 39 991
0 49 1895
0 34 502
0 41 647
0 49 21
0 39 3710
0 49 846
0 18 3252
0 30 1075
0 44 528
0 57 77
0 34 455
0 34 491
0 10 215
0 30 355
0 14 4244
0 28 967
0 5 1406
0 10 2495
0 14 3675
0 12 1299
0 44 1470
0 49 1418
0 10 1314
0 41 2179
0 4 1193
0 43 148
0 10 2065
0 4 620
0 49 2905
0 11 2150
0 39 1742
0 18 62
0 48 200
0 10 1450
0 11 1760
0 10 1122
0 18 1152
0 41 977
0 57 615
0 11 3198
0 39 112
0 48 4640
0 13 3609
0 34 422
0 11 1616
0 12 103
0 18 191
0 33 1100
0 34 1100
0 33 3282
0 49 1080
0 3 4716
0 38 2768
0 12 512
0 48 3379
0 48 4730
0 1 1859
0 41 1600
0 48 373
0 14 3275
0 4 1011
0 41 224
0 11 3396
0 38 1276
0 12 74
0 48 2291
0 28 148
0 34 712
0 38 1166
0 10 1717
0 18 2961
0 39 3617
0 49 3883
0 3 3832
0 34 3563
0 57 1895
0 28 201
0 28 468
0 11 1729
0 39 1700
0 48 398
0 12 1066
0 10 503
0 48 3648
0 18 742
0 41 2359
0 57 2784
0 12 3128
0 11 1746
0 43 2695
0 39 37
0 38 3933
0 48 292
0 14 860
0 34 513
0 34 308
0 13 2374
0 48 201
0 18 3470
0 14 942
0 10 1063
0 12 2468
0 5 820
0 18 2005
0 1 3317
0 10 2936
0 11 262
0 13 1328
0 3 1200
0 18 1249
0 34 3494
0 14 489
0 4 1239
0 39 1161
0 11 151
0 4 4493
0 39 1015
0 14 1076
0 41 729
0 44 165
0 14 4418
0 34 2088
0 13 4259
0 49 957
0 5 4520
0 12 1276
0 1 3042
0 18 1807
0 44 3539
0 34 3582
0 38 4046
0 12 3583
0 14 4333
0 5 37
0 48 3241
0 13 1167
0 49 2461
0 38 4014
0 1 3166
0 30 228
0 14 288
0 5 1286
0 11 865
0 13 633
0 33 1638
0 14 4108
0 39 942
0 48 450
0 39 1048
0 49 759
0 11 1686
0 43 1244
0 41 679
0 43 3440
0 48 4005
0 44 4309
0 3 108
0 10 1327
0 38 1953
0 39 3746
0 39 3041
0 5 842
0 5 2417
0 13 1960
0 38 2338
0 48 62
0 44 4317
0 49 694
0 14 699
0 41 439
0 28 15
0 3 139
0 1 100
0 5 1689
0 30 124
0 1 328
0 49 2133
0 41 2088
0 43 2813
0 18 103
0 39 2481
0 11 866
0 18 204
0 34 417
0 14 1552
0 13 332
0 13 2782
0 48 1700
0 18 199
0 28 142
0 5 974
0 34 3520
0 38 236
0 13 677
0 57 69
0 49 305
0 18 4106
0 14 340
0 34 3818
0 44 182
0 38 213
0 1 4538
0 11 173
0 14 989
0 39 3873
0 33 306
0 44 1820
0 48 809
0 38 159
0 48 1294
0 49 3790
0 48 104
0 12 1245
0 49 872
0 10 1220
0 10 2527
0 33 1314
0 38 701
0 3 74
0 57 1771
0 18 3572
0 30 3413
0 39 116
0 14 746
0 10 3706
0 43 2750
0 49 847
0 5 1590
0 33 2340
0 38 2155
0 34 19
0 34 201
0 49 607
0 18 610
0 44 4705
0 30 755
0 33 4601
0 33 2946
0 49 318
0 33 4432
0 48 3934
0 39 1170
0 34 155
0 33 825
0 38 1889
0 10 316
0 43 1413
0 13 2088
0 18 340
0 49 511
0 5 750
0 1 4364
0 33 885
0 41 978
0 49 42
0 44 441
0 48 4522
0 14 115
0 44 146
0 18 3989
0 38 4721
0 18 4156
0 49 1775
0 41 2115
0 5 2410
0 11 3943
0 11 1683
0 43 783
0 33 1689
0 49 1073
0 18 240
0 34 4318
0 38 1930
0 13 2941
0 14 256
0 3 389
0 43 804
0 57 1362
0 41 3747
0 30 625
0 43 2822
0 41 3545
0 48 147
0 48 4172
0 11 4116
0 33 1219
0 11 1825
0 14 1258
0 11 1762
0 13 718
0 14 4181
0 10 2438
0 13 1100
0 28 275
0 41 2118
0 10 3000
0 1 1265
0 43 37
0 1 2480
0 48 2126
0 43 1179
0 28 211
0 14 4335
0 14 202
0 4 2307
0 39 3657
0 14 736
0 11 2167
0 48 784
0 48 451
0 14 2196
0 14 436
0 39 2498
0 49 1770
0 13 1930
0 39 7
0 33 1199
0 5 156
0 4 858
0 48 114
0 12 107
0 5 1055
0 34 1677
0 41 939
0 57 2088
0 43 194
0 14 521
0 10 855
0 38 1815
0 39 2730
0 3 1208
0 34 3493
0 13 885
0 38 513
0 49 610
0 39 597
0 38 913
0 34 66
0 28 728
0 44 3837
0 38 847
0 10 999
0 38 1959
0 49 124
0 30 542
0 39 608
0 48 888
0 3 427
0 28 345
0 18 3485
0 3 1205
0 44 4244
0 33 857
0 34 2728
0 39 1661
0 4 311
0 49 448
0 4 466
0 33 95
0 13 153
0 28 467
0 3 1706
0 14 3062
0 43 1738
0 44 1151
0 10 1665
0 48 378
0 4 80
0 43 1475
0 34 235
0 41 853
0 1 2398
0 13 2653
0 49 3868
0 38 1700
0 33 333
0 33 1641
0 39 82
0 13 3209
0 4 894
0 57 986
0 1 946
0 14 559
0 38 211
0 28 730
0 13 874
0 4 250
0 49 1806
0 48 275
0 41 2419
0 34 2092
0 14 3244
0 12 3091
0 12 602
0 14 215
0 3 330
0 5 47
0 1 31
0 38 418
0 13 2862
0 5 68
0 48 2431
0 11 708
0 49 940
0 38 109
0 4 29
0 13 2438
0 34 291
0 10 1368
0 14 3977
0 34 1062
0 5 527
0 48 1285
0 44 677
0 33 1996
0 13 1853
0 1 1123
0 3 327
0 1 627
0 13 1227
0 57 201
0 49 2062
0 57 2825
0 13 1955
0 5 967
0 34 10
0 18 25
0 33 315
0 48 4597
0 14 212
0 10 1554
0 43 1828
0 38 1165
0 10 573
0 14 147
0 18 3788
0 3 205
0 10 4269
0 30 11
0 14 506
0 48 3756
0 39 3759
0 3 124
0 41 1326
0 30 2379
0 1 115
0 44 646
0 4 520
0 10 3082
0 3 1056
0 38 982
0 14 631
0 30 136
0 34 549
0 1 779
0 38 238
0 5 3094
0 49 3859
0 33 392
0 41 3942
0 3 2005
0 10 460
0 10 976
0 12 3907
0 28 515
0 1 1170
0 10 565
0 57 164
0 44 286
0 48 3674
0 48 4614
0 43 2098
0 48 214
0 11 1867
0 41 3081
0 5 812
0 10 2595
0 13 4272
0 34 1319
0 18 2438
0 48 3534
0 38 324
0 38 896
0 10 318
0 41 3367
0 33 284
0 18 413
0 48 19
0 14 419
0 12 4492
0 14 605
0 3 735
0 49 275
0 39 1648
0 3 1135
0 48 860
0 3 3761
0 30 483
0 1 3684
0 3 417
0 11 1927
0 48 2353
0 41 7
0 33 230
0 28 124
0 10 955
0 10 1099
0 5 2349
0 43 1989
0 44 47
0 38 3324
0 13 4047
0 49 2715
0 13 2473
0 38 2292
0 30 901
0 13 1188
0 4 3092
0 18 3086
0 5 729
0 12 877
0 34 1190
0 57 1086
0 57 398
0 41 2048
0 18 110
0 14 1963
0 48 1667
0 11 942
0 4 1955
0 12 1463
0 18 190
0 48 554
0 48 3600
0 57 1216
0 14 4347
0 1 42
0 33 747
0 49 1429
0 44 343
0 48 3177
0 5 317
0 13 378
0 5 291
0 33 480
0 43 809
0 43 1023
0 48 146
0 12 235
0 18 147
0 4 3401
0 14 3850
0 38 3996
0 30 4395
0 48 194
0 11 3446
0 13 3765
0 28 112
0 49 4384
0 4 257
0 38 76
0 11 2626
0 28 978
0 13 1076
0 14 3354
0 39 334
0 41 225
0 34 2096
0 12 2643
0 1 1920
0 10 399
0 11 4679
0 34 3381
0 5 288
0 11 1343
0 13 2061
0 39 80
0 3 2879
0 14 600
0 48 3910
0 12 1297
0 3 2579
0 44 2958
0 33 1777
0 4 4072
0 41 3167
0 33 1498
0 38 3057
0 14 430
0 28 942
0 57 1138
0 13 3825
0 14 379
0 41 110
0 18 3514
0 43 233
0 3 400
0 33 11
0 14 1568
0 10 937
0 4 590
0 12 2066
0 39 3485
0 5 600
0 33 1262
0 1 23
0 30 1734
0 43 1283
0 48 1777
0 43 2534
0 43 411
0 39 3237
0 14 1062
0 18 491
0 5 728
0 3 3615
0 39 968
0 49 3869
0 41 3228
0 1 327
0 13 942
0 39 615
0 57 190
0 38 1894
0 4 135
0 34 4406
0 44 671
0 45 4530
0 48 81
0 3 878
0 18 67
0 43 1998
0 34 2480
0 18 3898
0 18 4211
0 18 3904
0 4 1700
0 3 896
0 14 730
0 39 2861
0 13 1450
0 18 4083
0 11 2665
0 1 3954
0 39 2210
0 14 2005
0 10 1700
0 49 830
0 33 669
0 43 872
0 14 3254
0 18 729
0 49 1763
0 49 215
0 13 211
0 57 345
0 49 1461
0 3 69
0 14 4386
0 11 1793
0 18 4048
0 41 90
0 5 4444
0 5 745
0 48 1086
0 11 2539
0 18 20
0 13 436
0 13 2533
0 3 625
0 39 3702
0 41 197
0 3 2305
0 49 850
0 39 3138
0 4 3835
0 11 1863
0 11 1840
0 33 466
0 1 394
0 14 3353
0 34 1997
0 12 3378
0 3 333
0 33 968
0 43 2013
0 48 4583
0 48 4185
0 33 1388
0 10 288
0 18 185
0 5 2767
0 49 1240
0 41 1480
0 43 687
0 48 135
0 11 2038
0 1 1714
0 49 3882
0 3 637
0 41 3440
0 33 2230
0 18 1103
0 57 390
0 48 2312
0 1 659
0 10 458
0 39 3800
0 11 1339
0 13 1844
0 5 1815
0 4 1062
0 48 205
0 14 231
0 39 2644
0 34 3435
0 28 3105
0 44 1970
0 4 1056
0 41 3160
0 14 1822
0 49 2314
0 1 3422
0 5 2086
0 39 3833
0 41 381
0 3 288
0 13 377
0 14 3900
0 41 101
0 57 450
0 14 194
0 14 425
0 38 3083
0 10 933
0 1 127
0 11 1924
0 18 743
0 3 2721
0 14 107
0 18 4356
0 1 4672
0 13 1405
0 49 482
0 13 1124
0 10 2520
0 12 2138
0 11 2565
0 49 1820
0 13 1093
0 14 3971
0 11 2274
0 10 3030
0 44 1000
0 57 441
0 43 642
0 43 562
0 3 3954
0 41 1415
0 34 2033
0 33 176
0 11 150
0 48 80
0 34 685
0 4 4184
0 14 913
0 10 1784
0 13 2589
0 3 464
0 34 3553
0 39 201
0 12 4361
0 3 1590
0 34 207
0 30 3518
0 11 1767
0 48 538
0 34 991
0 18 200
0 10 1320
0 10 3355
0 11 1390
0 11 1340
0 10 598
0 13 2549
0 28 403
0 1 2312
0 34 4369
0 44 890
0 30 3004
0 33 1956
0 33 101
0 43 141
0 43 2397
0 10 2737
0 3 72
0 12 390
0 3 630
0 10 2212
0 5 214
0 41 2335
0 57 2673
0 10 907
0 3 2494
0 39 500
0 34 3691
0 13 1700
0 1 88
0 3 2084
0 41 824
0 10 2771
0 18 800
0 48 2635
0 10 291
0 33 155
0 11 2107
0 14 4063
0 3 2011
0 48 881
0 34 930
0 3 425
0 41 1287
0 13 659
0 41 4702
0 33 639
0 2 3
0 34 2061
0 1 622
0 617 3492
0 34 3640
0 28 913
0 43 11
0 44 8
0 4 931
0 49 1136
0 1 2168
0 34 4155
0 44 3828
0 38 3992
0 43 4454
0 43 1807
0 57 108
0 43 1613
0 14 103
0 13 2612
0 39 922
0 30 816
0 49 287
0 57 2666
0 14 2015
0 44 2006
0 43 3213
0 28 3319
0 49 2338
0 49 1273
0 41 4519
0 5 2021
0 4 729
0 4 855
0 33 3109
0 34 894
0 30 114
0 10 540
0 14 4558
0 3 1672
0 13 2558
0 41 4291
0 18 4120
0 18 1424
0 10 73
0 43 2754
0 43 87
0 13 506
0 48 1362
0 13 1104
0 13 4220
0 28 542
0 13 2998
0 13 215
0 1 2979
0 34 405
0 28 19
0 38 1552
0 39 3175
0 49 1176
0 5 1499
0 5 815
0 57 713
0 34 25
0 11 264
0 14 128
0 39 1166
0 3 803
0 18 598
0 39 456
0 18 496
0 48 598
0 18 4357
0 11 3888
0 1 1188
0 1 1113
0 11 2664
0 41 1297
0 39 1725
0 5 4014
0 14 3277
0 11 4298
0 33 405
0 18 3583
0 5 8
0 38 729
0 13 4388
0 10 211
0 5 1451
0 13 407
0 43 970
0 48 880
0 12 1396
0 11 1794
0 49 938
0 10 1550
0 57 2331
0 1 1889
0 48 637
0 18 394
0 3 291
0 10 954
0 48 4592
0 41 3126
0 48 1654
0 28 25
0 49 1258
0 48 4599
0 13 200
0 18 205
0 49 1979
0 13 1204
0 28 2088
0 43 69
0 48 4626
0 5 1613
0 33 8
0 41 2443
0 39 1955
0 41 995
0 13 75
0 44 443
0 49 378
0 11 2548
0 38 3223
0 49 0
0 43 2240
0 43 1100
0 34 3360
0 11 1484
0 44 736
0 38 2384
0 39 69
0 13 1214
0 49 2652
0 33 2089
0 5 714
0 30 809
0 49 4465
0 11 1685
0 11 3477
0 49 108
0 57 714
0 5 1761
0 41 273
0 5 646
0 28 90
0 12 99
0 30 555
0 39 4260
0 4 365
0 1 1727
0 12 3010
0 11 1912
0 30 4677
0 48 4602
0 5 203
0 39 257
0 18 209
0 10 75
0 41 913
0 41 4516
0 10 1510
0 1 1062
0 44 4340
0 34 3054
0 30 510
0 12 2076
0 39 193
0 1 185
0 5 736
0 1 67
0 44 702
0 33 449
0 14 85
0 28 128
0 14 105
0 57 2736
0 14 520
0 1 1138
0 39 73
0 49 2680
0 14 2209
0 11 1341
0 33 2775
0 13 2671
0 14 3706
0 28 521
0 48 600
0 48 4688
0 41 595
0 1 4191
0 57 211
0 30 3304
0 3 2044
0 48 513
0 18 1858
0 34 4471
0 28 2641
0 1 373
0 49 2081
0 13 19
0 14 930
0 4 647
0 33 1738
0 10 3150
0 38 1129
0 41 714
0 38 2159
0 13 1397
0 49 147
0 57 980
0 18 4244
0 43 1567
0 10 1267
0 39 712
0 3 3347
0 57 2965
0 18 3692
0 41 2391
0 41 1438
0 18 3569
0 1 92
0 38 333
0 41 700
0 28 81
0 1 330
0 5 275
0 14 2864
0 33 394
0 33 1183
0 30 620
0 4 223
0 1 358
0 49 3234
0 1 2044
0 38 1807
0 39 1631
0 3 1354
0 43 2126
0 44 204
0 38 2207
0 41 494
0 4 3715
0 39 3742
0 18 881
0 38 2014
0 1 3005
0 10 2299
0 43 542
0 10 625
0 44 284
0 14 52
0 34 195
0 44 199
0 49 728
0 12 272
0 1 2040
0 5 2316
0 4 510
0 43 3947
0 18 1957
0 39 191
0 4 1498
0 12 634
0 14 629
0 33 641
0 33 20
0 38 47
0 13 1048
0 33 149
0 28 496
0 18 134
0 4 4007
0 18 1085
0 38 3746
0 30 3582
0 1 2758
0 1 2209
0 1 76
0 49 325
0 30 464
0 13 1090
0 11 2678
0 43 610
0 38 4281
0 13 1810
0 18 3936
0 38 4169
0 3 381
0 49 855
0 33 390
0 43 735
0 1 2849
0 34 156
0 11 1620
0 41 242
0 34 23
0 14 165
0 28 26
0 34 309
0 1 3822
0 44 2513
0 43 108
0 14 2537
0 38 2064
0 41 730
0 33 1394
0 5 211
0 43 334
0 14 3416
0 43 2005
0 11 2270
0 11 1722
0 13 1326
0 34 2536
0 33 73
0 41 3469
0 38 881
0 10 3044
0 3 1921
0 44 477
0 1 227
0 14 1286
0 4 319
0 14 2307
0 57 584
0 39 2841
0 5 4212
0 28 143
0 38 600
0 10 390
0 33 837
0 1 1919
0 3 1953
0 13 202
0 44 186
0 18 3414
0 12 275
0 14 505
0 10 127
0 1 1669
0 14 2812
0 18 1318
0 18 3621
0 10 455
0 13 133
0 34 379
0 57 2423
0 49 974
0 5 636
0 13 608
0 1 2645
0 48 547
0 41 2374
0 18 1297
0 41 433
0 18 4114
0 3 3239
0 13 1662
0 11 234
0 38 575
0 39 971
0 10 2937
0 14 1567
0 49 3847
0 5 290
0 10 1930
0 13 1643
0 3 439
0 41 514
0 11 2668
0 13 780
0 18 332
0 14 373
0 1 677
0 13 1370
0 3 727
0 10 2935
0 3 147
0 49 240
0 49 3844
0 48 4660
0 44 485
0 11 1864
0 13 3146
0 33 4586
0 30 203
0 33 4415
0 14 2290
0 48 405
0 12 427
0 38 1297
0 13 1588
0 38 203
0 41 1810
0 33 2682
0 43 1772
0 38 4111
0 14 3822
0 48 2319
0 14 2940
0 49 3292
0 33 542
0 10 1020
0 13 482
0 12 773
0 49 160
0 48 21
0 33 1087
0 43 582
0 34 3467
0 34 135
0 33 3458
0 11 3698
0 43 2307
0 43 1031
0 28 959
0 3 2507
0 4 3751
0 44 315
0 57 316
0 48 4673
0 14 696
0 41 2679
0 39 3750
0 4 3953
0 48 2301
0 3 946
0 48 20
0 33 4369
0 3 1027
0 1 3910
0 39 230
0 49 3565
0 3 1209
0 12 3892
0 11 2135
0 43 630
0 41 4543
0 43 1055
0 39 992
0 34 1436
0 11 1650
0 41 418
0 33 774
0 13 23
0 38 22
0 44 615
0 39 2890
0 3 4268
0 34 313
0 34 338
0 33 773
0 39 29
0 11 591
0 44 221
0 5 2495
0 28 1014
0 34 3415
0 13 1344
0 43 116
0 12 328
0 3 469
0 14 101
0 49 836
0 1 2641
0 43 751
0 33 3989
0 33 4526
0 44 1738
0 28 873
0 3 179
0 48 4042
0 5 324
0 44 730
0 14 223
0 13 1169
0 30 615
0 49 677
0 41 2773
0 11 1608
0 39 3218
0 14 3067
0 49 2909
0 33 1224
0 28 698
0 13 290
0 30 382
0 12 1701
0 30 316
0 10 210
0 18 4709
0 39 1094
0 43 785
0 57 52
0 33 2740
0 10 221
0 39 935
0 4 573
0 1 1946
0 49 377
0 13 536
0 57 2737
0 14 2365
0 49 769
0 41 3556
0 11 1740
0 43 3149
0 11 2326
0 39 1089
0 34 3613
0 30 562
0 38 2490
0 49 1753
0 43 124
0 49 844
0 49 3903
0 30 74
0 41 1742
0 33 4610
0 3 11
0 12 677
0 3 2380
0 18 3902
0 4 315
0 43 2690
0 33 1657
0 38 66
0 11 2703
0 39 952
0 30 886
0 48 1436
0 34 148
0 34 2835
0 10 816
0 48 4095
0 12 2137
0 4 625
0 14 1777
0 41 303
0 13 164
0 34 696
0 39 4712
0 10 2892
0 48 2660
0 12 4369
0 12 2793
0 34 786
0 41 311
0 13 2741
0 5 329
0 33 1268
0 48 325
0 28 2096
0 39 1149
0 18 47
0 4 873
0 34 199
0 41 821
0 34 3647
0 33 3165
0 1 1777
0 4 717
0 3 2975
0 14 112
0 57 76
0 48 3361
0 49 692
0 4 4118
0 14 3631
0 10 253
0 38 75
0 13 773
0 41 193
0 1 2839
0 57 381
0 57 803
0 48 956
0 34 3535
0 48 946
0 5 72
0 18 644
0 3 343
0 3 967
0 44 115
0 4 4643
0 49 898
0 41 1405
0 10 1529
0 43 2204
0 43 434
0 11 3719
0 44 681
0 12 290
0 43 1040
0 33 2429
0 18 75
0 18 164
0 3 155
0 4 3566
0 5 645
0 44 147
0 18 284
0 18 1129
0 1 3120
0 48 2266
0 4 4406
0 49 1301
0 48 4247
0 49 3892
0 39 3589
0 57 1612
0 48 3667
0 33 197
0 14 455
0 18 56
0 41 506
0 18 1359
0 1 15
0 18 255
0 48 656
0 14 3166
0 4 930
0 48 3163
0 3 686
0 11 2727
0 33 1102
0 49 419
0 5 598
0 30 4692
0 13 2380
0 3 860
0 13 284
0 1 1807
0 38 2126
0 13 3084
0 13 884
0 34 518
0 18 276
0 18 3177
0 3 128
0 39 1190
0 33 4564
0 30 224
0 11 154
0 10 1421
0 4 193
0 49 1941
0 43 357
0 48 368
0 39 534
0 44 567
0 33 3729
0 48 3467
0 11 259
0 1 62
0 1 2136
0 38 52
0 49 713
0 49 379
0 5 185
0 4 816
0 10 2071
0 13 426
0 43 1493
0 5 2136
0 49 1256
0 12 428
0 30 3920
0 33 813
0 34 1232
0 11 1917
0 39 1062
0 11 1618
0 4 1283
0 1 1068
0 5 161
0 12 869
0 44 577
0 10 1180
0 49 1297
0 14 126
0 10 1123
0 57 107
0 33 1292
0 12 1065
0 41 831
0 14 80
0 14 1368
0 10 1889
0 10 184
0 33 758
0 14 2629
0 38 815
0 4 732
0 18 3424
0 39 3828
0 44 1895
0 43 2215
0 10 1282
0 34 2683
0 33 2605
0 30 425
0 1 2325
0 34 1475
0 41 4521
0 11 535
0 12 788
0 13 1736
0 33 1654
0 18 573
0 13 1415
0 1 4729
0 1 830
0 43 617
0 30 157
0 39 745
0 14 2434
0 44 843
0 1 502
0 38 844
0 5 1954
0 10 449
0 38 2630
0 38 1123
0 12 1436
0 10 2716
0 43 1830
0 18 3910
0 48 3579
0 44 2356
0 13 1000
0 38 1935
0 3070 144
0 57 1297
0 13 786
0 48 1152
0 5 4707
0 14 1965
0 48 471
0 43 935
0 49 2412
0 12 2430
0 13 1487
0 14 2970
0 49 539
0 5 3950
0 34 3031
0 5 396
0 14 2007
0 4 3420
0 48 957
0 18 4127
0 1 4715
0 38 1876
0 3 2139
0 33 1448
0 41 2297
0 33 674
0 18 760
0 43 1734
0 33 770
0 3 713
0 13 1258
0 48 3737
0 57 379
0 14 4321
0 41 3140
0 30 937
0 30 3309
0 4 376
0 10 2887
0 43 1700
0 13 1585
0 33 1957
0 48 3054
0 48 525
0 34 3770
0 43 384
0 11 1798
0 1 2269
0 10 858
0 48 4074
0 14 3892
0 57 742
0 48 161
0 11 2079
0 14 3032
0 43 701
0 3 15
0 41 1398
0 10 2821
0 41 213
0 12 2522
0 49 1280
0 5 4462
0 3 3758
0 49 1374
0 49 3834
0 43 2241
0 44 82
0 43 791
0 10 1731
0 33 239
0 5 1184
0 12 76
0 14 1612
0 43 1108
0 3 2605
0 5 410
0 30 64
0 34 2209
0 5 3882
0 10 911
0 33 2420
0 5 3096
0 30 378
0 12 288
0 30 910
0 28 290
0 14 1853
0 11 581
0 10 931
0 34 157
0 41 2650
0 38 2387
0 10 1023
0 34 114
0 10 631
0 12 1754
0 57 3849
0 49 1704
0 3 510
0 18 2342
0 28 2457
0 13 4389
0 5 2453
0 28 621
0 4 3166
0 49 702
0 13 146
0 3 68
0 38 1696
0 38 1971
0 38 878
0 41 155
0 28 339
0 33 1209
0 44 4354
0 12 3954
0 41 1152
0 44 1925
0 41 1065
0 48 3578
0 10 248
0 38 855
0 14 4232
0 4 3409
0 39 2028
0 10 2070
0 5 105
0 49 1491
0 41 230
0 11 1909
0 13 1873
0 14 3344
0 39 64
0 48 1206
0 12 888
0 13 1202
0 39 0
0 28 179
0 48 2085
0 34 557
0 11 1569
0 1 230
0 49 1260
0 4 148
0 48 4073
0 14 21
0 33 677
0 41 289
0 18 3892
0 1 428
0 34 1981
0 14 2921
0 12 590
0 30 107
0 41 1754
0 44 1777
0 14 287
0 5 1777
0 18 3092
0 57 2669
0 41 20
0 41 3086
0 4 643
0 13 161
0 43 854
0 11 2540
0 48 2527
0 48 4134
0 12 1443
0 30 968
0 43 1062
0 18 95
0 34 3950
0 3 3595
0 43 2755
0 57 596
0 41 4434
0 14 300
0 44 54
0 38 2833
0 44 842
0 48 1306
0 41 4047
0 43 910
0 12 852
0 28 244
0 1 2504
0 12 3374
0 18 574
0 39 436
0 43 2224
0 48 2623
0 49 840
0 49 414
0 39 1462
0 14 1753
0 43 1597
0 12 1158
0 57 961
0 30 1895
0 34 607
0 13 2562
0 18 2542
0 34 409
0 11 1358
0 43 522
0 3070 11
0 34 14
0 3 773
0 39 148
0 49 1752
0 49 3828
0 18 97
0 4 49
0 13 2526
0 49 1716
0 3 63
0 12 3633
0 49 1663
0 38 483
0 49 2732
0 13 2584
0 10 97
0 34 1069
0 1 1281
0 18 3518
0 44 537
0 5 331
0 33 2485
0 10 1730
0 49 1110
0 28 2376
0 4 3389
0 39 3682
0 5 1483
0 12 1261
0 11 1647
0 48 3548
0 38 3262
0 13 625
0 49 1596
0 49 1430
0 11 1862
0 5 2494
0 11 3718
0 49 3260
0 30 3513
0 41 875
0 1 758
0 49 3886
0 4 2589
0 34 129
0 41 111
0 34 472
0 48 3820
0 30 1703
0 39 3656
0 38 541
0 3 93
0 43 3663
0 28 1055
0 44 2835
0 44 128
0 38 49
0 14 482
0 3 2429
0 48 2958
0 5 177
0 3 77
0 5 854
0 41 239
0 11 1824
0 18 349
0 28 1138
0 34 647
0 3 159
0 39 446
0 48 786
0 30 75
0 12 1796
0 1 4694
0 5 4410
0 5 207
0 18 583
0 33 935
0 30 69
0 41 2622
0 18 76
0 43 1185
0 33 305
0 1 2399
0 18 412
0 12 506
0 43 587
0 33 746
0 48 4424
0 48 3462
0 4 294
0 14 544
0 43 3116
0 44 1654
0 5 409
0 18 69
0 12 116
0 13 1654
0 48 112
0 34 3410
0 43 3169
0 10 2905
0 48 4400
0 18 1828
0 38 2648
0 10 1038
0 13 137
0 48 2091
0 10 1004
0 11 3681
0 34 436
0 48 3725
0 18 178
0 5 215
0 14 4165
0 33 206
0 57 502
0 38 104
0 14 2959
0 5 884
0 12 1160
0 49 868
0 14 347
0 33 373
0 39 3257
0 48 4129
0 13 1408
0 41 1579
0 34 3677
0 43 2697
0 4 464
0 33 1658
0 18 3440
0 49 19
0 3 786
0 57 3036
0 39 658
0 49 2769
0 3 230
0 28 589
0 14 17
0 28 968
0 41 699
0 43 590
0 14 2714
0 11 3205
0 33 1178
0 13 494
0 38 520
0 41 454
0 13 2559
0 28 497
0 18 2460
0 18 1014
0 30 526
0 43 1883
0 33 1402
0 3 901
0 44 386
0 48 717
0 48 2055
0 13 3031
0 30 130
0 41 104
0 13 80
0 39 3612
0 18 230
0 11 2327
0 12 4528
0 4 1016
0 34 37
0 28 105
0 43 2016
0 49 1294
0 34 3538
0 14 2353
0 28 522
0 57 946
0 34 178
0 28 1974
0 4 1742
0 57 195
0 41 378
0 10 376
0 43 478
0 1 1462
0 38 605
0 57 2707
0 39 3704
0 34 4240
0 30 343
0 10 490
0 48 595
0 34 3679
0 49 1370
0 33 750
0 44 631
0 43 2237
0 41 1427
0 39 3442
0 33 904
0 5 3288
0 39 377
0 13 630
0 12 323
0 13 868
0 13 3331
0 14 61
0 57 597
0 13 2639
0 41 1232
0 4 506
0 11 247
0 49 773
0 1 101
0 14 1362
0 4 587
0 10 1596
0 33 428
0 49 428
0 5 483
0 14 1095
0 12 95
0 11 246
0 49 1452
0 28 1546
0 34 1208
0 14 1897
0 1 232
0 18 842
0 43 2348
0 5 87
0 57 7
0 4 1280
0 48 1076
0 43 287
0 11 1440
0 10 2842
0 12 1332
0 39 2679
0 28 3133
0 5 1662
0 5 730
0 18 1696
0 34 69
0 13 725
0 10 3892
0 49 304
0 1 514
0 14 3352
0 44 3941
0 11 1246
0 28 870
0 14 2030
0 5 526
0 48 4732
0 39 4327
0 48 26
0 10 1226
0 44 1239
0 12 185
0 18 3284
0 39 211
0 1 853
0 38 7
0 33 1186
0 14 3915
0 39 994
0 33 816
0 33 16
0 57 213
0 14 2838
0 1 3575
0 11 1903
0 1 1318
0 49 4472
0 14 1055
0 43 2826
0 11 2711
0 39 556
0 43 7
0 4 316
0 4 982
0 48 3953
0 14 2238
0 34 3882
0 11 1786
0 5 522
0 12 3443
0 1 128
0 18 4008
0 18 3425
0 49 536
0 57 1253
0 48 1807
0 18 1095
0 5 1980
0 13 1066
0 57 1654
0 28 103
0 5 6
0 34 1153
0 28 1066
0 48 1272
0 39 3132
0 33 2480
0 10 1778
0 34 1910
0 12 1481
0 18 2381
0 4 3757
0 4 2849
0 11 1592
0 43 1662
0 49 66
0 4 64
0 3 1039
0 48 1963
0 34 373
0 11 3472
0 10 6
0 34 90
0 41 1570
0 18 208
0 10 885
0 13 1330
0 13 3060
0 11 1575
0 43 913
0 38 3293
0 13 1157
0 3 7
0 18 2603
0 48 1208
0 33 1412
0 3 635
0 48 255
0 11 3357
0 10 2874
0 1 147
0 57 729
0 48 3703
0 48 4466
0 1 1294
0 38 647
0 3 1028
0 3 105
0 43 2573
0 4 23
0 38 1326
0 34 2674
0 5 3018
0 41 432
0 12 768
0 4 1878
0 39 1562
0 41 2875
0 11 1850
0 5 698
0 44 207
0 38 1396
0 34 3803
0 57 202
0 14 2293
0 5 73
0 41 276
0 44 564
0 18 477
0 5 130
0 48 4609
0 38 3371
0 3 153
0 12 894
0 14 315
0 10 942
0 34 1697
0 34 1545
0 48 830
0 44 2201
0 39 1574
0 41 862
0 49 90
0 39 2670
0 14 672
0 14 596
0 14 1596
0 4 1405
0 30 321
0 34 1170
0 18 4157
0 39 3699
0 14 4021
0 13 575
0 14 3340
0 48 291
0 38 2180
0 48 3824
0 3 1654
0 14 1422
0 38 105
0 41 3054
0 10 3038
0 41 4452
0 18 3725
0 1 702
0 39 2059
0 49 749
0 39 3780
0 44 2010
0 34 742
0 13 1784
0 33 786
0 28 598
0 39 4258
0 4 20
0 43 2101
0 44 3138
0 14 1023
0 13 348
0 10 1164
0 39 213
0 12 143
0 33 165
0 57 230
0 34 1138
0 18 1877
0 4 745
0 43 1853
0 33 2046
0 44 613
0 12 4161
0 13 1319
0 39 3021
0 48 189
0 34 517
0 38 3879
0 1 1654
0 10 1331
0 41 574
0 43 773
0 12 23
0 18 788
0 48 3305
0 13 1613
0 39 2269
0 5 1977
0 3 3834
0 49 1170
0 44 686
0 11 793
0 11 2256
0 49 1467
0 14 2229
0 18 3163
0 33 104
0 5 3466
0 39 1669
0 3 1462
0 44 626
0 49 1142
0 39 1119
0 33 2092
0 33 2075
0 13 1532
0 34 872
0 57 189
0 34 519
0 14 2837
0 33 4554
0 14 195
0 4 1080
0 28 2185
0 1 112
0 33 454
0 11 1913
0 44 4231
0 12 1753
0 11 2586
0 13 1129
0 10 354
0 3 2242
0 39 3651
0 3 1172
0 18 4126
0 41 537
0 38 4188
0 11 3690
0 33 499
0 30 256
0 13 1294
0 1 886
0 13 1892
0 39 2587
0 43 1839
0 49 3009
0 28 2293
0 14 2758
0 33 538
0 5 765
0 57 3693
0 4 788
0 14 480
0 48 4190
0 30 76
0 13 2726
0 43 327
0 44 4723
0 49 1631
0 38 995
0 49 494
0 34 3734
0 33 2728
0 30 460
0 41 18
0 38 3668
0 43 4484
0 11 2538
0 1 2097
0 44 4304
0 28 4343
0 48 4186
0 14 2395
0 48 1166
0 13 1668
0 49 133
0 43 1680
0 3 256
0 38 2267
0 43 596
0 33 703
0 12 1676
0 1 1065
0 33 1936
0 14 4082
0 43 3186
0 44 213
0 39 934
0 39 622
0 38 1239
0 43 545
0 1 3015
0 11 3192
0 33 1304
0 28 100
0 30 199
0 3 409
0 41 2905
0 5 1531
0 34 3638
0 57 340
0 43 214
0 3 3680
0 13 870
0 18 6
0 41 1972
0 33 357
0 14 3578
0 41 190
0 33 201
0 14 2012
0 34 4103
0 14 4017
0 5 3229
0 30 3791
0 14 896
0 10 2624
0 41 626
0 34 177
0 48 374
0 34 4183
0 38 713
0 18 1987
0 38 3995
0 33 308
0 39 3918
0 43 686
0 38 2736
0 48 620
0 18 3430
0 14 53
0 3 712
0 43 67
0 44 202
0 13 2512
0 11 1692
0 48 3540
0 13 2999
0 57 489
0 18 446
0 4 3773
0 49 2100
0 3 1295
0 10 398
0 48 2054
0 39 380
0 12 3438
0 34 1957
0 34 1859
0 12 713
0 48 4102
0 34 1273
0 1 4336
0 14 647
0 13 88
0 28 1552
0 10 2817
0 5 379
0 18 4360
0 10 3902
0 48 3813
0 4 1292
0 3 3049
0 14 4405
0 11 2151
0 57 2490
0 43 2436
0 57 1742
0 34 1963
0 44 439
0 30 3798
0 44 2610
0 33 207
0 41 4497
0 34 881
0 11 1759
0 13 70
0 18 4117
0 30 1323
0 4 2495
0 39 310
0 14 935
0 14 886
0 41 2974
0 34 1011
0 48 4075
0 18 3943
0 33 4587
0 10 1726
0 13 541
0 4 3395
0 1 4237
0 38 4529
0 33 1754
0 49 1532
0 44 4696
0 18 541
0 14 595
0 13 3526
0 13 8
0 38 2808
0 41 2353
0 10 489
0 44 130
0 1 2942
0 18 597
0 10 956
0 57 930
0 1 3213
0 1 931
0 3 2893
0 12 3147
0 1 2273
0 4 943
0 4 3910
0 39 3660
0 43 765
0 11 3721
0 12 130
0 12 2244
0 57 58
0 12 937
0 48 4606
0 10 191
0 28 4718
0 1 106
0 10 1221
0 5 733
0 33 1070
0 30 491
0 41 2639
0 34 687
0 1 298
0 44 189
0 33 2071
0 33 457
0 41 583
0 49 1597
0 34 3506
0 33 2428
0 13 840
0 1 705
0 13 3861
0 48 884
0 33 829
0 57 610
0 12 712
0 33 3787
0 44 569
0 13 2747
0 13 1282
0 11 152
0 44 72
0 12 1597
0 39 135
0 10 332
0 34 913
0 12 2354
0 57 354
0 5 1463
0 10 407
0 18 1422
0 1 4313
0 49 3496
0 43 1964
0 5 1377
0 11 1527
0 38 1460
0 43 2605
0 28 210
0 43 47
0 11 415
0 5 2383
0 4 935
0 30 784
0 43 201
0 33 1742
0 1 2846
0 34 4244
0 11 462
0 39 950
0 43 2176
0 49 349
0 48 195
0 44 4351
0 5 213
0 41 1237
0 49 1544
0 34 4589
0 1 162
0 5 4249
0 48 469
0 3 2383
0 14 4093
0 5 1459
0 5 2246
0 3 2785
0 18 417
0 4 2977
0 10 1384
0 39 4227
0 13 913
0 30 3624
0 33 719
0 18 570
0 14 4573
0 43 1011
0 12 3034
0 10 526
0 11 1707
0 49 775
0 43 3074
0 41 211
0 13 634
0 41 942
0 1 225
0 5 2393
0 33 728
0 57 760
0 41 4483
0 11 279
0 30 502
0 12 967
0 34 673
0 5 1785
0 38 100
0 34 343
0 38 378
0 57 2677
0 38 1362
0 49 736
0 43 2139
0 38 690
0 49 1285
0 5 438
0 39 156
0 14 4208
0 38 557
0 41 402
0 14 1630
0 11 2214
0 10 983
0 43 3196
0 49 1055
0 11 2675
0 34 143
0 38 3136
0 1 326
0 41 526
0 18 177
0 49 197
0 34 2465
0 18 730
0 3 2875
0 49 3139
0 38 2301
0 12 3270
0 10 1369
0 41 1641
0 38 542
0 14 134
0 30 4392
0 57 1045
0 13 2789
0 34 4167
0 48 407
0 11 4509
0 4 4208
0 48 2209
0 10 1022
0 1 124
0 28 890
0 43 2471
0 1 2098
0 12 2191
0 28 8
0 48 4595
0 34 2981
0 14 4058
0 13 3036
0 41 1151
0 13 1577
0 49 907
0 49 62
0 13 3638
0 11 1816
0 13 948
0 14 698
0 28 400
0 18 2196
0 49 870
0 1 1970
0 57 1930
0 43 308
0 13 1409
0 3 2863
0 28 2209
0 34 133
0 1 2005
0 49 3845
0 14 204
0 48 143
0 13 1587
0 38 900
0 3 60
0 11 3694
0 4 3363
0 38 114
0 1 2611
0 12 276
0 3 244
0 1 2360
0 49 774
0 13 2795
0 39 601
0 43 526
0 49 1475
0 39 788
0 14 209
0 1 1835
0 13 910
0 34 449
0 39 1258
0 34 185
0 11 217
0 1 4248
0 49 3885
0 33 1106
0 39 1316
0 14 1347
0 11 2248
0 13 3048
0 1 626
0 49 1208
0 14 671
0 44 3209
0 48 1095
0 41 1978
0 18 432
0 18 29
0 1 90
0 28 191
0 11 1712
0 44 458
0 43 4093
0 11 2253
0 44 252
0 13 1362
0 18 426
0 18 935
0 14 2268
0 18 1491
0 1 1080
0 34 1587
0 11 1789
0 11 4028
0 5 3903
0 30 3805
0 12 1960
0 10 1021
0 14 4283
0 34 850
0 4 42
0 39 2917
0 39 2607
0 49 688
0 30 185
0 39 2989
0 44 536
0 57 322
0 43 574
0 13 1103
0 41 308
0 3 573
0 487 11
0 44 97
0 34 3635
0 12 4481
0 18 1475
0 3 1239
0 43 1066
0 48 327
0 39 2842
0 13 1285
0 5 398
0 4 696
0 34 2191
0 44 155
0 18 3810
0 38 1282
0 1 4018
0 11 172
0 14 2221
0 33 838
0 18 304
0 57 1080
0 34 4060
0 30 241
0 33 3127
0 39 464
0 39 2617
0 13 1738
0 34 799
0 57 11
0 43 886
0 5 1262
0 12 1764
0 14 2829
0 1 646
0 43 1138
0 57 438
0 49 596
0 5 3933
0 12 1032
0 1 583
0 57 109
0 3 3735
0 48 1240
0 34 351
0 49 1112
0 4 2728
0 43 3200
0 41 81
0 34 1955
0 13 3712
0 43 4277
0 49 1152
0 38 124
0 12 1711
0 39 860
0 18 2896
0 38 2000
0 3 1717
0 49 65
0 14 1480
0 14 89
0 28 610
0 4 26
0 49 729
0 11 2156
0 34 3727
0 12 11
0 14 2764
0 39 4576
0 38 394
0 44 140
0 33 494
0 48 697
0 5 104
0 39 1332
0 44 435
0 28 4686
0 10 1224
0 49 1645
0 41 4448
0 39 2051
0 1 2944
0 41 141
0 49 1282
0 38 1672
0 1 831
0 44 4342
0 10 37
0 13 4048
0 11 475
0 49 2360
0 13 977
0 39 1071
0 34 3615
0 12 2380
0 34 561
0 1 419
0 44 249
0 13 149
0 48 894
0 48 1089
0 11 2161
0 38 2906
0 41 1679
0 1 2070
0 49 2259
0 48 381
0 38 2264
0 5 572
0 13 598
0 13 1422
0 43 3243
0 12 3111
0 43 3226
0 18 7
0 5 442
0 14 110
0 38 717
0 44 2187
0 49 1151
0 13 607
0 1 1997
0 13 1708
0 39 2860
0 57 112
0 14 4008
0 41 4500
0 13 784
0 44 913
0 57 2791
0 38 1796
0 14 4429
0 57 598
0 38 2080
0 38 828
0 39 2599
0 28 155
0 11 2154
0 4 4383
0 18 1462
0 14 378
0 49 3020
0 44 77
0 49 499
0 43 207
0 28 896
0 5 227
0 48 507
0 12 868
0 10 2519
0 43 1089
0 3 148
0 41 108
0 12 1217
0 18 3224
0 44 1596
0 38 835
0 38 637
0 1 1921
0 5 374
0 3 2686
0 10 963
0 48 4160
0 14 205
0 48 254
0 4 3138
0 49 2403
0 14 630
0 38 1404
0 44 1295
0 14 334
0 49 244
0 34 3303
0 39 541
0 34 322
0 38 1274
0 12 941
0 13 289
0 38 2276
0 41 1733
0 48 419
0 11 3483
0 11 3315
0 3 2456
0 30 2254
0 18 4122
0 34 2086
0 13 1779
0 12 3882
0 4 291
0 34 661
0 34 301
0 1 4114
0 48 324
0 10 428
0 4 351
0 1 1208
0 4 272
0 39 35
0 1 133
0 30 4697
0 5 1542
0 5 573
0 48 4700
0 48 3390
0 34 1113
0 41 749
0 48 4719
0 12 4436
0 39 923
0 12 3398
0 33 19
0 14 433
0 13 1948
0 48 942
0 12 1280
0 10 913
0 10 1823
0 38 967
0 33 425
0 33 1282
0 3 1230
0 14 3976
0 1 942
0 57 1396
0 44 227
0 13 10
0 18 454
0 13 917
0 33 2437
0 38 2228
0 48 3466
0 41 1700
0 1 7
0 41 482
0 33 3547
0 34 3536
0 1 1963
0 3 3007
0 10 2682
0 30 176
0 12 432
0 3 2226
0 38 289
0 48 4565
0 43 290
0 11 1503
0 14 2278
0 5 328
0 49 2351
0 4 274
0 33 4048
0 39 2471
0 1 315
0 11 1795
0 4 3875
0 10 1176
0 28 1900
0 49 2623
0 1 2059
0 33 1362
0 34 3137
0 14 3295
0 49 2261
0 4 1297
0 49 1309
0 11 474
0 14 318
0 41 765
0 48 4387
0 34 204
0 34 2641
0 5 1829
0 3 1040
0 11 2717
0 12 1134
0 43 4648
0 14 3967
0 28 596
0 39 1099
0 5 575
0 43 1378
0 1 730
0 39 178
0 1 620
0 33 1079
0 41 3162
0 1 3675
0 18 338
0 39 417
0 1 503
0 39 1843
0 34 1039
0 2541 13
0 10 67
0 41 469
0 1 2347
0 11 1615
0 43 331
0 38 2321
0 34 3473
0 34 284
0 14 3950
0 41 2337
0 33 1306
0 48 702
0 13 1833
0 33 679
0 11 2576
0 49 703
0 5 1953
0 33 1531
0 41 3187
0 43 97
0 1 4680
0 38 2232
0 5 29
0 33 826
0 49 570
0 48 4151
0 39 943
0 49 3130
0 41 2070
0 34 1985
0 44 4235
0 10 575
0 10 4287
0 30 971
0 1 4711
0 1 3691
0 5 384
0 18 124
0 49 1108
0 14 179
0 39 1421
0 48 3528
0 38 2110
0 43 3015
0 28 779
0 33 3227
0 12 1742
0 57 1197
0 34 3497
0 49 1658
0 34 2307
0 33 4655
0 39 405
0 1 2323
0 14 701
0 10 103
0 57 1011
0 3 418
0 13 3717
0 11 2702
0 41 989
0 13 347
0 11 219
0 11 1827
0 39 205
0 10 203
0 44 2359
0 43 1076
0 1 2277
0 12 2289
0 34 1095
0 38 3370
0 1 4254
0 34 325
0 57 2199
0 44 4301
0 57 543
0 18 4182
0 5 1963
0 38 69
0 48 3745
0 11 1639
0 39 434
0 14 2097
0 3 115
0 10 71
0 49 2218
0 12 3136
0 57 103
0 4 601
0 13 1872
0 30 1965
0 18 632
0 13 508
0 1 73
0 48 498
0 3 538
0 39 2835
0 18 1981
0 3 112
0 12 1383
0 10 3241
0 34 2179
0 41 2192
0 39 1653
0 4 742
0 57 1057
0 49 632
0 48 623
0 1 2772
0 14 35
0 38 93
0 13 2132
0 39 430
0 30 4394
0 14 1190
0 14 526
0 41 109
0 41 1501
0 14 1900
0 33 1101
0 49 1784
0 43 631
0 12 3179
0 14 148
0 10 1005
0 18 614
0 34 642
0 43 1568
0 44 224
0 14 2285
0 48 1103
0 11 2710
0 1 4341
0 12 1119
0 5 1011
0 1 97
0 33 1662
0 1 930
0 5 760
0 43 426
0 3 3614
0 41 540
0 14 1048
0 4 3399
0 11 1365
0 10 2705
0 1 3217
0 48 107
0 49 2497
0 28 343
0 10 985
0 39 3201
0 13 3736
0 10 213
0 12 287
0 33 4550
0 18 1499
0 49 442
0 10 1050
0 14 4323
0 1 2997
0 18 3615
0 14 2954
0 34 4014
0 18 352
0 5 540
0 10 2913
0 14 4369
0 49 238
0 43 6
0 10 583
0 3 2648
0 34 3108
0 44 935
0 43 1267
0 49 696
0 33 1473
0 11 1986
0 10 3129
0 49 153
0 33 1151
0 33 1735
0 11 3487
0 49 821
0 13 1168
0 39 802
0 13 831
0 30 4572
0 12 2584
0 33 3051
0 38 2508
0 30 315
0 49 85
0 3 233
0 43 3174
0 34 1048
0 49 328
0 38 1016
0 28 933
0 48 4646
0 33 1463
0 14 2297
0 1 2554
0 48 4622
0 12 1981
0 13 1567
0 34 4689
0 44 3695
0 28 405
0 4 1087
0 1 1421
0 13 2802
0 34 3127
0 48 1841
0 33 442
0 14 620
0 13 203
0 18 810
0 39 623
0 48 573
0 11 1817
0 3 313
0 5 1556
0 57 193
0 5 3592
0 12 176
0 41 387
0 57 1953
0 11 3961
0 14 2366
0 39 3327
0 43 710
0 18 74
0 4 373
0 14 26
0 33 910
0 3 934
0 38 3910
0 28 317
0 41 3089
0 5 3095
0 5 3593
0 41 8
0 3 132
0 18 202
0 49 331
0 14 3035
0 49 3884
0 57 1100
0 30 614
0 43 2386
0 43 1590
0 5 378
0 48 4034
0 18 1206
0 617 11
0 12 4663
0 33 711
0 33 2441
0 38 82
0 48 3673
0 33 190
0 18 520
0 18 545
0 4396 11
0 44 198
0 5 700
0 3 430
0 5 2020
0 10 3123
0 41 2980
0 3 294
0 34 3404
0 38 4278
0 41 928
0 18 498
0 33 4726
0 41 2640
0 13 3725
0 34 244
0 18 1066
0 33 1386
0 10 916
0 14 4417
0 49 1519
0 49 712
0 49 1689
0 5 60
0 18 4006
0 3 598
0 10 205
0 38 2024
0 1 417
0 34 956
0 3 276
0 14 676
0 10 946
0 11 2734
0 43 821
0 10 921
0 44 304
0 3 3790
0 1 573
0 11 3776
0 49 1654
0 43 1907
0 1 141
0 13 103
0 1 2037
0 11 1934
0 34 242
0 4 3746
0 4 245
0 1 527
0 4 540
0 34 3413
0 11 2149
0 43 19
0 41 1239
0 43 2569
0 49 2532
0 43 224
0 12 694
0 4 1818
0 39 317
0 13 2070
0 43 1705
0 39 1498
0 14 1895
0 34 4101
0 48 3984
0 57 696
0 12 161
0 5 4665
0 49 109
0 34 53
0 18 617
0 14 3600
0 41 896
0 34 3522
0 13 2513
0 14 773
0 28 647
0 43 1584
0 39 2788
0 13 2457
0 41 909
0 43 195
0 13 1701
0 11 86
0 49 228
0 10 1894
0 34 821
0 14 163
0 10 3224
0 41 3783
0 18 854
0 41 73
0 14 143
0 49 766
0 11 299
0 3 3064
0 38 469
0 10 607
0 13 747
0 18 1699
0 5 831
0 1 148
0 38 1066
0 12 767
0 44 642
0 33 161
0 11 2585
0 14 2201
0 57 257
0 41 2324
0 5 103
0 3 380
0 44 138
0 10 2848
0 49 276
0 10 935
0 34 58
0 11 416
0 1 2689
0 38 1402
0 33 384
0 28 614
0 3 394
0 39 2969
0 14 176
0 14 4252
0 38 1831
0 48 3531
0 48 233
0 43 637
0 48 2137
0 30 477
0 28 4033
0 4 3896
0 34 664
0 4 4197
0 14 2960
0 14 2008
0 33 720
0 43 502
0 14 4399
0 41 3555
0 13 2633
0 12 3283
0 13 1462
0 4 105
0 33 956
0 10 1654
0 1 2857
0 33 189
0 57 181
0 43 1294
0 38 1884
0 13 726
0 18 2997
0 14 1841
0 33 242
0 44 143
0 49 3099
0 38 1958
0 10 2982
0 34 11
0 44 29
0 34 732
0 57 87
0 3 2971
0 49 936
0 3 1103
0 41 1208
0 12 3102
0 49 1292
0 38 560
0 1 4537
0 10 2484
0 5 20
0 18 774
0 3 1895
0 18 273
0 13 2487
0 14 2957
0 49 15
0 39 4022
0 39 1624
0 14 570
0 39 2968
0 48 662
0 57 1276
0 12 3308
0 5 440
0 1 821
0 1 663
0 48 4048
0 39 2929
0 10 1505
0 18 1190
0 1 361
0 49 186
0 49 1132
0 4 1151
0 43 1713
0 10 11
0 33 886
0 30 305
0 38 1040
0 10 2088
0 28 523
0 18 507
0 38 3335
0 38 872
0 49 4385
0 12 2422
0 18 926
0 34 646
0 41 143
0 13 220
0 1 110
0 14 304
0 34 3880
0 13 1438
0 49 1823
0 5 2460
0 49 1555
0 1 610
0 48 878
0 39 4262
0 49 1678
0 49 3144
0 30 3452
0 3 1805
0 3 109
0 57 478
0 41 560
0 18 3081
0 28 97
0 39 1322
0 33 3725
0 49 831
0 14 3330
0 30 622
0 10 2598
0 48 1055
0 49 463
0 49 902
0 44 3648
0 33 3603
0 5 1108
0 1 19
0 34 4392
0 44 2467
0 1 635
0 57 84
0 5 2407
0 3 3827
0 4 562
0 14 3138
0 41 2075
0 1 99
0 41 3155
0 1 855
0 57 3676
0 34 202
0 11 1606
0 13 896
0 49 2174
0 49 4495
0 39 926
0 43 3211
0 33 622
0 34 21
0 30 3402
0 13 275
0 41 2152
0 5 1447
0 34 3495
0 41 87
0 14 4045
0 49 496
0 13 87
0 44 573
0 38 607
0 49 3388
0 11 2634
0 49 137
0 49 195
0 10 773
0 49 2141
0 1 881
0 14 4331
0 33 4376
0 34 1822
0 49 148
0 14 2065
0 41 1090
0 38 465
0 11 3471
0 14 2467
0 12 913
0 48 402
0 49 1231
0 1 2004
0 41 3242
0 13 134
0 3 3733
0 44 2637
0 5 199
0 13 600
0 43 1699
0 39 2742
0 48 3615
0 1 155
0 18 450
0 14 1891
0 4 1164
0 11 2255
0 33 502
0 39 1281
0 11 2313
0 43 868
0 34 1276
0 18 728
0 49 1560
0 44 331
0 1 4496
0 14 3543
0 30 317
0 39 185
0 34 595
0 34 2875
0 39 1167
0 34 209
0 12 1123
0 14 3022
0 13 800
0 14 317
0 3 378
0 49 1101
0 13 1653
0 33 1419
0 4 576
0 4 2875
0 3 460
0 10 2536
0 1 207
0 43 373
0 5 2054
0 57 200
0 43 2735
0 49 338
0 3 3333
0 14 561
0 4 3044
0 48 337
0 18 2075
0 18 4654
0 11 1744
0 49 1777
0 43 1450
0 38 916
0 28 93
0 5 190
0 38 1138
0 49 2124
0 4 831
0 12 2736
0 13 1486
0 33 858
0 11 1338
0 14 931
0 34 72
0 44 672
0 44 1276
0 39 466
0 13 1533
0 13 1348
0 38 112
0 10 627
0 39 974
0 10 561
0 44 647
0 5 2025
0 14 4368
0 14 1026
0 48 3561
0 5 4541
0 34 1103
0 10 1471
0 5 1495
0 43 1376
0 33 2215
0 14 3910
0 12 1699
0 14 2875
0 18 648
0 18 3475
0 49 3248
0 48 226
0 48 3468
0 28 957
0 49 1653
0 49 2445
0 3 2591
0 39 3821
0 4 3156
0 49 3857
0 14 1985
0 4 2740
0 18 3805
0 44 4292
0 41 3615
0 41 343
0 10 290
0 48 589
0 34 759
0 30 419
0 1 193
0 2416 11
0 28 651
0 28 126
0 13 2517
0 18 291
0 39 3669
0 11 170
0 49 982
0 12 728
0 38 458
0 38 313
0 18 4173
0 49 782
0 14 3276
0 34 191
0 14 1319
0 41 3156
0 41 107
0 14 4320
0 12 851
0 10 3323
0 38 1957
0 10 597
0 4 3251
0 33 459
0 44 353
0 11 1908
0 38 405
0 39 960
0 4280 11
0 1 2053
0 18 3124
0 39 6
0 33 1596
0 4 378
0 4 4145
0 18 211
0 30 946
0 3 1609
0 41 623
0 4 1613
0 49 2091
0 49 330
0 49 2362
0 11 3313
0 1 2093
0 13 21
0 5 2018
0 4 595
0 18 4066
0 33 1960
0 30 773
0 41 575
0 39 3584
0 30 128
0 18 1779
0 49 942
0 18 4256
0 44 156
0 11 2296
0 4 228
0 41 2380
0 14 1000
0 38 3932
0 34 196
0 38 166
0 43 968
0 49 1993
0 1 1596
0 13 1899
0 3 1006
0 34 2266
0 39 713
0 44 1742
0 44 1955
0 3 3591
0 39 2964
0 44 145
0 34 333
0 48 626
0 49 3287
0 34 3940
0 44 188
0 13 3653
0 33 1714
0 41 47
0 57 933
0 12 1812
0 34 1662
0 4 1359
0 38 735
0 13 922
0 13 1024
0 48 3537
0 44 1319
0 4727 11
0 43 42
0 3 1087
0 49 2193
0 10 1481
0 33 568
0 48 690
0 3 2243
0 11 3965
0 48 3986
0 13 1574
0 44 287
0 13 2196
0 44 336
0 13 400
0 1 2061
0 38 67
0 14 316
0 48 3378
0 34 326
0 14 390
0 11 4210
0 1 69
0 11 1578
0 44 595
0 11 1783
0 3 1581
0 11 4464
0 14 2950
0 38 4093
0 33 3131
0 34 82
0 1 390
0 10 984
0 43 740
0 41 503
0 5 25
0 14 1239
0 39 854
0 49 201
0 43 178
0 38 380
0 10 2934
0 48 483
0 57 1422
0 43 2804
0 48 3805
0 10 2476
0 3 379
0 12 128
0 49 1325
0 14 1136
0 48 123
0 5 550
0 5 3441
0 5 748
0 33 919
0 48 4604
0 34 3828
0 3 2894
0 44 71
0 18 2229
0 10 2731
0 41 1654
0 12 1564
0 14 4326
0 14 127
0 13 779
0 49 4542
0 44 3929
0 41 4168
0 1 400
0 1 4422
0 14 132
0 48 480
0 33 1938
0 5 2027
0 14 4257
0 3 541
0 13 2045
0 5 819
0 48 3394
0 30 324
0 57 1636
0 5 3560
0 34 126
0 4 2944
0 18 1405
0 10 612
0 48 3582
0 38 2102
0 11 502
0 33 320
0 43 52
0 38 4548
0 41 317
0 48 3689
0 57 727
0 10 3113
0 49 526
0 18 3648
0 43 1087
0 39 4257
0 33 717
0 18 514
0 10 673
0 13 1159
0 34 1480
0 30 367
0 4 502
0 28 311
0 14 2460
0 13 2503
0 4 890
0 11 3193
0 41 3924
0 10 3670
0 5 3269
0 3 76
0 30 3899
0 3 0
0 49 455
0 44 215
0 44 622
0 39 1460
0 1 3716
0 10 1269
0 34 450
0 44 1297
0 57 1359
0 18 4067
0 49 3184
0 10 1356
0 14 1993
0 34 628
0 18 1777
0 41 201
0 12 596
0 1 3704
0 14 2071
0 5 430
0 11 3955
0 44 489
0 33 791
0 4 2217
0 30 129
0 39 2687
0 10 1184
0 44 244
0 43 74
0 11 1621
0 48 3416
0 10 3087
0 5 276
0 3 2730
0 10 2201
0 14 1344
0 48 403
0 12 3322
0 10 1357
0 49 2226
0 3 819
0 33 112
0 5 1109
0 38 3531
0 38 37
0 49 1507
0 49 725
0 33 1040
0 49 3346
0 18 3517
0 10 185
0 33 607
0 38 645
0 38 318
0 18 135
0 4 4649
0 33 937
0 57 2518
0 41 893
0 48 213
0 30 325
0 33 1404
0 12 1038
0 10 975
0 14 2847
0 34 499
0 33 621
0 12 2332
0 44 620
0 3 70
0 38 2851
0 34 483
0 48 347
0 5 742
0 49 3366
0 1 2836
0 11 1298
0 39 291
0 18 292
0 33 1226
0 41 894
0 12 447
0 33 630
0 48 2023
0 33 875
0 39 1391
0 38 728
0 34 745
0 14 3989
0 49 3781
0 13 2759
0 49 225
0 14 1613
0 48 3400
0 13 2266
0 10 327
0 10 214
0 43 1152
0 49 762
0 43 2797
0 14 4059
0 11 3864
0 10 765
0 34 540
0 41 4469
0 38 11
0 38 373
0 12 3337
0 30 104
0 57 2768
0 12 1811
0 38 759
0 33 916
0 1 4343
0 48 2438
0 1 2125
0 48 4594
0 43 2426
0 34 544
0 3 2778
0 12 3397
0 14 4166
0 1 1985
0 38 1928
0 4 4621
0 49 399
0 14 22
0 10 1087
0 41 4506
0 18 868
0 1 1895
0 5 228
0 18 556
0 14 953
0 33 1187
0 49 425
0 10 1133
0 30 4393
0 39 47
0 18 596
0 12 1415
0 41 1719
0 1 1209
0 30 274
0 4 3655
0 49 72
0 57 275
0 3 717
0 11 2723
0 10 1011
0 44 583
0 11 4141
0 10 3830
0 57 62
0 44 374
0 11 1949
0 11 1539
0 14 82
0 38 3128
0 12 942
0 18 197
0 5 289
0 1 2402
0 49 2182
0 38 2452
0 1 2205
0 5 647
0 1 134
0 1 1230
0 34 3267
0 14 3006
0 28 11
0 38 1968
0 30 703
0 11 3449
0 1 696
0 4 1777
0 14 1151
0 13 99
0 33 4299
0 34 2380
0 4 3407
0 38 179
0 14 1294
0 4 1422
0 30 1955
0 14 916
0 39 233
0 48 4132
0 28 3063
0 48 3631
0 41 449
0 48 215
0 3 745
0 10 454
0 13 2897
0 4 72
0 3 526
0 12 2475
0 38 3272
0 13 2739
0 33 4535
0 11 2279
0 13 3587
0 48 1422
0 12 732
0 11 1739
0 39 1179
0 30 379
0 44 354
0 34 430
0 44 574
0 18 2285
0 38 255
0 3 1274
0 44 1399
0 41 138
0 44 506
0 41 11
0 33 1572
0 4 379
0 1 2144
0 1 3578
0 13 916
0 12 746
0 39 2780
0 11 3272
0 5 1227
0 18 2851
0 48 109
0 30 80
0 44 1700
0 13 1581
0 12 1378
0 18 11
0 43 4517
0 14 2369
0 57 2380
0 48 3644
0 41 26
0 12 2175
0 48 164
0 39 81
0 3 4713
0 1 20
0 43 0
0 48 1126
0 14 2191
0 34 827
0 44 1152
0 18 3303
0 14 1999
