0 1
2 3
0 4
5 2
6 2
7 2
8 9
6 10
0 2
11 9
12 2
13 14
15 0
13 16
17 2
8 18
9 2
8 19
20 21
20 22
23 24
8 15
7 25
8 2
6 26
6 27
28 2
29 2
0 30
0 31
0 19
0 18
0 32
20 2
29 33
6 34
13 35
20 36
8 37
8 38
8 39
8 40
8 41
8 42
8 43
0 44
0 45
0 46
47 9
6 48
23 2
13 49
13 50
20 51
47 52
11 2
47 2
13 53
6 54
7 55
7 56
5 57
7 58
7 59
7 60
61 2
11 62
6 63
13 64
13 65
20 66
67 2
17 68
17 69
17 70
0 71
7 5
20 72
20 73
2 74
0 75
7 76
11 77
11 78
11 22
11 66
7 79
61 9
11 80
20 77
9 81
5 82
20 83
23 84
11 85
20 86
6 87
11 36
7 88
89 75
17 90
20 1
11 91
11 92
7 93
61 94
23 95
17 93
28 96
47 97
17 98
47 69
5 99
47 100
47 70
3 101
28 102
23 78
47 78
9 78
103 0
11 104
13 105
0 106
0 25
47 107
61 108
13 109
13 110
7 111
112 75
28 113
29 5
47 114
115 116
47 90
47 117
47 118
8 119
8 97
13 120
8 121
13 20
122 123
8 124
13 125
112 2
6 126
89 127
89 2
7 99
13 128
13 129
13 127
13 130
13 131
13 2
5 132
133 2
61 78
13 134
11 35
11 135
5 136
13 137
89 3
7 138
17 5
17 139
7 140
133 141
17 142
5 143
17 144
0 3
17 145
17 99
9 146
5 147
3 75
2 148
2 149
2 150
2 151
2 152
6 153
29 99
28 78
13 88
8 78
122 78
13 73
61 154
122 2
12 99
47 145
11 155
11 156
122 157
3 158
47 144
2 159
2 160
2 161
2 162
11 163
11 164
61 165
133 73
6 166
13 167
13 168
13 169
13 170
13 171
122 172
122 173
133 174
122 175
122 176
122 177
122 178
133 179
112 3
133 13
11 180
6 84
6 181
6 73
9 182
2 183
23 8
0 158
0 184
0 185
5 186
5 187
5 188
0 189
7 190
17 117
0 191
3 184
28 192
133 193
6 102
6 96
7 194
11 195
6 196
28 197
28 198
28 199
61 179
9 200
6 113
6 201
6 202
11 203
9 186
9 204
9 177
0 205
20 179
20 206
9 207
0 208
9 209
133 210
17 211
133 212
3 213
133 214
17 215
6 216
133 217
9 218
9 219
7 19
7 18
12 5
11 220
133 221
133 222
7 223
11 224
11 225
133 226
3 94
17 227
28 9
6 228
0 229
11 230
6 127
122 9
6 231
6 232
6 233
2 234
8 235
8 236
8 237
8 238
11 239
11 240
11 32
8 241
8 242
11 243
133 173
6 244
133 202
11 245
9 246
7 247
133 248
2 249
2 250
2 251
2 252
2 253
9 254
9 226
9 21
9 255
256 2
9 257
9 258
9 259
5 260
5 261
6 262
0 263
0 264
5 203
2 265
2 266
8 267
133 268
5 269
5 270
9 271
9 272
11 273
8 274
8 275
8 276
8 4
8 277
6 278
6 279
47 211
7 280
11 281
7 282
7 283
28 284
28 285
28 286
9 287
61 206
6 197
6 198
6 284
9 288
47 289
7 290
7 291
7 292
7 293
7 294
7 295
133 296
9 297
9 298
9 299
9 300
20 301
7 302
7 303
7 304
133 305
122 306
133 307
8 308
11 309
133 310
133 311
133 312
8 313
133 314
8 315
133 316
133 317
133 318
133 319
133 320
133 321
0 322
133 323
133 324
133 325
133 326
133 327
47 93
133 328
133 329
133 330
7 1
47 142
9 331
7 258
133 332
9 333
133 334
133 335
133 336
133 337
9 203
2 338
2 339
2 340
2 341
133 342
2 343
2 344
2 345
20 346
133 347
133 348
9 349
2 350
2 351
133 352
133 353
7 150
133 354
133 355
133 356
133 357
133 358
133 359
9 360
7 121
6 286
133 361
6 362
133 363
133 276
133 258
133 88
133 364
133 21
122 365
133 366
133 367
133 368
2 369
2 370
2 371
2 372
2 373
133 1
133 374
133 375
133 376
133 377
133 378
133 379
2 380
2 381
133 382
133 383
2 384
2 385
6 386
133 387
133 110
133 388
133 389
133 390
133 95
133 391
133 392
133 393
133 394
133 395
133 396
133 397
133 398
133 399
133 400
11 401
7 402
133 403
133 404
133 405
0 406
133 407
6 19
6 18
11 408
6 15
11 409
11 1
6 410
9 411
9 412
6 413
6 199
9 414
6 415
9 416
9 107
6 417
133 418
7 419
6 420
11 421
11 422
11 423
11 424
13 425
8 426
8 427
9 428
28 410
9 429
9 430
7 431
20 432
7 433
9 98
9 434
9 435
28 415
7 436
7 4
11 437
13 438
7 439
122 185
7 440
122 441
11 442
11 443
5 100
5 444
5 367
0 445
11 446
2 447
17 448
28 449
6 247
0 450
7 451
7 452
6 285
6 283
6 110
6 392
6 453
6 307
9 179
5 454
9 455
456 2
9 457
7 458
0 459
9 460
9 461
9 462
9 463
0 464
61 173
11 173
6 465
6 466
6 467
6 468
9 469
6 436
6 470
11 374
7 471
7 472
9 473
11 474
9 475
9 163
2 476
2 477
7 137
7 391
2 478
2 479
61 480
9 481
7 482
6 62
8 483
8 484
8 296
13 485
7 486
7 337
7 487
8 258
8 367
6 488
6 489
11 258
11 490
7 354
6 491
28 492
3 493
61 494
6 495
6 496
6 497
6 498
6 499
6 500
9 400
9 501
9 502
13 503
11 504
13 505
13 506
61 97
7 507
7 185
11 475
6 508
7 509
7 191
13 510
13 511
11 210
11 512
11 212
7 513
23 514
133 209
133 515
133 516
133 517
133 518
133 519
9 517
61 520
11 247
17 289
11 521
11 391
11 522
61 523
20 524
9 525
6 526
133 527
133 528
20 529
20 530
20 531
20 532
133 533
133 534
2 535
2 536
2 537
2 538
2 539
11 283
61 86
47 540
11 541
9 542
6 543
8 544
7 545
7 546
8 547
7 32
0 548
0 549
0 550
7 551
17 114
6 552
9 358
9 553
61 301
7 554
6 555
9 366
9 367
6 556
2 557
7 558
11 559
7 560
6 33
7 220
7 322
11 561
7 562
6 563
9 403
9 405
7 564
122 565
115 566
28 242
28 567
115 568
6 569
6 570
7 571
11 572
115 2
5 573
8 55
2 574
2 575
7 576
9 427
28 158
3 229
9 577
9 578
9 579
9 580
9 127
9 581
6 582
9 583
2 584
61 585
7 586
6 587
9 374
9 588
7 589
13 590
13 591
13 592
8 593
9 594
47 595
6 596
9 359
13 597
133 598
133 599
133 600
133 582
133 587
133 601
133 259
133 602
133 35
133 603
133 604
133 605
133 4
133 606
133 607
133 608
13 609
7 466
7 610
2 611
47 612
47 613
7 43
7 614
7 615
7 616
7 617
20 618
20 619
2 620
7 208
133 96
133 621
7 205
133 139
20 127
20 81
11 622
7 224
7 225
6 623
133 624
133 625
133 626
6 627
17 628
17 629
7 630
7 100
11 631
7 632
7 633
9 174
11 582
6 634
11 635
11 587
11 197
11 198
11 284
5 636
5 637
5 638
7 639
7 640
7 641
7 642
7 643
7 644
6 645
6 646
7 647
2 648
7 649
7 650
7 651
7 652
11 285
11 286
11 199
11 653
23 654
7 655
9 656
7 657
7 305
7 39
7 658
7 367
7 361
2 659
11 96
13 660
13 661
13 662
9 663
9 664
11 665
6 666
7 246
6 52
6 667
7 396
7 668
7 139
7 636
7 669
7 670
7 671
7 672
7 673
7 146
7 674
7 468
675 181
675 646
11 415
5 676
675 677
9 678
3 361
3 679
3 42
23 680
5 127
8 681
23 646
9 682
683 84
11 410
7 684
7 685
9 686
7 687
5 688
9 247
23 9
13 689
8 22
7 690
7 157
691 7
9 692
7 144
9 693
7 694
9 283
13 695
0 696
8 361
8 76
8 679
3 697
9 698
47 196
11 158
20 699
9 700
9 158
8 173
0 173
7 701
7 702
9 703
20 704
7 518
7 705
28 706
28 21
11 707
11 708
20 4
133 709
133 710
133 711
133 712
133 713
28 714
133 715
133 716
122 480
17 717
17 718
7 719
17 720
0 721
133 204
133 436
133 722
17 723
133 724
133 725
7 69
7 70
8 480
8 726
47 86
11 727
7 145
7 90
28 724
9 184
3 475
3 163
11 728
133 729
133 128
133 129
133 137
133 730
133 731
17 732
7 723
11 733
28 480
7 734
7 215
7 211
13 735
9 736
28 737
13 738
13 739
2 740
2 741
2 742
2 743
61 744
13 745
9 189
7 746
9 264
9 229
9 747
2 748
9 749
2 750
2 176
2 751
2 752
2 753
2 754
2 755
2 756
2 757
2 758
2 759
2 760
2 761
7 762
11 763
764 11
765 9
765 7
7 628
764 7
764 13
766 2
765 17
2 767
764 5
764 122
9 276
9 768
5 364
122 158
11 769
11 770
11 4
11 127
7 771
28 772
17 692
0 773
7 118
9 774
17 693
3 68
2 775
9 776
9 777
9 778
9 779
7 780
28 781
28 782
61 783
7 784
47 361
47 658
47 38
9 785
7 297
7 786
2 787
2 788
2 789
0 790
2 791
0 792
0 793
0 794
2 795
2 796
2 797
0 391
3 459
9 798
9 769
9 4
9 32
6 799
9 800
7 128
7 134
7 131
7 129
8 801
9 644
2 802
7 21
9 803
2 804
2 805
2 806
2 807
2 808
7 201
0 427
9 192
7 809
8 36
8 810
9 696
764 9
23 811
28 812
9 813
61 493
3 182
9 814
9 815
9 816
0 87
9 817
9 436
9 1
5 818
9 819
3 165
7 820
5 821
9 97
7 822
3 658
9 823
7 824
133 825
133 826
17 827
17 374
17 828
17 204
133 829
0 409
28 246
133 185
133 830
28 831
9 832
9 833
133 644
9 834
9 835
9 836
9 837
9 838
20 692
11 618
9 839
133 840
133 841
9 606
133 40
9 842
9 843
9 844
20 693
0 421
0 424
133 180
17 845
7 142
0 846
133 847
9 848
9 849
9 850
5 851
0 852
5 853
5 462
5 298
7 606
61 854
11 361
11 658
11 42
5 855
9 856
112 857
13 173
7 358
7 359
7 858
13 859
7 366
28 360
3 860
9 861
47 862
9 863
11 864
9 865
7 219
2 866
2 867
868 2
7 869
5 870
2 871
7 403
2 872
7 405
5 873
28 874
5 655
5 628
5 139
9 875
5 179
5 876
5 877
5 721
6 878
9 361
5 879
5 861
5 33
5 878
6 101
2 880
5 881
2 882
5 101
5 883
11 679
5 884
2 885
2 886
5 887
7 888
5 889
5 32
5 890
5 891
5 358
5 84
5 378
5 553
5 366
9 173
5 892
5 893
5 398
5 894
2 895
2 896
5 403
61 407
0 897
5 898
7 899
2 900
17 901
5 902
2 903
17 158
5 803
0 82
0 904
0 905
0 906
0 224
0 907
17 908
0 225
5 909
17 910
0 911
17 121
5 912
20 138
0 436
17 913
5 914
5 287
17 915
17 276
2 916
23 101
28 917
7 918
28 919
17 127
47 717
47 718
9 920
28 921
28 851
28 922
28 923
61 96
0 924
28 18
5 925
61 158
28 926
0 441
0 927
3 803
0 258
17 928
17 929
17 930
17 931
13 932
13 933
0 934
0 935
28 936
17 655
17 937
0 938
13 939
47 412
61 102
17 824
17 118
17 940
20 941
28 942
28 144
0 132
47 98
17 943
17 944
47 945
17 946
17 947
17 948
17 531
28 949
17 950
17 918
61 697
3 792
28 69
61 53
47 184
47 951
3 684
28 952
61 224
28 953
28 954
28 955
28 956
0 147
61 225
0 96
7 553
17 957
28 958
28 145
0 102
20 56
20 959
61 587
61 18
5 606
47 264
61 19
0 960
7 961
61 15
0 962
7 963
20 302
20 58
28 297
28 964
47 567
20 100
28 843
28 814
28 119
3 179
0 965
3 173
61 966
20 59
28 506
28 893
28 548
28 967
28 968
20 969
3 970
3 523
47 229
28 549
17 97
28 971
3 733
3 82
3 972
28 587
3 973
17 972
20 35
5 974
28 550
28 975
20 173
17 976
47 215
17 977
7 978
20 60
3 76
0 979
23 980
47 981
20 982
20 337
23 983
20 984
5 985
5 986
987 2
28 90
61 42
20 988
5 405
47 989
20 990
20 392
47 72
5 991
11 412
3 206
20 992
61 860
3 993
3 501
20 994
3 995
3 53
5 996
20 997
20 998
17 83
17 999
2 1000
20 354
17 1001
17 1002
17 163
17 378
13 1003
20 1004
13 1005
20 367
17 737
20 32
17 1006
0 1007
17 772
17 533
2 1008
0 1009
3 121
17 1010
0 1011
2 1012
0 587
17 812
17 1013
3 1014
17 1015
20 937
20 431
20 545
20 82
3 400
0 1016
17 1017
20 436
0 180
20 507
17 528
17 1018
20 1019
20 1020
0 124
20 258
20 1021
0 1022
28 275
17 1023
28 486
28 337
28 1024
17 131
28 1025
28 117
28 1026
17 1027
13 1028
28 1029
28 1030
17 1031
3 1032
9 267
17 1033
28 533
0 1034
28 1035
3 494
28 491
28 619
17 1036
28 237
28 238
61 1025
61 1024
23 1037
7 1038
61 175
20 1039
28 1040
20 1041
61 1042
11 1043
0 1044
47 1045
47 173
61 412
61 1046
61 1047
20 1048
28 1049
9 1050
17 173
5 1051
20 1052
28 127
0 544
28 1053
3 95
28 354
28 1054
28 1042
5 1055
28 496
47 22
61 491
17 1056
13 1057
28 215
3 1058
5 1059
3 1060
28 497
5 780
20 923
61 201
20 1061
28 909
20 1062
17 1063
17 1064
61 1030
9 1065
28 93
61 1035
61 1066
3 1067
20 1068
28 1069
3 844
5 359
5 1070
17 577
3 436
3 1071
2 1072
2 1073
47 1074
3 97
0 547
2 1075
9 1076
28 582
20 1077
9 1078
2 1079
20 1080
17 32
20 838
17 581
0 1081
3 873
47 263
0 197
0 154
20 303
20 1082
0 1083
20 1084
2 1085
20 1086
47 1087
3 1088
20 175
3 1089
0 198
3 398
61 288
20 158
20 110
61 887
61 1054
20 297
61 496
28 1090
0 1091
61 497
20 1092
17 1093
20 1094
7 1095
61 331
7 821
28 1096
20 1097
20 217
61 203
20 1098
20 893
20 560
28 1066
61 547
61 544
17 1099
20 1100
5 1101
20 400
5 1102
61 909
61 21
61 1103
20 484
20 203
1104 17
20 1105
47 1106
2 1107
20 101
3 297
17 205
3 1108
61 798
20 397
61 769
0 374
20 1109
3 462
61 32
3 1110
0 828
17 208
11 98
2 1111
0 284
20 586
47 1112
28 1103
0 1113
2 1114
3 35
3 208
47 94
20 1115
3 205
20 143
7 38
5 1116
0 1117
2 1118
3 83
5 213
17 1083
3 857
3 1119
0 1120
2 1121
2 1122
2 1123
2 1124
28 142
2 1125
17 1126
20 1127
20 1128
20 307
17 1129
0 1130
17 1131
3 146
7 626
20 1132
61 93
20 1133
3 143
61 138
17 736
61 98
20 674
5 968
3 1134
20 1135
28 1136
20 1137
61 533
61 1138
2 1139
2 1140
28 1047
61 1119
3 454
0 612
0 613
17 1141
0 1142
11 862
0 1143
0 1144
47 1145
0 1146
7 1147
0 410
17 412
17 1034
0 247
61 1148
0 1149
20 95
0 1150
9 1151
5 1152
0 555
5 1153
0 1154
5 173
17 297
11 276
28 1155
61 489
17 462
5 1156
3 1157
61 914
28 1158
61 1159
0 1039
61 1160
28 717
3 851
5 989
0 1100
47 36
28 1161
0 1162
17 435
17 258
0 1163
0 1164
0 1105
0 1165
0 101
0 285
0 286
0 1166
133 53
9 261
13 1167
61 1168
9 1169
9 1170
9 650
9 1171
9 651
61 435
61 429
47 894
5 1172
133 1173
61 1174
5 1175
133 287
47 1176
17 1177
47 1178
5 1179
133 1180
9 1181
5 524
47 936
20 53
20 1158
3 531
3 1182
61 400
20 902
3 1183
3 744
47 1184
3 1185
133 1186
28 1187
5 701
20 1188
20 1189
5 720
133 655
133 1190
133 297
20 1191
133 1070
47 1192
133 298
5 544
133 893
133 1193
47 1194
5 547
9 1195
47 127
47 1196
5 1197
47 1198
20 1199
133 1200
133 43
7 1201
133 1202
133 42
133 38
133 261
133 39
7 1203
133 658
133 1204
5 1205
47 400
7 1206
5 1020
61 213
5 121
5 1207
0 1208
0 177
20 1173
0 283
2 1209
2 1210
61 637
7 1211
47 1212
5 1213
9 985
9 1214
5 1081
5 1087
47 177
5 1215
5 747
5 531
5 1216
17 1217
5 1106
17 1218
17 876
3 1219
17 1220
17 894
0 1221
0 1222
47 1223
0 717
17 100
0 1224
28 1225
0 1226
5 1192
5 1225
17 1227
47 1216
17 1228
17 542
3 108
5 814
17 1229
0 475
0 163
5 1198
0 1030
61 1230
28 873
17 893
3 1231
17 436
17 1232
17 1233
5 204
5 862
28 726
17 1234
0 1035
0 1235
17 1236
5 923
0 1237
47 1238
122 378
61 1239
133 1119
61 475
61 781
61 968
61 1240
61 258
61 163
61 782
47 1241
28 864
61 197
28 1242
61 198
61 284
28 1243
47 81
3 853
3 585
28 462
28 531
7 1244
0 134
3 298
5 682
20 196
47 1245
47 967
47 1246
7 178
47 391
5 83
20 1168
5 1247
17 1248
17 1249
89 857
47 616
17 287
17 1250
20 1119
47 32
9 533
17 851
17 1251
2 1252
0 1253
0 415
47 1254
28 544
28 547
0 1255
5 81
28 721
5 571
0 857
3 876
17 887
28 1062
17 1256
17 1257
28 123
2 1258
61 1259
17 973
17 1205
17 1260
3 457
0 1261
3 1262
61 1263
3 1264
3 1265
17 1266
0 367
61 349
61 104
0 769
0 1049
61 1267
3 1268
61 1269
3 902
3 1270
17 182
28 196
17 1271
17 1272
17 1273
5 1274
28 288
9 1275
0 21
61 1276
17 898
0 1277
17 1278
9 1279
5 1
17 1280
61 1281
61 242
61 241
28 1282
3 1248
61 1283
61 107
61 1284
3 776
11 107
3 144
20 1285
28 193
61 1182
61 1286
28 429
7 117
3 950
3 1027
28 163
17 981
3 1260
47 772
61 1287
0 400
61 1288
47 1289
13 1290
11 1286
11 21
61 285
61 286
89 966
3 69
89 684
89 97
89 55
3 1291
89 76
28 49
89 1025
89 489
3 202
28 50
28 1292
61 1293
47 193
89 1263
28 1286
3 145
20 1294
9 1295
0 991
47 407
89 1296
20 1297
3 1292
47 346
28 131
61 1298
20 1299
20 1060
0 144
89 1300
47 1301
47 737
28 57
28 876
47 105
3 881
89 1302
89 1303
89 491
61 4
20 1304
28 137
89 1305
89 1306
17 1307
17 1308
17 400
89 19
3 966
28 1309
47 1310
20 412
61 1136
20 1311
47 1312
9 1313
0 1314
28 528
20 1088
89 206
61 1153
29 966
28 700
61 1315
61 545
0 142
0 145
29 1296
89 497
89 1316
20 1239
89 1243
2 1317
89 1318
61 558
29 1025
89 53
61 367
29 1024
3 289
12 733
20 1319
89 1276
47 644
2 1320
2 1321
2 1322
2 1323
12 104
89 43
12 737
20 501
89 258
3 90
29 1276
89 1324
29 1325
28 298
3 917
112 612
112 176
89 374
112 613
12 1326
61 1327
20 918
17 1328
28 1329
89 121
29 582
112 306
20 1330
89 1211
89 1331
89 1332
61 38
89 1024
89 1333
3 1334
89 1335
20 1336
3 893
20 861
0 1337
89 1338
61 1339
12 196
89 1340
47 1341
3 39
0 1342
3 1343
61 1344
20 40
29 96
12 421
29 1345
20 42
2 1346
2 1347
47 1
12 424
3 636
3 270
3 367
89 466
5 1042
89 131
29 1348
29 491
29 774
89 610
0 1349
29 1263
89 232
89 39
61 1350
29 1351
3 921
89 1352
89 1353
61 1354
89 1355
12 323
112 1137
29 1356
29 1357
29 1355
61 1
89 21
89 35
0 1358
17 974
89 1
89 1359
29 1360
89 901
89 163
20 213
89 421
29 798
17 454
29 1361
29 1362
29 374
29 769
12 1363
29 1364
29 496
29 600
29 284
112 409
29 4
29 127
29 497
112 928
29 816
112 981
29 1365
29 1366
0 262
112 72
112 945
112 1081
9 141
29 1367
89 475
89 42
29 1368
89 38
89 1369
89 361
89 1103
89 1370
29 1
112 564
20 1301
89 276
89 398
29 1371
29 410
89 409
112 1372
89 400
29 1373
12 1030
17 1374
89 1375
29 1158
29 32
20 1376
89 1377
89 637
89 367
29 1378
29 1379
12 1035
29 1380
89 1381
47 864
89 1241
89 997
47 242
112 365
28 1382
89 1383
29 587
28 173
3 953
29 544
3 954
61 1384
12 82
3 955
3 1385
29 1386
89 81
89 513
89 1387
3 178
61 189
89 1388
89 509
112 424
47 1389
112 1023
112 172
29 1390
29 197
12 1391
9 1392
29 1393
29 610
12 770
3 177
28 203
29 1159
29 42
89 1390
61 1394
29 1395
112 421
89 242
29 1396
3 1225
89 32
5 321
112 1397
112 1398
89 1054
12 1399
29 1400
12 1401
89 1402
29 158
89 1403
61 1404
61 182
112 1405
89 1406
89 496
29 1407
112 1408
2 1409
12 1380
29 1410
29 1411
112 1412
12 1378
29 1413
29 890
29 1414
12 1415
7 114
5 800
112 1416
12 1417
112 14
12 163
29 1418
29 1419
29 1420
112 1421
89 1422
29 38
5 686
29 35
112 1423
29 1424
0 346
89 567
89 173
29 1425
11 55
61 1426
112 422
29 1427
47 432
112 966
61 1428
12 35
112 1429
5 1430
29 1431
112 36
89 641
112 323
61 1432
89 18
12 42
29 173
0 1433
89 1159
29 232
2 1434
29 1435
12 769
5 699
5 1436
29 400
7 1437
5 185
112 102
9 1438
29 617
12 135
29 1439
0 855
29 1440
12 378
29 781
29 1370
112 4
112 258
112 1441
89 270
29 1442
29 782
17 1443
29 1444
29 1445
29 258
12 127
29 1103
29 1446
29 436
112 930
5 1447
112 931
29 1448
5 1449
29 174
29 853
29 1450
29 616
29 1451
29 1452
89 649
2 1453
89 202
112 275
29 1454
29 893
112 242
29 1455
29 531
29 409
29 839
29 1456
7 1457
29 1458
29 1459
12 204
29 1460
5 276
29 242
20 349
12 21
29 241
47 1461
28 1462
28 1463
12 400
11 259
12 436
112 436
112 1
89 1464
112 35
29 1465
29 1331
17 246
20 202
29 489
112 587
5 191
112 1365
112 127
89 204
89 208
17 104
29 1466
28 349
89 1036
20 1134
20 178
29 1467
0 492
29 1468
89 1469
29 198
17 1470
29 1471
89 241
29 1472
61 43
20 98
89 205
12 1042
28 202
5 560
5 1473
0 1474
112 917
9 1475
29 286
9 1476
112 38
5 1477
29 285
0 919
61 1023
29 93
20 137
20 1478
5 749
29 1479
2 1480
17 1481
29 1482
29 1483
0 1484
2 1485
29 1486
17 1487
29 1488
12 95
2 1489
29 276
17 1490
29 1491
5 1113
17 853
17 1492
28 699
12 409
17 1
112 921
17 1493
2 1494
29 1495
89 818
3 699
3 57
2 1496
112 1225
2 1497
12 772
61 128
2 1498
2 1499
112 179
112 1049
89 83
29 1500
20 1501
61 1502
7 1503
17 1504
61 1162
89 1505
17 108
20 128
2 1506
20 88
89 472
5 1507
61 942
0 720
2 1508
61 1509
61 1029
2 1510
7 1511
89 424
7 1142
29 415
112 955
112 1385
112 952
112 953
89 392
17 398
89 110
0 949
28 358
89 217
12 278
3 1053
89 640
28 1512
12 157
691 12
61 1319
47 973
28 359
47 709
13 1513
61 1514
17 1515
12 279
29 396
29 1516
3 51
89 910
12 178
61 1517
28 403
3 38
5 193
61 1518
20 973
20 1519
20 68
17 360
3 1520
3 193
89 864
29 547
112 437
29 1521
61 1478
5 457
29 488
20 331
61 1336
112 989
28 1522
5 1523
29 817
12 180
112 1192
29 192
89 40
112 97
12 1524
61 1525
61 1526
112 177
28 366
89 1030
112 1091
112 1106
89 1035
61 1527
61 567
112 1050
61 642
28 853
29 1528
61 1294
28 361
28 43
47 1529
28 658
28 39
28 42
28 367
29 1530
61 1531
29 421
112 1198
112 96
29 1532
29 1533
47 1534
3 1535
29 58
29 424
29 95
29 614
61 1348
112 173
112 1536
29 449
29 1537
3 1301
3 1538
112 1539
0 1540
61 1541
0 1542
3 1543
112 1389
61 993
61 468
3 1505
28 185
61 1544
112 178
20 409
29 297
12 1046
20 1545
20 1546
5 1547
1548 61
29 1549
20 1550
29 1551
3 118
61 205
20 606
61 617
61 208
17 1552
61 1553
5 1554
112 94
0 1555
29 1556
61 1557
28 441
5 843
2 1558
2 1559
47 1560
3 1561
7 1562
89 1563
29 21
61 1447
17 1042
29 1564
29 851
17 1565
17 547
47 332
17 544
28 785
28 331
17 1566
3 346
89 1029
29 1014
29 1567
7 163
7 1568
61 1569
89 1509
7 1570
29 1571
29 529
29 298
7 818
7 1561
9 1431
29 1572
3 532
28 1573
3 88
3 530
3 1574
3 180
28 405
29 1029
0 1575
61 1501
20 1576
89 1561
20 1577
29 1509
20 819
20 1578
5 124
20 414
0 1579
20 421
5 93
89 1119
2 1580
7 276
20 424
2 1581
5 322
13 1582
13 1583
13 1312
5 436
5 1584
112 1053
17 472
61 1585
5 545
13 1586
122 1587
7 1042
5 1246
5 468
0 1588
5 617
12 1589
28 175
28 346
7 51
7 1590
9 1113
5 102
5 824
5 96
5 1572
89 1038
89 1502
89 1591
13 1592
5 163
5 374
13 1593
89 785
89 918
89 179
89 669
29 19
5 1594
29 1595
12 246
29 1596
12 1597
89 1598
89 312
89 1599
29 1151
29 1600
112 1601
112 77
29 942
29 1602
12 100
12 132
5 1603
112 57
29 1195
29 1604
12 136
29 1605
29 462
12 1606
12 32
29 714
12 243
12 147
29 518
29 1607
29 163
7 1608
7 1546
47 480
9 830
9 1609
5 1610
112 107
2 1611
5 587
29 706
12 852
5 774
89 1612
0 1613
11 968
0 104
7 42
7 1039
7 682
11 1523
7 1614
7 1166
7 35
7 101
7 1105
89 626
89 1615
89 1616
5 768
17 35
17 135
7 1399
29 427
29 723
12 1617
7 289
7 1618
29 1160
9 1619
7 1505
112 154
29 1620
89 1621
29 1622
12 189
3 107
29 1042
47 563
47 465
9 929
47 1623
47 204
47 374
47 258
133 737
133 812
133 1624
133 1625
133 1626
47 1627
1628 7
133 104
133 926
29 1629
133 1630
133 197
133 198
133 284
133 1631
7 1632
89 810
89 1219
89 1633
89 1026
133 32
29 1306
17 1634
5 1060
7 678
5 649
9 1635
23 1636
5 641
5 918
5 1637
5 1638
133 772
11 1639
133 1640
112 22
89 1614
5 1641
7 1642
7 1100
5 1643
133 1644
7 844
29 1100
29 502
89 1645
5 920
5 1088
122 1646
11 1647
5 1134
5 640
29 1058
29 1166
29 844
7 1572
7 1141
8 167
8 168
8 169
8 170
8 485
17 38
17 776
17 1100
11 1166
112 66
9 1507
13 1648
7 862
7 188
7 853
7 1649
7 298
7 1650
13 86
28 241
61 1647
20 1651
89 1100
89 33
20 1652
89 518
29 1653
29 1654
29 1523
29 923
29 1062
11 76
29 1086
29 1655
29 1614
12 1166
29 1656
29 1647
112 493
7 1523
17 391
9 1576
0 1657
11 1100
29 1658
29 101
89 1659
9 1225
47 1660
89 840
89 1661
89 1662
7 444
89 1663
29 1664
89 1665
112 1025
112 1024
112 472
89 1666
89 1667
89 619
89 1668
89 1669
89 1095
112 491
89 1086
29 1670
29 1671
89 1672
29 167
29 524
29 104
29 1673
29 1674
29 1070
12 158
29 168
29 1326
89 396
29 1675
29 169
29 609
112 1276
112 158
112 1361
29 1676
112 496
112 497
89 1677
12 150
12 622
12 561
112 1678
112 407
12 1679
12 1174
29 485
9 1568
112 1680
29 1681
12 1682
112 1683
112 474
112 155
12 1684
12 96
112 156
12 1685
112 1661
12 1686
89 444
112 1687
112 427
29 1688
9 1689
112 1690
9 1259
12 1691
29 1692
112 810
29 1303
29 1693
29 179
29 1694
29 492
29 1260
2 1695
29 864
29 1696
2 1697
112 1698
112 165
12 1699
112 513
12 1700
112 509
112 783
29 1282
12 1004
29 1242
12 1701
29 435
12 606
29 206
112 1654
12 700
112 1103
112 220
12 1702
12 1703
112 1704
12 1647
12 1705
12 1706
12 997
12 1656
112 1707
29 1708
112 1709
13 1710
11 272
11 1086
17 1711
12 1712
11 1713
29 1714
0 1715
0 246
0 1716
11 1717
17 1718
89 1719
17 861
17 42
29 1720
112 331
61 488
9 480
0 1087
17 818
17 1561
61 1721
0 1722
61 1723
0 1724
112 203
5 38
17 1647
28 1174
3 70
61 466
29 1661
12 173
61 1318
47 1100
61 1725
7 1726
112 1503
112 189
112 1727
9 1728
13 1729
28 1604
112 1730
3 1095
61 1731
112 1219
112 1732
12 1733
47 179
20 1734
12 220
17 1735
0 135
5 678
0 1736
5 144
61 641
28 432
13 138
61 1737
61 1738
11 1739
17 1717
9 124
89 1152
89 1740
89 1741
17 1742
17 1743
9 1744
11 502
89 446
29 590
29 592
29 1745
5 1746
12 1747
29 199
17 1730
29 1748
7 448
5 1749
89 617
9 222
9 1750
47 448
765 2
3 1572
7 1751
11 1752
9 1753
89 819
28 191
3 114
3 448
3 117
89 1081
5 723
29 1225
47 276
47 1086
47 1656
89 4
112 412
133 1685
133 1275
133 1754
133 1755
29 1756
12 164
11 1757
133 196
12 1
11 346
7 454
133 1195
133 127
3 211
11 1758
9 1759
5 825
47 1760
17 43
0 360
11 432
12 197
12 198
12 242
12 241
12 199
5 1761
5 39
2 1762
2 1763
3 637
3 1147
5 1764
89 1732
5 1181
89 1765
112 98
133 1766
133 189
133 1767
133 1768
89 175
13 1769
5 448
0 1770
13 242
13 567
13 475
13 163
5 1771
9 1772
9 1405
9 1773
11 1301
17 1774
20 645
0 1004
5 1775
5 1529
5 1534
5 1776
3 299
5 798
5 770
5 1734
5 4
13 1777
47 206
89 1778
12 723
29 1167
2 1779
12 1780
12 1781
112 434
29 1782
12 1406
5 117
11 1783
7 173
5 823
0 1784
3 1785
29 967
112 1786
9 1746
112 1787
9 1788
11 480
29 1038
7 1789
5 189
5 1790
29 626
7 1791
29 180
17 1792
17 1793
5 201
0 1794
17 188
3 1025
3 1024
61 649
3 491
7 189
7 1660
3 495
3 496
3 497
9 1795
9 1796
11 82
17 1095
17 1147
89 973
3 1390
89 1158
89 82
61 1390
89 914
3 1066
29 1797
29 1798
89 1799
89 1800
61 640
9 1801
5 1802
89 1803
29 119
12 1804
29 185
89 1805
12 972
112 1149
112 1806
12 408
5 684
112 1807
23 1798
112 717
112 718
112 908
29 831
112 1808
29 1809
29 1099
29 922
29 191
12 398
5 577
29 783
12 374
5 1810
12 918
29 1187
112 475
12 285
17 1726
12 286
12 284
9 392
9 110
9 217
12 783
12 155
12 156
5 258
5 581
12 39
12 38
12 43
29 1811
17 606
29 84
112 954
112 1812
5 1813
12 184
12 1814
5 40
89 544
13 645
89 547
89 1160
89 1815
89 51
7 40
89 1816
13 1817
89 1818
89 1191
12 1819
12 1216
29 454
12 1820
112 1821
17 1038
29 287
3 43
112 1822
12 412
29 1174
61 1661
29 121
61 1732
29 1823
112 619
17 39
17 1483
17 1824
61 1825
29 993
112 1826
112 1546
5 1827
12 541
89 526
89 275
17 1828
89 484
29 322
47 301
8 1005
17 1829
2 1830
89 1831
29 247
12 619
29 1248
29 881
29 876
13 1832
29 1833
17 626
133 176
133 1834
133 1381
723 2
723 1835
723 1836
723 1695
12 88
12 98
29 655
12 1837
112 1838
112 39
133 717
133 718
29 1839
133 1840
112 1841
112 32
12 434
112 346
133 951
133 135
5 1842
17 1843
89 88
133 1844
89 454
29 283
112 432
133 1845
5 1846
133 1847
13 107
122 204
7 1848
122 1849
7 1850
11 1851
28 457
13 1852
61 582
89 1153
89 841
89 972
28 1853
28 1854
28 1855
7 1339
122 1856
2 1857
47 21
0 891
47 163
89 1858
61 219
12 1112
12 1713
7 865
7 747
7 1859
7 749
112 1860
5 76
5 206
11 596
29 441
11 887
112 844
7 374
7 768
7 204
17 196
47 1617
7 203
29 82
12 57
12 1523
12 816
3 1861
12 1862
89 1863
7 1864
29 108
12 1865
112 1301
112 42
7 232
9 1387
9 1241
12 177
12 894
112 1866
5 1867
61 498
61 499
7 488
7 1024
0 1647
28 1102
29 1868
7 1361
7 496
7 497
61 1869
28 1086
28 1870
7 95
7 1159
7 1390
7 1871
12 1225
3 582
11 1872
3 587
122 174
47 1873
7 1874
7 531
61 131
61 217
112 398
17 1405
17 1773
7 861
17 543
9 534
112 929
89 1875
3 96
112 803
7 1876
29 1264
29 1877
122 407
7 1025
12 692
7 1369
7 519
12 693
9 1878
11 1879
89 1046
7 269
7 1880
3 1881
61 1882
3 692
61 1883
61 1884
28 1885
61 1886
61 1887
3 693
9 973
8 1152
8 1175
13 1888
17 889
28 1889
133 1890
133 1081
133 243
28 1891
133 1892
133 1893
28 1061
28 1894
12 1151
28 394
7 1103
7 1895
61 1896
61 1504
133 1897
133 163
133 1898
133 1899
133 985
12 1900
12 1901
112 1902
7 721
2 1903
2 1904
7 1276
7 1263
133 1905
133 1109
133 1061
133 1906
133 1907
133 365
13 1908
7 489
7 1348
13 1829
17 1909
17 1910
122 642
7 398
7 348
9 1553
11 189
89 488
89 1911
122 468
122 21
9 1912
12 427
12 1913
89 1914
112 1915
112 21
13 1916
7 1917
7 498
9 1572
9 923
7 499
89 1918
12 1919
12 4
12 1920
89 1921
29 1922
29 1205
0 1923
29 1924
9 1585
112 185
29 1925
12 628
12 139
29 1926
7 127
112 191
12 1261
89 157
7 1732
20 1927
20 1928
7 1921
5 1929
5 1030
5 717
29 628
29 139
5 1035
5 1930
5 1502
9 42
9 43
7 1931
7 1932
112 1933
7 1047
12 533
7 1509
7 1666
89 220
29 1934
29 1574
12 1935
12 1936
112 1608
5 441
17 1937
12 1938
28 124
29 1233
3 1939
11 1915
7 1174
112 1940
112 891
5 1747
7 991
7 1160
12 18
112 856
17 189
61 1026
7 1941
7 901
28 810
9 144
7 96
5 1942
29 189
112 1545
3 854
7 910
89 912
9 851
5 43
7 1943
12 1944
12 1945
9 1946
9 1947
9 505
12 1948
5 1949
5 1907
5 138
5 1950
7 327
17 1951
7 717
7 718
61 1921
61 936
7 1952
28 435
3 1953
12 531
12 1954
3 1955
5 1109
5 140
5 718
7 1661
7 1956
7 1957
7 1958
29 996
89 184
133 1959
5 1960
133 1375
7 1029
133 1961
29 1538
29 1962
29 1963
5 1964
133 430
133 1965
12 298
9 890
29 699
5 1966
9 531
29 1967
5 361
2 1968
5 1969
5 1339
12 891
133 105
112 429
5 303
29 973
112 1970
12 1971
5 1972
5 1973
5 1974
5 1381
112 1394
112 1975
12 1976
29 1213
29 898
5 1977
1978 2
7 1979
0 35
7 1980
7 1981
5 305
5 1982
7 1983
9 601
7 1984
12 1985
29 43
29 39
29 361
5 174
89 1047
29 506
12 1986
12 1987
8 1988
12 1989
5 42
8 1990
8 228
29 193
29 974
112 1577
29 1157
5 1991
9 1992
9 1993
9 1994
6 1995
122 1996
29 861
5 1275
112 1997
6 654
7 1998
29 902
17 1999
5 2000
12 2001
2002 2
89 2003
12 2004
12 2005
12 2006
5 2007
5 2008
5 2009
13 2010
11 144
89 2011
5 2012
12 2013
17 2014
17 82
11 70
11 215
12 2015
12 2016
61 1503
29 1403
12 276
5 1875
7 2017
7 2018
5 2019
5 2020
7 2021
7 1017
17 179
17 798
17 769
17 21
11 118
11 114
5 2022
7 2023
7 2024
9 1157
7 400
5 1772
5 1405
23 2025
5 2026
5 128
89 2027
20 1447
12 1575
89 358
5 129
89 553
89 403
11 211
5 346
11 145
89 366
7 1080
12 2028
5 1483
8 932
8 609
8 2029
5 1488
5 1479
5 2030
5 1607
5 35
5 1195
5 131
17 2031
89 1151
17 217
5 1553
89 405
89 1188
89 229
89 2032
89 2033
89 2034
12 2035
12 2036
12 577
12 258
29 2037
12 2038
8 2039
11 2036
12 2040
89 2041
7 2042
12 2043
29 2044
12 2045
47 104
47 185
61 616
89 1478
89 2046
89 870
112 2047
89 2048
89 1172
89 682
5 972
89 2049
89 2050
5 14
89 2051
7 1366
7 2052
89 203
12 906
47 191
29 146
89 2053
7 2054
17 1482
5 2055
89 2056
28 902
5 2057
12 2058
89 1546
89 1826
12 2059
12 548
12 549
12 699
12 550
89 2060
112 684
7 1370
7 81
29 1794
61 2061
112 2062
29 333
7 2063
89 1156
5 2064
29 184
12 1405
12 1773
12 2065
29 2066
29 606
12 2067
12 2068
12 1099
7 2069
29 918
3 525
12 2070
29 398
61 2071
29 2072
61 2073
29 971
12 2074
112 2075
89 2076
112 76
112 206
12 1538
29 2077
12 2078
7 2079
12 361
29 203
112 349
7 679
5 999
5 2080
89 2081
5 411
89 2082
12 2083
7 2084
89 436
5 501
12 640
29 407
12 110
12 105
61 146
12 392
112 2085
112 146
112 2086
7 2087
133 2088
89 2089
133 2090
133 2091
133 2092
133 2093
5 1612
5 110
133 2094
28 2095
133 2096
133 918
133 1553
133 2097
133 827
133 828
5 392
5 2098
133 2099
133 2100
5 2101
5 307
7 2102
11 1261
11 878
133 2103
5 2104
7 1026
6 2105
5 21
5 2096
133 1500
9 86
13 1088
13 2106
13 2107
133 2108
13 2109
13 861
133 2110
133 177
11 84
7 2111
7 2112
7 427
5 810
17 2113
17 2114
13 2115
28 2116
28 1778
28 430
28 4
28 258
28 374
28 400
28 1
61 560
13 1060
5 2117
13 2118
5 2119
13 1134
5 2120
13 2121
7 2122
13 2123
5 1241
11 2124
5 105
17 110
17 392
11 533
61 178
5 2125
7 2126
7 2127
11 448
2 2128
5 827
5 828
5 1377
11 721
11 69
11 1660
17 2129
11 208
11 472
11 205
7 548
7 549
7 550
11 90
9 887
9 2130
7 2131
122 1685
13 2132
23 878
5 2133
8 1818
8 600
122 2134
122 2135
61 2047
61 1546
7 196
9 2136
11 2137
17 2138
7 2139
5 348
11 2140
11 400
11 1337
5 1286
9 2141
13 82
13 158
13 2142
13 2143
13 2144
13 2145
13 2146
13 2147
47 1416
8 158
8 1153
13 2148
8 96
8 1055
13 2149
8 737
122 100
8 1023
8 772
8 2150
8 203
8 1333
8 812
8 2151
8 582
8 1088
8 1060
8 997
8 925
8 2152
8 2153
8 1188
8 2154
8 1285
8 1740
122 547
122 544
122 55
8 1154
122 1799
122 1800
8 967
8 436
122 107
8 475
8 35
122 617
5 2155
8 113
13 2156
8 337
13 2157
8 1172
8 2158
8 606
122 2159
13 700
13 2160
8 179
122 1704
8 2161
8 2162
122 1464
8 854
8 1705
13 2029
8 32
11 117
8 840
3 219
13 928
122 400
8 2163
8 400
13 39
122 323
8 354
13 2164
8 1286
13 2165
7 1066
122 928
7 1227
122 679
2 2166
2 1856
5 2167
8 66
13 2168
133 914
13 2169
5 226
8 1134
133 121
122 128
5 2170
133 2171
122 137
122 131
7 2172
13 2173
28 2174
28 461
28 2175
5 2176
8 2177
133 2178
133 164
133 1337
8 397
8 2117
133 1642
133 861
133 427
5 2179
122 2180
9 193
5 2140
5 509
122 2181
5 2182
5 2183
5 2184
5 2185
5 2186
13 1343
8 513
8 2137
17 2187
5 472
133 2008
8 472
133 2117
47 1017
11 501
5 2188
5 400
5 2189
28 455
5 217
5 2190
5 2191
5 205
5 1944
5 208
5 1028
5 391
17 1225
17 355
9 88
9 2192
0 2193
2 2194
17 269
17 186
17 2195
5 2196
47 810
5 2197
9 717
9 718
28 1549
9 2198
9 407
11 1655
5 2199
11 2200
11 2201
17 2202
17 2203
61 2204
28 254
20 96
11 131
20 582
0 219
20 2205
47 35
47 135
20 113
17 18
28 1799
28 1800
7 2206
17 307
47 77
0 561
11 142
11 2207
28 259
61 1639
3 123
5 255
5 2001
5 2208
28 1272
28 1962
28 2209
5 2210
5 2211
7 2212
5 2213
5 2214
17 367
5 1825
9 260
9 1794
5 2215
5 2216
3 2217
765 183
5 2218
5 1219
17 331
17 203
7 1818
7 1911
7 1188
7 1740
9 93
5 407
11 175
133 1158
133 155
133 156
133 1083
133 1473
133 2219
7 2220
133 1504
133 2221
133 844
133 1067
133 2222
133 435
133 2223
122 412
133 213
17 734
8 259
17 2224
133 2225
17 396
17 1495
17 4
17 525
133 131
133 2226
133 912
133 2227
133 2228
8 1195
11 614
47 53
47 2229
122 98
7 1020
122 2230
8 103
11 2231
11 2232
7 840
7 484
7 407
5 612
5 613
8 2233
5 2234
47 1119
11 1058
7 2235
7 164
0 243
17 1871
17 2236
7 193
2 2237
3 2238
8 208
8 205
2 2239
2 2240
3 2241
3 4
3 968
47 243
20 1476
20 198
20 197
20 199
9 513
9 2137
17 2242
11 1014
3 18
8 1038
8 2243
9 472
47 429
8 918
47 203
9 1088
9 918
8 626
122 68
11 692
17 95
17 2244
11 902
9 1060
0 921
0 917
11 693
9 1134
11 2245
7 1260
0 952
0 953
0 1385
0 955
20 960
20 1081
20 1117
3 1365
20 242
20 275
7 2246
3 2247
3 2122
9 104
7 2248
7 2249
7 2051
7 1406
133 2250
133 167
133 2251
133 168
133 169
133 170
133 171
133 2252
133 2253
11 204
133 2254
17 429
11 2255
13 2256
8 785
8 398
8 2257
7 2258
133 2259
133 2260
133 2261
133 2262
133 2263
133 1137
23 2264
11 2265
11 2266
133 2267
133 2268
3 2269
122 658
3 1240
61 2270
8 2271
7 2272
8 1796
8 912
23 480
0 2273
7 167
7 168
7 169
7 609
7 485
9 2274
9 2275
11 2276
28 1205
28 1947
28 299
122 1112
17 105
9 2277
9 1025
9 489
11 717
11 718
11 737
9 491
7 425
9 1361
9 496
9 497
7 53
7 1337
11 2278
7 171
3 21
3 435
3 2279
3 1492
47 57
122 1051
11 2280
9 1263
11 2248
9 499
11 1017
11 1071
11 772
7 2281
7 1563
13 2282
122 1218
61 2283
28 472
13 1254
7 1149
7 1119
11 926
122 2284
5 981
7 392
7 110
7 307
3 2285
7 1061
28 2286
28 2287
28 2288
3 258
9 35
122 894
11 2289
11 1445
11 1446
122 2290
122 2291
17 1523
7 1153
11 2292
3 19
11 2206
0 174
5 936
7 968
17 951
3 936
7 2293
11 798
11 2294
28 844
28 1546
3 259
7 2295
7 1271
7 1333
7 102
7 587
11 1957
47 349
133 1036
691 47
47 157
133 902
133 82
133 997
133 1828
11 812
11 2296
9 135
133 2297
133 1285
61 2298
133 2299
3 430
133 1312
133 1310
7 2300
133 2301
133 2302
2 2303
2 2304
133 1705
133 2305
133 2306
133 2307
7 170
133 2308
133 1568
133 454
17 19
9 855
13 2309
8 2127
8 2032
8 2310
3 2311
17 2312
8 776
7 199
7 1759
133 891
8 2049
7 197
7 198
61 2313
133 1251
2314 2
133 2315
133 2316
13 2317
133 1080
28 1538
11 2318
133 1063
9 1655
9 1656
47 2319
133 2243
133 2320
133 2321
133 2322
133 1665
133 2323
9 143
11 2324
7 2325
11 2326
7 1005
11 1032
11 2327
9 494
2 2328
2 2329
133 2330
61 39
133 2020
133 1911
8 982
61 2331
9 1136
7 1282
11 844
11 2332
11 2333
7 449
7 284
3 1668
3 2334
133 150
9 2335
133 2336
133 158
133 1153
133 2337
133 2338
133 2339
133 2340
133 2341
133 484
133 2342
133 2343
133 968
133 553
133 56
133 58
133 59
133 60
133 2344
133 1038
133 1701
133 2345
133 984
20 642
133 973
133 2346
133 1740
20 649
133 2347
133 692
133 269
133 2348
133 2349
133 2350
133 2351
11 2352
133 1963
133 2353
11 577
11 581
133 734
133 2354
17 2355
133 693
133 2356
133 2357
133 1726
133 2358
133 441
133 2359
133 2360
133 2361
133 2362
133 138
133 2363
133 2364
133 2365
133 2366
133 2367
133 2368
133 2369
133 1871
133 1789
133 698
133 2370
133 246
9 378
133 2371
133 2372
133 612
2 2373
133 736
133 613
133 303
133 2374
133 2375
7 1055
133 2376
20 640
133 145
133 2377
28 1372
133 2378
133 1505
133 1598
17 819
7 951
7 2379
133 360
133 114
28 502
133 650
133 90
17 1241
7 2380
7 1158
7 590
7 592
11 1088
3 2381
133 2382
133 144
17 2383
11 289
7 1294
7 745
11 606
28 1100
9 1647
3 1614
3 1100
3 2384
133 2385
133 2386
7 2387
7 177
133 2388
133 2389
20 33
133 960
133 2390
11 1060
11 1023
7 661
11 1134
9 167
9 168
9 169
9 170
9 485
9 2391
28 1213
7 770
7 798
28 1551
28 2392
17 1310
9 976
13 2393
8 2394
122 1381
7 481
13 2395
7 285
7 286
9 721
3 427
122 993
61 2396
3 577
3 32
3 581
20 150
11 2397
20 285
20 286
20 284
17 2398
17 962
7 154
122 2399
3 640
28 468
28 1246
11 2400
5 154
7 1151
7 2310
7 2274
7 2275
7 689
7 1338
7 1239
5 19
5 18
5 15
7 259
2401 2
61 827
61 374
61 828
5 2402
61 1563
5 950
7 1001
7 695
7 1478
7 410
5 178
7 108
20 1523
7 1519
7 503
5 2403
8 502
5 2404
133 2405
133 2310
5 1545
5 1546
133 2406
12 610
0 86
133 186
133 2407
133 270
7 1063
7 2408
11 2409
11 97
11 2410
17 2411
17 2412
7 1059
17 2413
7 923
5 997
61 1001
7 483
7 1172
9 862
7 2414
7 2415
7 2416
61 2417
7 1286
133 2418
5 1608
5 2419
5 2420
5 242
5 567
5 2421
8 1376
17 856
7 143
5 146
9 561
5 2422
5 2423
0 1053
9 1228
8 2424
8 1642
61 2425
61 1765
61 2426
61 2427
11 2428
5 2429
5 2430
5 2431
7 494
17 2432
11 967
17 2433
7 936
7 2049
3 189
7 2406
8 2434
122 1220
5 197
5 199
5 198
7 2435
17 2436
7 909
11 2437
7 2438
122 2439
28 2440
28 2441
7 1543
3 2442
5 2443
9 617
9 468
11 1310
11 217
61 2444
7 2445
9 1027
9 950
7 2446
7 2447
3 1617
7 2448
47 2248
20 1219
9 119
11 179
11 102
7 2449
7 2450
5 284
7 2451
7 2452
7 2453
9 57
9 612
9 613
8 1094
8 1782
8 841
8 984
7 2454
13 2369
9 2455
8 1275
8 312
8 204
11 517
7 1492
28 509
28 513
3 1
7 1007
20 2456
7 1705
7 965
7 2457
61 2207
7 2458
20 410
8 1156
28 881
28 2459
28 2460
28 2461
28 2462
133 1241
133 2300
133 1338
5 781
133 2463
5 782
133 2464
133 2465
133 2466
133 937
133 2051
133 2456
11 2467
11 1241
61 844
133 2468
7 474
7 155
133 188
7 2032
7 1175
7 1246
9 2469
122 2470
133 1561
17 518
7 2191
61 2471
61 633
61 632
28 2191
3 2191
7 1825
133 2311
133 2472
11 105
11 206
7 502
9 237
9 238
5 241
20 2473
28 2474
7 2475
5 2476
2 2477
17 1149
23 610
11 1405
11 1773
5 286
7 2478
11 1560
7 1447
61 2479
5 1158
8 1553
28 272
5 175
5 410
11 610
7 49
47 902
2 2480
11 196
61 610
20 449
5 285
7 272
7 217
17 2481
20 2482
5 2483
5 2484
7 187
7 2350
7 2485
7 54
11 2486
11 2487
7 1684
9 610
11 121
17 2488
9 1049
7 744
7 332
28 1922
28 2489
11 278
11 279
11 219
3 332
28 616
28 617
17 427
5 874
7 856
9 95
17 2490
3 2234
3 1286
122 1764
3 2491
7 50
0 610
11 2492
7 1668
133 1555
133 2493
7 889
28 1828
3 2196
3 2494
5 864
0 2495
133 1764
7 1108
133 2496
7 2497
3 783
133 2498
7 105
9 2499
47 205
28 1259
47 208
28 2500
7 2334
5 449
7 1685
7 287
7 1942
7 993
5 219
7 2277
7 890
0 692
7 1033
11 2456
7 2501
7 461
7 1962
8 2406
122 227
0 693
20 610
122 2502
13 2503
28 332
61 2504
7 1034
9 138
0 472
8 628
3 545
3 1449
5 119
7 528
7 783
7 2505
7 2506
5 237
5 238
7 520
11 2507
13 529
9 981
9 2508
9 2509
3 717
3 718
61 621
2 2510
2 2511
28 2044
3 2458
3 951
7 1152
2512 2
7 733
17 2272
28 19
28 1577
3 1691
7 355
9 196
7 2513
122 2514
13 2515
61 700
2 2516
2 2517
2 2518
2 2519
47 66
9 302
7 2520
7 2521
7 2522
9 1363
2 2523
122 2524
17 2525
133 2526
122 454
133 2527
133 583
133 2528
133 774
11 436
7 254
133 1156
9 323
61 1730
3 102
133 1377
133 2529
133 199
133 2530
9 914
28 2531
28 783
133 2532
3 113
3 2533
3 1658
133 2534
133 2535
133 2536
133 1166
133 1658
5 679
3 2537
3 2538
7 1086
7 962
8 1914
7 2539
7 82
7 1405
7 1412
9 303
133 2540
61 2540
28 267
7 1490
28 274
3 1195
28 313
28 2541
8 851
7 928
8 297
3 649
8 2256
8 461
8 2542
7 2543
7 1935
2 2544
7 1093
11 936
2 2545
7 182
7 2546
47 219
122 2547
8 2548
3 641
3 2549
7 1225
3 288
9 2550
20 1153
20 2551
20 2552
7 2553
7 2554
7 2555
13 2556
3 429
3 203
17 2557
11 1623
11 1627
17 2558
28 1269
28 840
61 2559
28 1344
28 1526
28 1428
28 1281
28 1394
7 2560
28 2561
3 2562
7 2563
28 1327
28 38
28 1339
28 2456
7 1987
2 2564
20 2023
2 2565
2 2566
3 246
7 2567
2 2568
28 1287
7 1307
3 2569
28 128
28 1518
28 1162
28 1478
28 1525
11 481
11 2391
28 1541
28 1544
7 1920
8 1141
8 1853
8 1823
8 2461
8 2570
13 879
3 409
3 228
2 2571
11 331
11 1267
7 158
7 523
11 1421
3 421
3 424
28 524
0 2137
61 2572
9 2573
133 1914
7 2574
7 2575
133 2576
61 2577
133 699
133 1676
133 876
28 1447
0 2140
3 197
3 198
3 199
47 721
133 19
133 2578
133 1538
133 2503
133 1154
133 2579
133 2580
133 2581
133 967
133 299
133 2582
7 1251
133 1656
133 1655
7 573
133 286
133 2583
28 1267
7 2584
133 2585
133 1894
7 2005
7 2586
11 619
17 2277
8 1205
8 2126
8 2171
11 358
11 553
122 2587
0 973
3 132
8 1571
8 893
8 2588
11 366
3 147
8 1778
7 1919
7 1782
7 2589
11 469
7 870
2 2590
11 403
11 405
7 2591
7 816
7 2592
7 1901
61 2293
7 1985
7 2593
7 1900
7 1099
7 1730
3 255
7 810
2594 2
7 2491
7 2595
7 2596
7 2597
7 2598
7 594
28 973
20 167
20 168
20 169
20 170
20 485
20 967
28 1915
7 585
3 2599
11 1764
7 352
5 486
5 337
17 2600
13 2601
13 981
5 354
20 721
115 2083
11 2602
3 360
28 2603
28 180
7 2604
7 2605
28 1248
61 139
61 628
7 2606
9 22
28 2607
47 337
3 331
3 1228
47 354
28 1816
47 1822
133 97
133 2608
9 2014
9 810
133 1784
9 221
47 397
133 285
9 235
9 236
28 177
9 275
9 242
9 967
7 913
5 34
5 654
5 2609
5 158
17 2610
61 88
122 163
28 2611
28 2612
13 2613
11 93
3 2614
28 1748
20 1818
7 949
9 2615
5 460
2 2616
2 2617
2 2618
7 2619
7 2620
9 426
9 2153
7 2621
7 2622
11 1049
5 51
5 2623
28 770
28 798
28 2624
7 1796
8 876
8 2625
8 1962
8 1538
122 517
17 2626
2 2627
7 2074
2 2628
11 95
