1 7 632
1 11 173
1 2 476
1 5 2476
1 7 2249
1 3 199
1 133 210
1 28 1030
1 12 1523
1 7 961
1 7 610
1 29 971
1 3 121
1 2 748
1 9 463
1 13 163
1 29 1174
1 122 98
1 17 2202
1 89 1054
1 5 894
1 5 2026
1 20 1
1 61 1502
1 5 981
1 122 78
1 3 1953
1 112 437
1 20 1086
1 5 2197
1 7 2560
1 9 2455
1 11 1872
1 5 305
1 133 2361
1 112 146
1 28 1062
1 11 862
1 122 454
1 133 332
1 7 649
1 7 1650
1 1548 61
1 3 692
1 7 1917
1 29 1673
1 89 75
1 47 967
1 13 242
1 28 1382
1 12 286
1 13 510
1 133 2243
1 8 997
1 47 374
1 13 2168
1 29 95
1 29 424
1 61 966
1 47 263
1 122 123
1 13 1829
1 11 2326
1 20 431
1 5 818
1 61 1288
1 13 130
1 7 419
1 11 658
1 5 936
1 133 454
1 12 99
1 11 2232
1 89 489
1 9 650
1 28 18
1 7 90
1 13 1513
1 29 973
1 47 1660
1 112 1149
1 17 2412
1 133 484
1 11 220
1 20 649
1 133 2305
1 115 566
1 28 973
1 7 674
1 3 1574
1 29 1604
1 0 962
1 29 502
1 9 1076
1 0 46
1 7 461
1 7 888
1 13 660
1 61 585
1 133 221
1 5 460
1 112 427
1 133 2097
1 7 669
1 12 57
1 11 1957
1 89 901
1 89 444
1 9 35
1 9 533
1 28 237
1 12 374
1 133 364
1 29 1748
1 89 203
1 47 1
1 133 305
1 133 1905
1 20 98
1 2 916
1 29 1364
1 112 1106
1 28 881
1 8 776
1 29 1160
1 29 1158
1 133 624
1 11 577
1 133 258
1 28 844
1 2 1258
1 0 144
1 6 799
1 20 1119
1 2 343
1 9 1585
1 28 1024
1 133 582
1 133 382
1 133 400
1 47 810
1 7 305
1 133 430
1 5 972
1 28 144
1 23 101
1 20 258
1 3 2614
1 2 176
1 29 1509
1 0 1009
1 0 1433
1 7 745
1 17 1031
1 17 1743
1 11 1014
1 13 591
1 12 1804
1 11 717
1 12 408
1 61 1557
1 0 897
1 28 2440
1 20 150
1 20 902
1 133 612
1 89 446
1 133 912
1 61 1293
1 7 280
1 5 1977
1 133 1701
1 61 2504
1 683 84
1 13 485
1 8 205
1 8 582
1 61 1024
1 2 340
1 17 1487
1 5 2117
1 20 838
1 5 2000
1 5 2210
1 89 509
1 9 1619
1 2 2240
1 6 127
1 7 1983
1 8 2243
1 29 1924
1 28 2116
1 61 107
1 133 2405
1 133 1624
1 7 205
1 7 131
1 47 1238
1 8 2039
1 11 90
1 133 1156
1 61 258
1 5 346
1 13 2169
1 89 53
1 7 298
1 3 82
1 112 908
1 61 1501
1 17 121
1 5 128
1 61 1182
1 47 448
1 28 772
1 7 38
1 5 1275
1 133 2320
1 29 1925
1 61 88
1 5 914
1 28 2287
1 8 168
1 7 2621
1 3 531
1 112 1081
1 7 1958
1 12 1773
1 0 917
1 89 1377
1 112 952
1 122 517
1 89 1402
1 2 2516
1 17 117
1 8 1818
1 5 655
1 12 1151
1 11 273
1 47 1623
1 112 474
1 112 1385
1 3 178
1 9 967
1 11 346
1 5 2430
1 9 146
1 5 800
1 2 2564
1 6 278
1 13 2
1 133 772
1 133 217
1 17 392
1 17 127
1 5 33
1 17 1278
1 5 1381
1 8 397
1 11 1783
1 89 973
1 0 935
1 122 2284
1 7 2620
1 133 316
1 5 679
1 89 40
1 133 317
1 9 1065
1 7 1370
1 61 544
1 3 4
1 11 2602
1 9 158
1 61 936
1 3 1100
1 5 501
1 20 501
1 11 70
1 61 93
1 5 1973
1 0 197
1 3 1185
1 5 1152
1 9 497
1 17 297
1 0 3
1 8 2256
1 61 1281
1 5 701
1 29 1390
1 28 1870
1 133 39
1 11 606
1 12 891
1 28 1042
1 11 400
1 9 1049
1 133 2582
1 0 367
1 112 14
1 28 480
1 28 354
1 2 1000
1 3 430
1 61 1344
1 29 2037
1 112 1050
1 28 1035
1 20 1188
1 3 1658
1 29 1486
1 9 367
1 7 951
1 29 831
1 9 2198
1 20 2473
1 20 217
1 6 569
1 7 1561
1 0 264
1 112 1826
1 3 917
1 0 415
1 133 2302
1 28 1096
1 3 902
1 133 379
1 7 2543
1 7 1519
1 17 887
1 133 354
1 20 1094
1 9 259
1 2 1968
1 11 21
1 89 1160
1 17 1565
1 23 983
1 29 93
1 133 2308
1 122 2524
1 3 873
1 11 97
1 29 1413
1 28 313
1 20 1135
1 9 693
1 8 484
1 9 848
1 20 532
1 11 102
1 9 717
1 7 1153
1 8 547
1 5 884
1 61 42
1 17 542
1 122 1856
1 133 516
1 0 459
1 133 1153
1 89 1464
1 29 1014
1 11 2278
1 29 84
1 9 1728
1 5 682
1 29 1025
1 20 699
1 112 1806
1 20 1082
1 9 426
1 28 394
1 7 32
1 2 2510
1 6 73
1 7 643
1 3 1066
1 3 493
1 5 1772
1 29 185
1 8 1038
1 9 2136
1 765 17
1 133 297
1 28 1025
1 7 1246
1 13 1888
1 12 278
1 133 374
1 29 876
1 133 600
1 12 409
1 0 1770
1 7 196
1 7 49
1 28 435
1 11 206
1 29 35
1 9 499
1 17 21
1 133 1190
1 3 259
1 20 1576
1 9 850
1 133 383
1 29 409
1 9 221
1 3 297
1 29 1373
1 28 492
1 9 718
1 2 756
1 13 933
1 12 1900
1 47 32
1 7 1271
1 112 346
1 61 560
1 61 558
1 17 208
1 47 193
1 20 59
1 29 1306
1 122 1685
1 2 1008
1 2 1072
1 9 57
1 112 1389
1 20 173
1 7 2102
1 7 647
1 6 415
1 7 2574
1 28 1
1 133 312
1 7 295
1 7 2069
1 3 637
1 3 184
1 11 1032
1 20 137
1 133 1158
1 17 2413
1 3 289
1 133 19
1 133 285
1 5 208
1 133 829
1 9 22
1 6 102
1 7 2021
1 11 289
1 7 2300
1 133 717
1 9 217
1 47 1560
1 17 2525
1 7 2497
1 133 2267
1 12 1099
1 6 10
1 20 346
1 7 2295
1 11 596
1 7 1
1 8 2177
1 29 1357
1 5 14
1 5 2019
1 11 421
1 7 431
1 9 1157
1 7 658
1 12 1261
1 112 1860
1 89 366
1 28 814
1 7 2281
1 29 529
1 89 358
1 3 1195
1 47 717
1 17 2277
1 3 699
1 2 767
1 9 816
1 8 2153
1 28 96
1 0 1337
1 7 2079
1 7 963
1 13 695
1 8 1060
1 9 1801
1 17 2490
1 12 533
1 29 1839
1 28 21
1 8 313
1 61 2207
1 47 208
1 61 2471
1 2 796
1 133 2088
1 133 137
1 12 1524
1 133 2362
1 133 604
1 9 583
1 0 692
1 3 744
1 0 793
1 133 598
1 5 721
1 28 923
1 89 157
1 47 163
1 7 1562
1 5 1447
1 61 968
1 112 1822
1 112 472
1 7 1005
1 112 1023
1 2 611
1 2 896
1 5 204
1 133 1337
1 3 2191
1 9 644
1 7 949
1 20 1376
1 13 506
1 9 93
1 7 507
1 5 855
1 17 1280
1 11 1758
1 5 1846
1 5 893
1 112 436
1 12 737
1 20 170
1 89 1263
1 5 810
1 112 1423
1 112 497
1 2 866
1 29 1454
1 2 1453
1 7 1034
1 133 2468
1 7 749
1 2 1073
1 17 1482
1 28 953
1 5 258
1 5 1225
1 5 1867
1 12 1701
1 13 609
1 89 1800
1 23 980
1 7 1001
1 5 391
1 17 396
1 7 1225
1 133 967
1 12 1700
1 3 1071
1 133 1555
1 11 1627
1 5 1479
1 133 1642
1 89 1306
1 61 374
1 112 1698
1 8 609
1 122 172
1 61 497
1 7 798
1 28 1029
1 122 2135
1 5 2215
1 7 2416
1 28 163
1 17 1250
1 133 202
1 29 192
1 17 1036
1 11 1713
1 12 1865
1 8 984
1 133 328
1 9 856
1 28 429
1 17 2014
1 133 725
1 11 587
1 61 2572
1 12 1030
1 0 262
1 13 661
1 5 814
1 2 1506
1 0 1120
1 0 2140
1 112 1577
1 11 1623
1 5 824
1 2 740
1 12 361
1 122 894
1 89 475
1 28 902
1 9 43
1 133 1959
1 17 717
1 89 914
1 6 563
1 5 636
1 20 213
1 89 544
1 89 1025
1 7 188
1 2 2194
1 5 898
1 133 176
1 2 1139
1 6 26
1 61 1639
1 89 637
1 7 546
1 20 42
1 29 1607
1 17 1711
1 61 2559
1 20 1239
1 7 51
1 7 1880
1 2 2517
1 61 39
1 11 2280
1 7 1211
1 17 1470
1 8 2548
1 7 1850
1 12 1862
1 3 205
1 7 2604
1 7 1263
1 89 2053
1 7 719
1 5 468
1 133 2377
1 61 887
1 3 1110
1 47 2248
1 0 1579
1 11 91
1 7 1987
1 9 428
1 28 286
1 13 2143
1 133 2310
1 7 513
1 7 170
1 112 587
1 29 1395
1 7 167
1 112 1933
1 8 2137
1 89 1719
1 61 1921
1 3 75
1 28 1066
1 7 644
1 61 545
1 89 110
1 7 254
1 17 412
1 133 2376
1 0 949
1 7 4
1 8 1154
1 61 2396
1 20 1039
1 5 1219
1 3 1088
1 2 537
1 61 633
1 133 2359
1 28 298
1 29 1263
1 9 920
1 133 261
1 3 545
1 28 2612
1 0 285
1 9 1992
1 12 1781
1 0 424
1 20 77
1 3 454
1 7 2438
1 7 1286
1 6 279
1 133 392
1 2 253
1 11 770
1 6 27
1 12 783
1 11 772
1 7 687
1 8 19
1 11 215
1 133 774
1 89 398
1 29 163
1 9 222
1 47 1617
1 11 1286
1 8 1141
1 675 646
1 133 2096
1 112 1690
1 47 1086
1 2 162
1 8 967
1 7 1457
1 29 769
1 0 154
1 20 990
1 7 2272
1 11 2265
1 133 2350
1 5 1546
1 17 131
1 9 1689
1 12 258
1 5 400
1 9 803
1 133 984
1 2 1079
1 89 217
1 5 2012
1 17 1328
1 29 104
1 61 488
1 29 1439
1 5 1181
1 112 349
1 28 272
1 9 378
1 5 174
1 7 286
1 12 132
1 89 1422
1 0 1342
1 13 1777
1 133 2322
1 61 489
1 5 132
1 7 2593
1 5 1035
1 9 462
1 0 1154
1 11 2492
1 17 533
1 112 921
1 2 755
1 28 724
1 12 38
1 7 111
1 133 320
1 5 110
1 2 758
1 61 2073
1 7 1740
1 112 421
1 8 237
1 7 548
1 133 1914
1 13 129
1 13 64
1 29 39
1 6 166
1 7 2063
1 17 2481
1 11 2352
1 7 2334
1 47 1461
1 112 1103
1 29 1833
1 3 1668
1 2 1114
1 8 2151
1 61 165
1 47 349
1 133 583
1 0 1255
1 122 55
1 2 234
1 11 437
1 133 902
1 5 1483
1 17 913
1 20 1299
1 8 1962
1 9 2274
1 5 1982
1 133 2092
1 0 1117
1 5 374
1 8 354
1 2 1323
1 29 1688
1 0 225
1 122 544
1 9 1050
1 89 258
1 3 208
1 3 203
1 9 21
1 61 649
1 12 531
1 20 645
1 3 876
1 17 1147
1 11 158
1 0 286
1 29 1967
1 3 332
1 9 2141
1 12 1417
1 5 1734
1 122 137
1 17 374
1 89 912
1 5 462
1 20 918
1 12 2043
1 8 242
1 0 101
1 12 1216
1 61 1661
1 122 928
1 9 513
1 6 466
1 61 138
1 2 557
1 29 1446
1 122 642
1 28 1885
1 17 1742
1 2 160
1 7 784
1 133 326
1 7 496
1 133 2344
1 133 1312
1 20 1004
1 7 396
1 28 1272
1 28 332
1 17 1909
1 17 889
1 9 865
1 0 87
1 13 505
1 9 534
1 2 1498
1 11 618
1 133 1665
1 133 171
1 122 2587
1 11 902
1 17 2600
1 133 1767
1 3 1955
1 8 1796
1 2 648
1 29 193
1 3 496
1 3 2122
1 28 199
1 29 1532
1 89 497
1 29 415
1 2 369
1 29 616
1 20 179
1 5 138
1 20 704
1 7 58
1 29 1195
1 1104 17
1 89 1591
1 28 410
1 9 258
1 12 2004
1 0 927
1 133 1656
1 9 1263
1 5 718
1 20 414
1 29 582
1 9 1078
1 17 1249
1 5 1246
1 17 718
1 8 812
1 29 1367
1 13 1003
1 61 1553
1 7 965
1 17 1129
1 2 1581
1 8 2
1 89 39
1 112 1397
1 7 820
1 61 491
1 6 196
1 7 54
1 61 1563
1 11 163
1 7 1789
1 7 19
1 133 222
1 23 878
1 89 1332
1 5 403
1 61 96
1 8 36
1 122 174
1 7 21
1 133 960
1 9 2277
1 5 864
1 9 107
1 7 2506
1 9 833
1 28 131
1 28 919
1 20 893
1 47 391
1 8 361
1 11 769
1 3 1225
1 5 2419
1 11 84
1 7 1941
1 12 1647
1 133 2341
1 5 1507
1 61 783
1 5 99
1 133 515
1 17 82
1 2 536
1 133 378
1 28 1748
1 3 21
1 17 818
1 9 1759
1 3 246
1 3 298
1 61 1531
1 133 335
1 5 2443
1 0 1784
1 47 1254
1 89 424
1 11 2248
1 1628 7
1 133 246
1 12 561
1 5 260
1 133 841
1 5 1205
1 3 19
1 7 695
1 9 1553
1 47 1656
1 3 495
1 3 1134
1 7 302
1 29 817
1 122 2399
1 29 284
1 11 501
1 29 1934
1 9 1568
1 20 1523
1 47 1192
1 5 398
1 20 937
1 5 1172
1 89 2046
1 13 39
1 0 21
1 7 2597
1 20 545
1 133 2221
1 112 613
1 28 196
1 28 299
1 89 229
1 3 2442
1 122 173
1 133 1764
1 5 448
1 17 1773
1 28 964
1 47 105
1 61 637
1 6 1995
1 133 718
1 28 1778
1 5 2096
1 11 490
1 5 1608
1 5 2120
1 133 1598
1 17 1205
1 5 354
1 9 42
1 115 2
1 3 1270
1 11 619
1 29 587
1 7 2451
1 112 409
1 112 2075
1 29 1460
1 9 1181
1 0 427
1 89 1612
1 112 1866
1 122 400
1 61 412
1 7 1119
1 20 560
1 5 284
1 7 2235
1 8 78
1 133 1893
1 7 816
1 0 2137
1 28 2561
1 47 721
1 0 613
1 133 1067
1 5 358
1 20 997
1 28 853
1 5 206
1 89 1505
1 12 692
1 20 1158
1 13 2029
1 29 1451
1 8 1175
1 7 553
1 17 1726
1 17 931
1 28 1040
1 29 285
1 5 287
1 112 258
1 133 2262
1 29 42
1 133 1338
1 5 191
1 7 1047
1 29 199
1 17 1271
1 17 95
1 5 1028
1 133 188
1 133 177
1 89 2050
1 7 991
1 61 1887
1 28 1205
1 5 32
1 11 22
1 9 247
1 5 1534
1 7 215
1 9 1279
1 0 1142
1 17 772
1 5 51
1 28 544
1 5 883
1 29 283
1 3 1520
1 6 34
1 9 86
1 61 942
1 61 98
1 9 473
1 5 361
1 61 154
1 9 104
1 28 2611
1 28 49
1 6 467
1 17 1064
1 17 957
1 29 1380
1 20 206
1 28 1339
1 133 1890
1 11 208
1 9 246
1 7 1086
1 89 392
1 13 2107
1 11 9
1 12 88
1 29 1500
1 61 1023
1 122 131
1 7 936
1 3 180
1 89 1047
1 133 2300
1 12 157
1 3 2196
1 47 72
1 133 2360
1 28 1282
1 7 1066
1 47 432
1 0 548
1 11 2266
1 133 73
1 0 4
1 3 582
1 20 1501
1 112 1940
1 9 837
1 0 450
1 2 1903
1 17 258
1 6 646
1 17 2557
1 20 1199
1 61 475
1 29 119
1 89 270
1 29 488
1 133 2338
1 9 435
1 61 1517
1 61 146
1 7 689
1 112 42
1 47 144
1 133 519
1 3 173
1 20 198
1 89 1816
1 7 2042
1 17 142
1 47 204
1 112 38
1 7 139
1 7 962
1 20 2205
1 8 1333
1 28 346
1 61 9
1 3 1
1 133 189
1 7 35
1 8 1988
1 89 641
1 11 240
1 17 378
1 133 2340
1 17 173
1 89 910
1 12 1819
1 29 32
1 13 739
1 61 173
1 17 1310
1 12 2083
1 7 1172
1 28 582
1 47 864
1 5 2
1 29 19
1 0 891
1 17 2436
1 112 945
1 20 72
1 2 1012
1 29 1024
1 723 1836
1 47 1176
1 20 83
1 5 1116
1 112 220
1 3 132
1 12 163
1 29 2072
1 7 1668
1 7 1206
1 7 392
1 29 485
1 17 2432
1 9 747
1 2 2511
1 13 2115
1 89 1152
1 133 2368
1 9 843
1 5 2020
1 2 1856
1 5 547
1 89 312
1 133 2261
1 20 303
1 8 2434
1 7 1642
1 133 826
1 5 2429
1 7 717
1 8 606
1 112 1091
1 8 472
1 61 198
1 17 2114
1 11 212
1 3 2562
1 20 674
1 11 2318
1 3 429
1 11 1060
1 9 436
1 17 528
1 5 1638
1 61 1737
1 12 1985
1 3 1260
1 61 1336
1 20 1578
1 3 497
1 7 110
1 5 1241
1 20 424
1 20 1818
1 29 1403
1 5 902
1 5 124
1 29 1782
1 112 1545
1 11 36
1 89 276
1 29 1809
1 28 1243
1 6 413
1 133 729
1 28 39
1 8 275
1 2 1697
1 133 144
1 3 881
1 9 851
1 9 359
1 12 220
1 12 1684
1 133 325
1 5 1109
1 29 1456
1 7 129
1 89 205
1 8 726
1 122 1218
1 5 1641
1 5 1771
1 11 415
1 5 2133
1 5 1
1 20 203
1 7 509
1 112 3
1 89 1352
1 5 925
1 5 1197
1 61 2331
1 5 217
1 8 1152
1 9 460
1 9 1025
1 133 2260
1 7 2018
1 7 1684
1 7 1956
1 28 173
1 28 349
1 3 1449
1 112 717
1 11 2507
1 0 1
1 7 558
1 28 1855
1 12 1046
1 11 258
1 28 78
1 89 1663
1 12 276
1 5 76
1 12 177
1 89 38
1 17 962
1 20 1294
1 9 601
1 7 2274
1 17 2312
1 12 1686
1 675 677
1 61 1239
1 89 1803
1 7 2406
1 5 1775
1 9 1788
1 5 411
1 61 2283
1 9 505
1 2 2303
1 5 1972
1 5 1020
1 9 469
1 9 2509
1 7 862
1 8 1134
1 61 1276
1 89 18
1 112 1608
1 7 679
1 11 283
1 17 901
1 61 1042
1 61 189
1 11 2400
1 9 236
1 112 1198
1 112 1025
1 28 288
1 7 1732
1 2002 2
1 89 626
1 7 858
1 5 2191
1 29 184
1 28 400
1 89 1303
1 3 229
1 7 2478
1 3 2549
1 5 749
1 17 798
1 12 1945
1 11 559
1 122 1381
1 133 35
1 61 1
1 29 1411
1 122 407
1 89 1333
1 133 1630
1 3 108
1 20 1319
1 11 1337
1 89 1509
1 112 57
1 28 50
1 7 2450
1 17 97
1 133 156
1 8 626
1 112 1412
1 133 2456
1 20 1133
1 2 338
1 7 1024
1 12 21
1 29 1811
1 29 606
1 5 1929
1 28 1854
1 9 1060
1 133 357
1 28 468
1 7 304
1 5 1643
1 11 967
1 7 155
1 7 1666
1 133 185
1 29 918
1 6 202
1 133 145
1 89 1338
1 5 1477
1 133 97
1 13 1088
1 133 621
1 5 276
1 133 937
1 2 151
1 5 2199
1 11 199
1 29 427
1 133 1685
1 47 567
1 7 144
1 5 803
1 0 406
1 7 2522
1 5 39
1 0 1542
1 12 1225
1 5 1749
1 20 861
1 28 180
1 61 285
1 12 43
1 0 1113
1 3 1067
1 5 147
1 29 967
1 133 268
1 61 697
1 0 35
1 12 100
1 61 1315
1 17 144
1 133 861
1 3 83
1 13 2149
1 7 587
1 89 619
1 133 626
1 133 13
1 9 861
1 9 778
1 7 289
1 28 19
1 6 33
1 29 1386
1 2 751
1 20 606
1 13 137
1 7 865
1 0 124
1 89 810
1 7 1042
1 29 922
1 9 403
1 7 168
1 0 1083
1 28 909
1 133 828
1 0 1716
1 29 1029
1 5 828
1 89 682
1 0 1923
1 61 2426
1 5 1405
1 133 1655
1 112 989
1 5 2403
1 7 520
1 7 2598
1 7 53
1 89 484
1 112 412
1 7 2277
1 112 1408
1 13 35
1 133 1538
1 17 2236
1 61 1585
1 133 361
1 7 1705
1 987 2
1 61 2204
1 20 1928
1 8 170
1 20 973
1 9 119
1 28 1512
1 9 651
1 7 105
1 17 2203
1 133 4
1 112 185
1 29 99
1 11 145
1 6 15
1 12 1174
1 133 296
1 6 2
1 2 1118
1 7 354
1 0 283
1 133 226
1 133 360
1 5 186
1 133 2228
1 17 1405
1 3 459
1 47 191
1 133 396
1 9 169
1 61 1136
1 11 410
1 8 259
1 28 699
1 5 1610
1 89 88
1 29 1596
1 5 1825
1 8 681
1 28 967
1 17 1100
1 61 131
1 3 68
1 7 657
1 17 1095
1 13 14
1 7 1338
1 17 2272
1 28 358
1 5 410
1 7 2435
1 13 131
1 7 2054
1 47 354
1 7 899
1 20 1330
1 11 243
1 28 2191
1 7 2131
1 7 1201
1 2 754
1 12 1976
1 23 2264
1 11 1879
1 8 258
1 9 1363
1 691 47
1 89 669
1 6 126
1 0 1004
1 7 1984
1 8 312
1 9 97
1 47 107
1 5 449
1 133 997
1 89 1799
1 7 440
1 5 1216
1 20 1100
1 12 284
1 133 2390
1 29 782
1 12 110
1 28 737
1 7 1244
1 9 238
1 89 1666
1 9 678
1 28 1174
1 28 145
1 89 1219
1 47 563
1 28 717
1 29 198
1 133 2316
1 11 195
1 112 155
1 133 650
1 7 197
1 13 49
1 122 158
1 9 836
1 17 2610
1 9 1241
1 12 2070
1 5 851
1 9 173
1 7 747
1 20 484
1 17 39
1 12 2038
1 7 1685
1 133 2354
1 89 55
1 5 1572
1 3 346
1 28 1604
1 12 1399
1 61 1025
1 7 1874
1 28 783
1 0 86
1 9 703
1 12 1691
1 47 205
1 28 246
1 7 291
1 5 2179
1 61 2061
1 3 1032
1 112 179
1 3 94
1 2 1252
1 3 2533
1 133 2301
1 20 1117
1 29 714
1 7 549
1 29 839
1 20 202
1 11 763
1 11 1017
1 20 2023
1 0 991
1 133 528
1 133 164
1 122 1849
1 2 148
1 20 524
1 9 287
1 5 4
1 17 1792
1 122 323
1 133 365
1 13 1582
1 20 1127
1 5 1134
1 5 613
1 112 1
1 7 191
1 0 1474
1 17 732
1 7 258
1 9 594
1 2 1857
1 13 158
1 61 1527
1 8 426
1 112 66
1 133 259
1 133 968
1 8 544
1 28 455
1 2 2627
1 17 203
1 28 1047
1 29 1
1 29 462
1 133 121
1 17 951
1 8 854
1 20 1447
1 133 2385
1 3 179
1 11 1241
1 11 2276
1 0 979
1 0 258
1 11 1088
1 13 1817
1 17 1229
1 7 1782
1 28 1267
1 11 42
1 28 2286
1 133 141
1 29 1458
1 61 78
1 3 636
1 12 1938
1 17 1
1 17 2195
1 47 21
1 12 285
1 7 810
1 20 1080
1 28 405
1 7 2605
1 47 397
1 20 692
1 29 861
1 29 1483
1 11 1915
1 5 2007
1 20 1019
1 28 430
1 3 165
1 9 1195
1 17 693
1 5 187
1 8 38
1 89 2032
1 133 1
1 8 801
1 11 1261
1 133 407
1 133 336
1 20 301
1 20 619
1 17 1272
1 11 203
1 6 197
1 9 1136
1 89 1276
1 20 640
1 122 1704
1 2 757
1 29 1572
1 9 264
1 9 429
1 89 472
1 20 354
1 7 2112
1 5 649
1 61 854
1 766 2
1 17 1018
1 20 1132
1 7 870
1 133 2345
1 7 1447
1 12 1954
1 29 361
1 5 2422
1 11 2
1 29 1459
1 2 1494
1 47 772
1 133 329
1 11 403
1 29 108
1 20 2
1 28 1344
1 8 41
1 9 617
1 0 846
1 28 506
1 28 57
1 17 287
1 11 2200
1 8 236
1 5 853
1 133 812
1 5 179
1 7 189
1 133 1705
1 5 997
1 133 1083
1 17 1251
1 13 981
1 47 616
1 61 480
1 28 2392
1 133 209
1 5 21
1 122 1220
1 112 966
1 29 1877
1 691 12
1 2 1321
1 11 286
1 12 1415
1 6 556
1 12 1035
1 9 776
1 11 432
1 28 1526
1 9 1405
1 9 81
1 61 744
1 29 1656
1 7 702
1 28 502
1 133 1892
1 6 392
1 9 374
1 20 1048
1 29 173
1 5 678
1 89 1826
1 61 642
1 133 2375
1 5 378
1 9 138
1 61 179
1 3 954
1 17 1829
1 7 1406
1 20 58
1 133 2382
1 12 1913
1 47 1145
1 7 1100
1 12 1987
1 3 1343
1 7 2172
1 122 163
1 11 2486
1 133 358
1 9 832
1 0 1224
1 133 2315
1 0 2273
1 11 107
1 9 144
1 2 2590
1 3 436
1 0 1277
1 20 331
1 17 1561
1 7 1608
1 61 827
1 9 143
1 13 597
1 133 376
1 0 322
1 61 407
1 29 1420
1 20 959
1 9 203
1 6 508
1 9 455
1 0 247
1 112 929
1 12 2067
1 9 88
1 28 1577
1 12 2016
1 7 770
1 7 1399
1 17 2224
1 0 905
1 3 2537
1 89 2076
1 8 2126
1 3 258
1 133 1631
1 2 903
1 5 1088
1 17 1227
1 133 2356
1 9 288
1 12 1112
1 29 1794
1 11 2201
1 5 82
1 9 323
1 7 25
1 29 1676
1 11 224
1 28 2209
1 9 1275
1 5 996
1 28 922
1 11 95
1 2 805
1 122 1799
1 29 410
1 2 265
1 112 21
1 12 1656
1 133 2347
1 133 1173
1 47 1822
1 7 685
1 133 2366
1 3 462
1 7 1390
1 61 769
1 11 1100
1 61 1541
1 7 433
1 8 1023
1 122 468
1 89 1621
1 11 1421
1 7 410
1 7 287
1 5 617
1 61 2071
1 0 1081
1 29 398
1 7 2139
1 17 104
1 8 398
1 5 441
1 61 1174
1 61 1721
1 7 762
1 9 849
1 8 276
1 11 117
1 20 33
1 12 2068
1 7 154
1 28 1525
1 29 1100
1 29 1495
1 112 1049
1 5 1179
1 13 1729
1 29 1424
1 2 385
1 7 468
1 47 540
1 133 248
1 11 135
1 11 1773
1 89 1732
1 23 1037
1 133 307
1 133 1166
1 5 154
1 17 1492
1 1978 2
1 29 1963
1 13 1005
1 5 2483
1 47 179
1 0 410
1 5 2234
1 133 394
1 12 549
1 5 2185
1 28 198
1 89 241
1 17 1523
1 89 51
1 28 567
1 13 861
1 7 2414
1 8 40
1 133 926
1 29 1467
1 13 125
1 9 1134
1 7 472
1 7 993
1 7 2
1 3 1617
1 20 1519
1 112 1421
1 7 137
1 5 454
1 29 816
1 9 1507
1 12 1837
1 61 1404
1 20 169
1 9 1744
1 133 150
1 89 1331
1 28 1428
1 11 1655
1 2 808
1 17 544
1 2 807
1 0 1163
1 3 270
1 122 100
1 20 529
1 29 1674
1 6 420
1 3 2334
1 7 1759
1 11 1049
1 8 2127
1 12 241
1 9 923
1 28 1286
1 29 1378
1 28 9
1 5 1764
1 9 1259
1 3 1219
1 89 2081
1 8 2271
1 13 1908
1 5 146
1 0 1165
1 7 2024
1 13 529
1 3 1231
1 122 2470
1 17 974
1 12 279
1 7 1871
1 133 2343
1 9 577
1 20 1062
1 28 241
1 8 315
1 28 524
1 112 432
1 9 950
1 89 840
1 47 1112
1 89 2011
1 2 477
1 11 614
1 2 1210
1 133 2268
1 9 411
1 11 1405
1 8 483
1 11 2207
1 89 1370
1 133 1377
1 12 424
1 29 1368
1 28 259
1 0 1149
1 28 123
1 133 607
1 28 2175
1 11 1660
1 61 1054
1 20 432
1 61 219
1 9 349
1 7 910
1 28 193
1 5 1377
1 0 142
1 7 79
1 13 1916
1 8 241
1 17 1273
1 28 528
1 0 1794
1 0 919
1 47 57
1 89 491
1 17 1006
1 8 39
1 5 781
1 29 1516
1 112 398
1 28 361
1 28 2441
1 133 1195
1 7 400
1 13 689
1 61 494
1 133 368
1 133 2253
1 112 242
1 6 386
1 2 895
1 8 918
1 29 531
1 133 712
1 61 993
1 47 936
1 12 548
1 7 2546
1 61 2425
1 133 334
1 2 574
1 61 1230
1 29 1468
1 20 923
1 0 1555
1 9 78
1 7 169
1 20 412
1 112 97
1 9 494
1 8 367
1 133 53
1 13 88
1 8 1778
1 2 761
1 122 1996
1 5 1060
1 0 205
1 7 1942
1 7 1864
1 6 499
1 61 1267
1 2 161
1 61 1030
1 2 787
1 7 641
1 7 1026
1 89 1
1 11 4
1 28 486
1 7 1149
1 7 220
1 61 182
1 28 197
1 13 2503
1 29 1187
1 5 242
1 47 219
1 5 2218
1 7 1511
1 61 2270
1 133 973
1 17 769
1 28 2603
1 133 2370
1 7 246
1 12 156
1 17 1056
1 2 384
1 133 2330
1 17 948
1 29 1225
1 9 610
1 17 1718
1 17 856
1 3 1301
1 112 206
1 133 1844
1 0 177
1 112 718
1 13 2164
1 12 1679
1 5 444
1 6 54
1 7 1412
1 89 184
1 28 706
1 12 199
1 12 243
1 61 2577
1 89 204
1 133 1907
1 11 2333
1 7 134
1 89 1038
1 7 294
1 9 272
1 2 1209
1 28 531
1 28 403
1 29 1282
1 8 1005
1 11 204
1 89 818
1 17 1999
1 133 367
1 28 496
1 3 1095
1 133 1080
1 17 1083
1 17 908
1 9 1635
1 0 1575
1 7 204
1 0 224
1 28 158
1 112 429
1 11 533
1 3 255
1 11 211
1 0 219
1 28 2541
1 12 628
1 133 2371
1 5 105
1 3 1385
1 5 269
1 133 56
1 5 2421
1 133 1768
1 17 1495
1 47 644
1 7 1523
1 5 102
1 5 1153
1 8 427
1 0 229
1 89 466
1 9 813
1 13 592
1 47 407
1 0 163
1 3 1334
1 112 857
1 9 2573
1 47 1216
1 5 879
1 47 35
1 3 1561
1 2 1779
1 89 547
1 7 1478
1 133 390
1 12 2005
1 12 1405
1 12 139
1 3 113
1 0 135
1 7 2310
1 28 1922
1 28 2474
1 0 472
1 133 321
1 5 178
1 2 1496
1 9 360
1 29 864
1 6 284
1 9 914
1 61 108
1 5 163
1 5 1776
1 89 1741
1 17 943
1 112 98
1 17 737
1 3 494
1 61 331
1 28 1463
1 11 121
1 5 1198
1 133 284
1 47 1074
1 0 134
1 112 158
1 3 90
1 20 988
1 11 80
1 5 1747
1 6 247
1 5 2119
1 0 475
1 12 421
1 9 276
1 89 1740
1 23 78
1 112 1902
1 7 1649
1 0 106
1 29 1622
1 2 1762
1 5 472
1 61 1723
1 133 168
1 764 5
1 89 1046
1 2 2329
1 11 2437
1 29 544
1 89 841
1 7 425
1 2 1611
1 7 614
1 11 561
1 29 626
1 89 421
1 5 1042
1 29 1521
1 28 1891
1 13 86
1 9 1796
1 7 1105
1 12 158
1 17 1027
1 9 204
1 3 525
1 5 676
1 28 1915
1 29 1471
1 8 1153
1 29 1099
1 29 2077
1 5 1070
1 133 299
1 9 819
1 9 1214
1 133 127
1 12 1820
1 29 436
1 61 567
1 133 736
1 456 2
1 9 283
1 3 936
1 122 21
1 20 275
1 23 680
1 89 1151
1 17 845
1 7 2293
1 7 1099
1 8 932
1 89 684
1 9 2335
1 7 869
1 133 693
1 12 622
1 89 1598
1 13 1832
1 29 590
1 13 1592
1 5 175
1 28 297
1 13 2317
1 3 1119
1 5 1930
1 3 32
1 8 1188
1 29 617
1 5 2104
1 61 18
1 5 1523
1 29 893
1 133 2580
1 11 2124
1 122 2514
1 7 626
1 61 1738
1 0 2495
1 20 1336
1 29 592
1 9 1027
1 112 365
1 5 843
1 61 547
1 7 518
1 2 250
1 2 659
1 17 1225
1 9 1753
1 7 448
1 29 1962
1 28 1155
1 2 1125
1 29 1472
1 5 1942
1 28 1394
1 2 2518
1 47 429
1 122 378
1 133 2365
1 133 2372
1 133 1063
1 13 171
1 29 1720
1 5 641
1 7 1825
1 12 1682
1 89 173
1 12 427
1 17 211
1 61 1526
1 13 2142
1 0 924
1 28 93
1 7 1979
1 17 93
1 29 333
1 7 2596
1 61 1432
1 8 308
1 133 2386
1 20 485
1 0 145
1 17 1481
1 17 1256
1 0 1162
1 7 2087
1 11 35
1 89 966
1 3 523
1 28 1309
1 133 404
1 13 475
1 7 355
1 11 692
1 89 1188
1 5 798
1 5 1215
1 133 90
1 133 847
1 0 792
1 20 1311
1 112 1678
1 7 284
1 28 2531
1 28 548
1 112 76
1 112 783
1 11 358
1 29 600
1 3 970
1 0 1146
1 13 167
1 3 1228
1 9 2615
1 7 585
1 7 194
1 29 1419
1 5 1274
1 3 1268
1 28 1292
1 5 1106
1 2 350
1 47 1873
1 8 912
1 9 2508
1 61 242
1 5 577
1 9 1170
1 6 19
1 29 82
1 9 177
1 89 1024
1 7 374
1 7 1142
1 17 1023
1 47 613
1 9 1576
1 764 9
1 0 610
1 28 90
1 7 2220
1 133 2250
1 5 1113
1 7 69
1 2 1121
1 29 1362
1 112 77
1 122 2159
1 0 174
1 5 684
1 13 735
1 11 78
1 29 1491
1 6 555
1 7 673
1 13 2173
1 13 169
1 133 158
1 89 2089
1 0 18
1 28 1327
1 7 1093
1 17 1149
1 28 549
1 9 663
1 7 482
1 29 1567
1 7 1730
1 8 296
1 9 98
1 17 1248
1 133 2374
1 7 143
1 17 876
1 9 189
1 112 917
1 28 177
1 9 1647
1 3 1264
1 133 96
1 47 242
1 7 225
1 89 1036
1 2 535
1 765 2
1 28 2174
1 3 966
1 47 1310
1 89 454
1 17 217
1 17 1937
1 11 77
1 89 175
1 5 768
1 28 1828
1 5 827
1 8 297
1 5 923
1 7 809
1 17 1131
1 28 491
1 112 844
1 11 727
1 8 841
1 3 43
1 17 1034
1 61 582
1 12 5
1 133 1828
1 28 619
1 112 127
1 7 466
1 29 1345
1 20 819
1 29 179
1 133 2311
1 20 1060
1 3 973
1 3 2494
1 8 2162
1 7 70
1 7 690
1 89 1662
1 8 208
1 11 82
1 8 37
1 11 391
1 5 144
1 7 1661
1 6 18
1 11 718
1 61 1286
1 7 783
1 17 1126
1 7 670
1 29 1654
1 29 853
1 20 994
1 17 429
1 256 2
1 28 958
1 7 1020
1 112 107
1 5 2431
1 112 1441
1 2 806
1 133 2117
1 6 570
1 89 1305
1 3 501
1 9 502
1 28 258
1 12 2001
1 3 1492
1 12 246
1 11 610
1 11 1301
1 122 1764
1 5 985
1 47 211
1 133 2342
1 2 775
1 9 219
1 3 76
1 0 45
1 112 1730
1 11 737
1 28 587
1 11 864
1 9 485
1 6 232
1 133 2110
1 0 243
1 8 2461
1 11 2294
1 89 3
1 0 1039
1 6 84
1 5 2189
1 28 1102
1 8 18
1 8 1705
1 61 844
1 61 468
1 6 216
1 20 1137
1 29 1647
1 112 306
1 8 1538
1 17 307
1 7 199
1 7 2258
1 133 2357
1 7 2567
1 29 1823
1 133 155
1 17 692
1 133 2378
1 133 393
1 0 1091
1 8 103
1 12 1712
1 89 2034
1 20 1301
1 112 1398
1 28 267
1 61 38
1 8 2424
1 5 2155
1 133 38
1 29 783
1 2 345
1 3 400
1 12 2035
1 3 219
1 7 2513
1 6 582
1 11 104
1 29 1661
1 61 435
1 3 532
1 7 2017
1 47 114
1 17 360
1 133 737
1 7 786
1 13 511
1 61 1886
1 20 582
1 8 76
1 29 993
1 112 1841
1 11 442
1 12 1378
1 133 2171
1 11 878
1 122 480
1 28 275
1 89 405
1 133 1965
1 20 337
1 5 531
1 3 857
1 0 717
1 61 367
1 17 1038
1 7 2592
1 29 374
1 3 409
1 8 2406
1 8 679
1 133 699
1 47 1529
1 9 1151
1 133 1871
1 89 1659
1 17 100
1 28 461
1 6 153
1 29 441
1 0 147
1 9 686
1 12 1589
1 17 163
1 133 658
1 9 785
1 3 860
1 133 418
1 17 110
1 8 35
1 122 2439
1 47 93
1 7 2051
1 3 299
1 5 2182
1 11 374
1 133 603
1 11 98
1 47 258
1 11 936
1 61 860
1 7 366
1 6 500
1 8 2588
1 0 1657
1 89 396
1 7 398
1 20 1061
1 12 1380
1 5 1247
1 5 825
1 23 646
1 61 197
1 8 1914
1 0 550
1 7 655
1 29 1356
1 8 2154
1 7 502
1 3 1292
1 7 50
1 2 478
1 5 2125
1 12 164
1 6 201
1 2 538
1 133 2227
1 7 451
1 5 920
1 28 785
1 17 972
1 11 1267
1 6 552
1 11 512
1 28 874
1 133 1897
1 133 1740
1 12 1699
1 29 1452
1 20 36
1 17 950
1 29 2
1 20 2552
1 0 1053
1 7 5
1 28 43
1 3 491
1 20 127
1 3 2217
1 7 474
1 17 851
1 0 1016
1 29 4
1 11 2245
1 2 252
1 133 1561
1 0 1164
1 28 1225
1 3 38
1 17 827
1 3 18
1 89 202
1 9 141
1 7 138
1 61 205
1 61 1138
1 11 2467
1 89 1778
1 47 86
1 11 309
1 112 1365
1 133 359
1 112 1709
1 89 374
1 11 189
1 7 1911
1 17 518
1 29 1325
1 29 203
1 5 238
1 133 1505
1 28 337
1 765 9
1 7 2449
1 3 1014
1 7 1059
1 7 2111
1 7 1175
1 5 1488
1 133 214
1 7 890
1 2 872
1 11 2409
1 133 2321
1 6 244
1 17 894
1 20 22
1 122 2547
1 47 264
1 20 1651
1 7 177
1 133 613
1 17 83
1 13 438
1 20 400
1 67 2
1 7 1726
1 61 1160
1 20 1077
1 133 403
1 7 163
1 11 259
1 3 448
1 47 97
1 13 2144
1 28 331
1 29 1058
1 12 1713
1 29 966
1 6 62
1 17 186
1 112 275
1 9 4
1 7 617
1 9 777
1 12 398
1 11 665
1 6 87
1 7 918
1 28 509
1 9 918
1 28 215
1 28 367
1 133 2464
1 89 179
1 5 747
1 3 144
1 122 177
1 5 285
1 13 2309
1 29 1602
1 13 127
1 13 2109
1 7 1227
1 6 634
1 61 1148
1 3 993
1 8 22
1 133 534
1 13 2160
1 7 1962
1 112 955
1 11 76
1 5 1339
1 29 506
1 9 749
1 9 226
1 133 391
1 7 589
1 5 891
1 7 1751
1 17 940
1 89 232
1 2 759
1 7 1490
1 133 2226
1 0 1314
1 13 939
1 3 35
1 6 198
1 5 359
1 8 1088
1 3 776
1 20 1285
1 89 1324
1 61 1569
1 17 108
1 20 969
1 11 2231
1 3 1248
1 5 1960
1 133 353
1 11 1310
1 28 128
1 11 272
1 89 400
1 28 113
1 9 2192
1 61 1284
1 29 139
1 29 723
1 28 185
1 20 21
1 9 475
1 89 2049
1 2 1434
1 133 1644
1 6 110
1 8 1990
1 133 1204
1 89 488
1 11 92
1 47 243
1 7 571
1 29 1671
1 29 1248
1 11 284
1 61 1319
1 61 1546
1 11 331
1 13 2148
1 133 2369
1 7 1503
1 5 2623
1 28 616
1 7 2485
1 5 823
1 9 1228
1 61 533
1 9 1475
1 9 193
1 133 1038
1 3 1147
1 29 421
1 133 587
1 7 771
1 5 127
1 0 938
1 89 2041
1 3 893
1 7 102
1 28 1816
1 29 844
1 29 1868
1 12 918
1 122 68
1 133 21
1 7 2475
1 7 1158
1 122 617
1 2 539
1 112 165
1 20 96
1 11 733
1 8 2032
1 133 2493
1 8 2049
1 47 70
1 29 1103
1 11 446
1 7 1632
1 133 2465
1 17 43
1 122 2181
1 6 623
1 5 912
1 0 2
1 17 1490
1 8 1740
1 7 1492
1 11 423
1 29 524
1 9 1572
1 8 274
1 28 1162
1 7 2539
1 8 1285
1 20 1153
1 9 800
1 2 447
1 7 178
1 13 2156
1 12 378
1 20 138
1 3 118
1 9 1438
1 20 68
1 7 668
1 5 2213
1 133 169
1 47 81
1 2 344
1 3 1390
1 28 1372
1 5 1827
1 7 82
1 133 2093
1 9 525
1 7 2350
1 17 1266
1 133 269
1 17 118
1 12 693
1 13 2369
1 0 391
1 13 590
1 133 104
1 133 1251
1 11 93
1 8 238
1 20 436
1 8 97
1 17 2383
1 28 658
1 20 284
1 7 187
1 7 158
1 89 97
1 29 1528
1 112 491
1 7 2445
1 29 1549
1 122 2230
1 112 94
1 133 128
1 89 32
1 28 2461
1 8 1642
1 17 32
1 3 213
1 13 107
1 12 136
1 112 96
1 133 427
1 3 697
1 23 9
1 29 1414
1 3 1025
1 29 1445
1 28 1026
1 89 1815
1 9 875
1 122 993
1 3 2381
1 5 405
1 17 2113
1 3 97
1 133 1840
1 11 1717
1 12 35
1 9 1171
1 9 267
1 0 544
1 0 955
1 7 721
1 29 547
1 29 1360
1 29 1756
1 133 1381
1 0 857
1 5 131
1 29 1410
1 13 503
1 20 242
1 13 82
1 17 1217
1 5 100
1 5 2030
1 2 1508
1 12 2015
1 13 1593
1 11 62
1 133 105
1 13 2010
1 29 1488
1 20 531
1 6 63
1 47 135
1 20 101
1 8 628
1 112 1301
1 765 183
1 2 2480
1 20 586
1 9 1609
1 7 108
1 7 114
1 89 1561
1 28 975
1 12 42
1 12 1935
1 3 693
1 20 175
1 133 716
1 9 229
1 13 2121
1 133 2364
1 89 1158
1 13 110
1 61 496
1 11 1639
1 20 81
1 9 430
1 29 241
1 9 167
1 133 1789
1 133 724
1 3 1939
1 47 94
1 61 2444
1 7 499
1 20 60
1 89 1375
1 7 55
1 61 523
1 133 399
1 5 873
1 11 631
1 7 2586
1 7 489
1 28 2460
1 3 2569
1 20 1189
1 0 960
1 5 1081
1 2 2544
1 7 2622
1 133 352
1 7 630
1 89 617
1 61 1001
1 133 40
1 28 533
1 5 1964
1 3 1157
1 17 189
1 7 594
1 17 204
1 12 98
1 61 1298
1 133 287
1 61 301
1 7 1061
1 2 1124
1 29 1296
1 9 298
1 5 876
1 112 564
1 0 184
1 12 2
1 47 9
1 3 69
1 5 1156
1 5 2183
1 133 88
1 7 76
1 2 795
1 7 173
1 0 421
1 133 327
1 5 203
1 7 1080
1 47 173
1 11 887
1 9 985
1 20 82
1 7 2589
1 133 1906
1 11 708
1 61 1348
1 3 421
1 17 1566
1 133 163
1 9 135
1 6 666
1 17 269
1 11 443
1 133 2337
1 2 742
1 133 389
1 7 2454
1 7 405
1 29 1370
1 47 90
1 11 679
1 28 1248
1 11 926
1 89 163
1 12 2028
1 29 287
1 12 2036
1 133 1285
1 5 1102
1 11 66
1 89 972
1 133 533
1 8 96
1 9 696
1 5 57
1 11 622
1 47 337
1 12 147
1 9 1431
1 5 861
1 9 834
1 7 1405
1 12 1406
1 3 1691
1 112 509
1 20 421
1 17 2244
1 61 621
1 9 2014
1 3 361
1 9 1313
1 112 1024
1 5 2402
1 61 104
1 0 1226
1 11 164
1 8 203
1 11 239
1 89 1599
1 112 2086
1 2314 2
1 47 1045
1 20 941
1 2 2565
1 5 2188
1 61 139
1 11 245
1 20 1550
1 8 400
1 9 1
1 13 1583
1 7 42
1 3 853
1 2 339
1 7 88
1 133 1119
1 17 1233
1 133 1961
1 28 238
1 12 2013
1 89 19
1 9 255
1 0 1222
1 133 2225
1 133 82
1 9 2153
1 5 81
1 7 39
1 8 9
1 3 640
1 8 475
1 11 448
1 29 43
1 12 1
1 9 838
1 11 175
1 122 1051
1 47 2
1 112 2062
1 6 491
1 11 693
1 122 2502
1 7 99
1 0 71
1 47 229
1 61 632
1 17 981
1 133 1834
1 7 642
1 28 462
1 17 629
1 3 2241
1 133 827
1 47 1223
1 29 1530
1 3 107
1 13 173
1 8 600
1 8 1853
1 28 1799
1 0 284
1 7 1952
1 5 2420
1 17 1910
1 9 839
1 133 43
1 17 2242
1 7 2052
1 61 1426
1 2 2568
1 9 207
1 20 1173
1 133 1847
1 29 1396
1 8 173
1 20 168
1 5 322
1 9 297
1 11 2255
1 11 96
1 89 1081
1 89 4
1 0 1105
1 11 812
1 7 2408
1 28 457
1 5 2001
1 133 2389
1 9 496
1 7 497
1 7 1203
1 17 158
1 5 241
1 3 921
1 89 208
1 13 2613
1 20 1109
1 12 4
1 47 1389
1 7 1260
1 3 53
1 11 32
1 9 736
1 122 1800
1 28 812
1 133 356
1 2 871
1 11 1166
1 9 1794
1 7 367
1 17 331
1 61 1026
1 9 472
1 17 918
1 17 525
1 9 798
1 7 2563
1 47 1627
1 28 124
1 13 168
1 3 1785
1 7 1174
1 5 136
1 6 587
1 112 203
1 133 715
1 7 1038
1 9 2130
1 0 1235
1 11 412
1 0 96
1 11 1739
1 12 541
1 112 1053
1 133 608
1 0 561
1 8 2233
1 11 572
1 7 1859
1 29 881
1 61 1825
1 17 606
1 20 73
1 133 436
1 9 174
1 5 43
1 133 722
1 133 518
1 112 424
1 133 1375
1 89 436
1 9 361
1 47 66
1 7 744
1 11 85
1 7 1618
1 20 1092
1 13 2106
1 5 205
1 133 270
1 29 1465
1 5 782
1 7 684
1 5 185
1 20 349
1 47 98
1 20 1734
1 17 1228
1 89 1119
1 133 692
1 8 179
1 47 1119
1 12 1617
1 17 1232
1 11 2456
1 23 514
1 11 105
1 12 189
1 133 347
1 29 1242
1 133 1899
1 9 209
1 11 475
1 133 2008
1 5 862
1 47 53
1 0 921
1 28 810
1 5 1969
1 29 174
1 5 545
1 12 550
1 7 1901
1 61 2313
1 9 1295
1 5 654
1 133 2307
1 133 405
1 112 475
1 13 700
1 20 286
1 2 575
1 13 2395
1 28 1853
1 5 770
1 0 1221
1 133 1755
1 20 998
1 5 1547
1 12 1703
1 133 186
1 89 1153
1 5 93
1 5 878
1 7 2246
1 5 407
1 5 286
1 5 1950
1 2 1322
1 7 889
1 47 1178
1 20 2456
1 5 213
1 29 699
1 133 398
1 89 1318
1 2 2628
1 20 1134
1 89 1661
1 11 217
1 6 596
1 133 243
1 13 1852
1 9 1912
1 5 129
1 8 4
1 3 1572
1 133 1568
1 61 641
1 7 219
1 6 878
1 0 1484
1 3 2384
1 9 606
1 112 331
1 12 105
1 5 1158
1 7 550
1 3 844
1 2 1510
1 7 1568
1 5 2186
1 61 1544
1 8 2625
1 2 159
1 7 2457
1 7 1921
1 7 1998
1 29 1407
1 17 227
1 29 1062
1 12 619
1 7 303
1 20 1097
1 9 480
1 133 355
1 61 616
1 61 286
1 6 181
1 47 104
1 122 1646
1 8 267
1 12 184
1 7 545
1 29 127
1 29 1605
1 29 898
1 7 1307
1 7 1546
1 8 124
1 133 1473
1 7 909
1 89 121
1 2 1085
1 17 2398
1 61 1503
1 12 2059
1 9 168
1 7 2554
1 89 1159
1 133 2536
1 7 146
1 7 822
1 5 2101
1 7 182
1 17 734
1 29 1366
1 11 2332
1 28 726
1 0 44
1 133 1726
1 47 185
1 20 1081
1 7 407
1 29 1482
1 5 1991
1 122 175
1 133 95
1 89 1765
1 2 1559
1 3 123
1 133 310
1 3 39
1 47 346
1 29 1797
1 20 2551
1 17 1013
1 29 1694
1 29 396
1 133 179
1 5 821
1 9 412
1 9 814
1 5 303
1 7 402
1 3 147
1 112 75
1 9 331
1 5 1192
1 3 2458
1 89 1616
1 61 224
1 5 2423
1 47 1245
1 28 1061
1 61 94
1 13 2165
1 28 1329
1 133 174
1 133 173
1 133 314
1 20 1084
1 17 828
1 133 2297
1 17 720
1 7 449
1 8 55
1 112 1707
1 5 918
1 20 143
1 112 931
1 9 855
1 47 52
1 5 1059
1 8 119
1 29 798
1 133 1275
1 7 1017
1 133 711
1 0 102
1 13 50
1 17 2411
1 3 2311
1 0 906
1 7 1108
1 133 2094
1 29 609
1 3 197
1 112 1807
1 2 2477
1 7 43
1 5 1529
1 47 1017
1 17 68
1 11 1446
1 112 407
1 9 124
1 17 2558
1 5 1761
1 9 581
1 17 976
1 9 254
1 11 2036
1 11 276
1 7 142
1 7 1796
1 89 1296
1 12 906
1 2 1346
1 112 1416
1 133 375
1 17 1717
1 61 640
1 7 705
1 9 863
1 12 640
1 3 955
1 8 893
1 47 38
1 133 830
1 28 2500
1 29 189
1 8 1055
1 133 2535
1 7 150
1 2 373
1 47 1184
1 133 2100
1 133 2351
1 89 1478
1 133 2534
1 61 86
1 17 824
1 8 2158
1 17 1493
1 28 1551
1 133 2251
1 61 782
1 112 612
1 112 72
1 20 1105
1 133 395
1 3 1183
1 9 1878
1 9 2275
1 29 1926
1 8 169
1 133 731
1 47 276
1 6 468
1 0 953
1 5 774
1 5 2055
1 5 1603
1 112 684
1 5 2211
1 29 146
1 3 972
1 3 189
1 133 377
1 61 349
1 133 2540
1 5 2216
1 133 2608
1 11 118
1 89 1469
1 28 285
1 5 35
1 61 429
1 12 400
1 29 774
1 12 180
1 0 1007
1 6 48
1 0 158
1 61 1269
1 29 1042
1 112 1539
1 2 2373
1 8 2117
1 112 434
1 112 1137
1 0 1022
1 17 930
1 2 882
1 5 1842
1 28 1242
1 61 700
1 5 1944
1 7 1895
1 7 201
1 2 1320
1 61 1263
1 20 95
1 29 1479
1 7 269
1 2 741
1 112 930
1 13 128
1 9 405
1 7 2453
1 13 1648
1 20 1545
1 11 180
1 5 2022
1 6 436
1 7 193
1 133 2263
1 89 2082
1 23 84
1 61 587
1 9 491
1 28 449
1 61 1354
1 9 973
1 7 2555
1 28 781
1 89 819
1 5 486
1 29 1537
1 23 1798
1 17 531
1 133 2349
1 5 2404
1 9 434
1 7 211
1 11 1523
1 12 242
1 112 1361
1 5 1810
1 17 188
1 133 1766
1 7 458
1 8 851
1 6 233
1 61 1514
1 20 367
1 2401 2
1 47 400
1 7 551
1 2 1107
1 5 436
1 7 2591
1 89 1100
1 7 391
1 3 1286
1 0 612
1 61 213
1 89 2003
1 7 1876
1 89 857
1 20 1115
1 7 780
1 28 952
1 3 211
1 8 2310
1 5 348
1 8 2570
1 9 170
1 7 403
1 23 2
1 133 2336
1 17 462
1 133 2498
1 28 873
1 7 436
1 133 2388
1 11 635
1 7 968
1 2 880
1 6 283
1 7 639
1 12 1391
1 112 1601
1 29 180
1 61 1384
1 12 32
1 17 1017
1 133 893
1 7 723
1 20 110
1 9 774
1 7 1025
1 11 541
1 11 798
1 112 1680
1 7 2505
1 9 830
1 7 901
1 2 149
1 723 1695
1 20 4
1 12 1706
1 7 694
1 5 1449
1 20 618
1 12 2045
1 61 1047
1 28 242
1 2 2618
1 5 1030
1 5 1612
1 11 2206
1 13 138
1 89 870
1 133 2254
1 7 2206
1 47 145
1 9 579
1 7 2049
1 5 2098
1 133 435
1 11 401
1 17 915
1 112 22
1 112 2047
1 2 2239
1 5 2176
1 17 1141
1 7 1943
1 2 150
1 17 2488
1 47 595
1 5 121
1 47 1194
1 0 198
1 15 0
1 20 1476
1 20 1478
1 17 355
1 7 2191
1 5 201
1 20 392
1 122 1112
1 122 204
1 9 890
1 7 1361
1 12 1814
1 2 804
1 8 277
1 7 171
1 61 2
1 9 1750
1 17 2
1 2 341
1 3 2247
1 61 914
1 7 1152
1 5 42
1 2 1489
1 133 286
1 5 1502
1 3 1024
1 28 1546
1 0 1143
1 3 158
1 89 1353
1 28 102
1 5 364
1 28 254
1 9 2550
1 133 2
1 3 995
1 9 481
1 89 513
1 5 887
1 9 300
1 0 911
1 7 307
1 89 1805
1 12 2006
1 7 1505
1 7 651
1 133 602
1 20 1020
1 89 1388
1 675 181
1 28 1549
1 47 184
1 3 367
1 6 497
1 133 1036
1 11 69
1 17 367
1 29 1714
1 0 441
1 61 1882
1 9 817
1 133 517
1 3 1538
1 2 867
1 7 494
1 122 128
1 61 909
1 7 481
1 8 737
1 29 1361
1 20 642
1 47 301
1 17 454
1 17 812
1 7 1333
1 0 965
1 13 745
1 7 1160
1 17 853
1 11 408
1 11 196
1 17 929
1 12 412
1 0 464
1 764 11
1 133 59
1 7 2446
1 11 582
1 115 2083
1 9 842
1 13 1134
1 61 15
1 7 2248
1 29 518
1 61 128
1 12 1989
1 9 427
1 17 2138
1 28 1522
1 9 182
1 9 2
1 9 1169
1 5 173
1 89 518
1 7 1063
1 0 852
1 6 286
1 133 441
1 6 645
1 17 1033
1 133 2223
1 11 197
1 3 1262
1 89 1667
1 133 2358
1 12 1575
1 133 198
1 7 358
1 17 1015
1 5 560
1 20 1021
1 9 1773
1 7 40
1 5 84
1 5 877
1 2 251
1 7 1294
1 47 658
1 2 1123
1 8 42
1 29 169
1 7 824
1 7 928
1 20 113
1 61 2479
1 133 2527
1 89 1390
1 7 923
1 5 1055
1 7 1848
1 2 1409
1 691 7
1 28 1246
1 28 1053
1 3 585
1 89 1614
1 29 1151
1 12 769
1 89 918
1 122 107
1 8 2542
1 47 737
1 2 743
1 17 18
1 28 1541
1 3 102
1 20 196
1 17 1828
1 12 1685
1 115 568
1 133 303
1 89 1633
1 28 2624
1 7 101
1 3 88
1 28 1889
1 89 1863
1 8 1823
1 9 698
1 133 1676
1 89 83
1 7 2325
1 29 610
1 2 380
1 8 1195
1 12 150
1 17 977
1 12 972
1 29 454
1 122 565
1 7 672
1 2 1904
1 3 145
1 61 1029
1 133 1898
1 9 1746
1 29 297
1 11 210
1 17 1220
1 8 1376
1 5 974
1 28 359
1 61 206
1 5 1594
1 7 452
1 29 1574
1 61 2427
1 133 180
1 20 507
1 3 2279
1 133 2339
1 12 173
1 5 1637
1 3 641
1 11 968
1 29 1675
1 2 74
1 7 2023
1 3 1861
1 12 1944
1 11 131
1 112 1812
1 0 973
1 17 2355
1 13 2147
1 29 1681
1 89 864
1 29 1400
1 8 2163
1 7 118
1 7 616
1 7 1103
1 61 1525
1 7 682
1 29 890
1 29 902
1 17 448
1 7 2415
1 12 2074
1 8 2171
1 8 1094
1 3 2599
1 133 2530
1 47 1301
1 133 60
1 7 628
1 7 1282
1 89 76
1 61 1647
1 8 2150
1 0 445
1 9 692
1 29 497
1 17 1843
1 17 723
1 7 853
1 9 302
1 765 7
1 61 1765
1 7 359
1 9 542
1 61 19
1 47 412
1 2 371
1 133 32
1 3 2491
1 29 1696
1 29 1653
1 17 543
1 61 97
1 133 167
1 7 562
1 5 553
1 29 407
1 11 278
1 17 35
1 89 1563
1 8 810
1 20 1577
1 61 2417
1 11 1752
1 17 626
1 122 658
1 13 1710
1 17 472
1 133 644
1 20 51
1 133 129
1 6 199
1 89 2033
1 61 1896
1 5 524
1 5 255
1 17 436
1 61 1318
1 122 2291
1 2 381
1 0 360
1 5 606
1 133 1310
1 3 435
1 47 36
1 29 168
1 61 1153
1 20 178
1 13 2282
1 47 117
1 2 2566
1 9 981
1 61 1504
1 112 1786
1 29 247
1 11 422
1 5 34
1 9 810
1 0 436
1 17 398
1 133 58
1 3 51
1 12 1401
1 89 1381
1 5 457
1 13 1028
1 5 1207
1 20 1546
1 112 2085
1 11 553
1 5 1746
1 9 613
1 11 179
1 2 351
1 0 374
1 11 198
1 6 470
1 12 1042
1 11 2140
1 29 1431
1 133 2306
1 6 228
1 11 502
1 12 1004
1 7 198
1 17 2433
1 61 1287
1 133 114
1 9 815
1 29 232
1 3 1291
1 7 564
1 3 198
1 12 1780
1 7 2126
1 29 1348
1 61 2293
1 5 573
1 2 2128
1 112 176
1 28 843
1 3 1108
1 12 2065
1 47 289
1 764 7
1 17 196
1 133 2108
1 20 410
1 89 1665
1 47 77
1 12 178
1 5 1907
1 3 1535
1 133 388
1 5 2057
1 7 519
1 112 1975
1 28 893
1 0 952
1 17 581
1 20 158
1 5 199
1 11 472
1 8 785
1 5 889
1 61 1168
1 7 1348
1 7 164
1 29 1331
1 17 655
1 8 1205
1 61 1159
1 7 427
1 5 509
1 89 403
1 20 1191
1 2 1485
1 112 891
1 89 1316
1 112 1546
1 122 1587
1 0 549
1 28 274
1 7 1935
1 47 480
1 29 435
1 7 203
1 11 1023
1 13 20
1 17 1234
1 3 968
1 3 360
1 6 526
1 20 1068
1 61 798
1 13 928
1 20 40
1 29 1371
1 29 942
1 12 127
1 61 178
1 7 96
1 3 1027
1 3 95
1 28 202
1 28 942
1 29 1670
1 7 1932
1 28 798
1 9 461
1 7 127
1 12 770
1 7 117
1 133 2578
1 61 203
1 28 192
1 20 409
1 17 1774
1 3 206
1 61 225
1 7 2595
1 28 876
1 28 1894
1 7 2032
1 112 1276
1 133 2178
1 13 109
1 7 95
1 133 2219
1 47 1198
1 122 2290
1 29 1303
1 20 88
1 7 1366
1 8 228
1 6 2105
1 29 33
1 7 1369
1 20 1128
1 6 498
1 0 2193
1 61 1339
1 23 95
1 9 1655
1 11 1043
1 13 2256
1 28 497
1 133 2367
1 29 1655
1 17 1483
1 122 9
1 61 1731
1 723 2
1 89 1241
1 29 1205
1 28 127
1 47 1100
1 13 1167
1 2 753
1 9 1993
1 89 1300
1 13 1343
1 89 1030
1 89 1875
1 0 1588
1 133 2466
1 61 1162
1 7 2380
1 133 131
1 20 53
1 112 1683
1 0 696
1 2 370
1 17 1735
1 11 504
1 28 513
1 133 2407
1 12 1597
1 47 612
1 0 855
1 9 1772
1 12 155
1 11 2327
1 13 2393
1 133 204
1 7 2520
1 0 246
1 11 1071
1 2 2571
1 13 425
1 8 982
1 9 768
1 12 82
1 7 2074
1 89 35
1 29 1379
1 5 989
1 7 2458
1 5 870
1 13 1290
1 3 182
1 7 348
1 61 201
1 29 206
1 2 900
1 7 283
1 28 1136
1 112 1808
1 20 1098
1 7 592
1 17 2129
1 9 531
1 7 701
1 3 581
1 12 198
1 47 1289
1 133 655
1 89 785
1 28 4
1 133 2585
1 28 366
1 112 1219
1 7 2553
1 112 1787
1 89 1615
1 8 1571
1 12 1538
1 2 2304
1 11 2296
1 17 427
1 17 1634
1 89 43
1 61 53
1 5 15
1 29 1351
1 29 706
1 7 332
1 133 825
1 7 1151
1 5 139
1 7 259
1 47 203
1 89 1029
1 17 5
1 9 2469
1 7 1147
1 7 1957
1 61 1240
1 28 472
1 61 628
1 11 114
1 29 1425
1 0 25
1 47 1106
1 11 247
1 7 1239
1 17 1001
1 89 2027
1 28 360
1 9 489
1 112 173
1 89 2
1 7 185
1 0 1130
1 9 260
1 17 973
1 11 219
1 47 862
1 6 307
1 764 122
1 9 1947
1 12 1901
1 133 625
1 0 769
1 112 1429
1 9 200
1 7 746
1 28 1544
1 20 285
1 89 1668
1 112 32
1 133 1061
1 47 78
1 8 480
1 29 1664
1 5 1607
1 12 1747
1 13 73
1 9 186
1 12 298
1 12 104
1 29 1444
1 61 21
1 3 1265
1 28 69
1 5 999
1 2 1497
1 11 2487
1 12 852
1 28 1086
1 0 721
1 20 56
1 3 587
1 0 1166
1 2512 2
1 7 498
1 7 1437
1 2 752
1 89 1921
1 17 38
1 5 699
1 28 1187
1 29 1600
1 7 2575
1 112 981
1 11 230
1 7 93
1 13 1060
1 17 736
1 7 1931
1 23 2025
1 8 15
1 28 1213
1 133 1754
1 3 193
1 61 1518
1 61 1066
1 7 840
1 5 1286
1 17 928
1 5 101
1 28 1518
1 28 142
1 133 387
1 20 199
1 5 581
1 133 2020
1 20 1219
1 7 1570
1 133 2353
1 133 1911
1 5 986
1 29 996
1 28 550
1 17 1177
1 0 492
1 17 1236
1 112 177
1 28 921
